0,0,-2.643132787799
0,1,-1.435913910625
0,2,-0.713004967364
0,3, 0.000000000000
0,4, 0.000000000000
0,5,-0.118030167629
0,6, 0.000000000000
0,7, 0.000000000000
0,8,-0.079679449349
0,9, 0.000000000000
0,10, 0.000000000000
0,11,-0.048270444194
0,12, 0.000000000000
0,13, 0.000000000000
0,14,-0.214826801274
0,15,-0.578219205266
0,16,-0.517502995246
0,17, 0.000000000000
0,18, 0.000000000000
0,19, 0.396324351040
0,20, 0.000000000000
0,21, 0.000000000000
0,22, 1.002455224020
0,23, 0.000000000000
0,24, 0.000000000000
0,25,-0.746473879705
0,26, 0.000000000000
0,27, 0.000000000000
1,0,-1.435913910625
1,1,-1.425815586347
1,2,-0.967989637947
1,3, 0.000000000000
1,4, 0.000000000000
1,5,-0.132914711818
1,6, 0.000000000000
1,7, 0.000000000000
1,8,-0.204133055320
1,9, 0.000000000000
1,10, 0.000000000000
1,11,-0.103447595794
1,12, 0.000000000000
1,13, 0.000000000000
1,14,-0.578219205266
1,15,-0.857497734951
1,16,-0.770666324557
1,17, 0.000000000000
1,18, 0.000000000000
1,19, 0.440317166577
1,20, 0.000000000000
1,21, 0.000000000000
1,22, 0.900098567983
1,23, 0.000000000000
1,24, 0.000000000000
1,25,-0.388859344448
1,26, 0.000000000000
1,27, 0.000000000000
2,0,-0.713004967364
2,1,-0.967989637947
2,2,-0.921915781972
2,3, 0.000000000000
2,4, 0.000000000000
2,5,-0.078358052238
2,6, 0.000000000000
2,7, 0.000000000000
2,8,-0.177953760643
2,9, 0.000000000000
2,10, 0.000000000000
2,11,-0.074964559301
2,12, 0.000000000000
2,13, 0.000000000000
2,14,-0.517502995246
2,15,-0.770666324557
2,16,-0.804117111267
2,17, 0.000000000000
2,18, 0.000000000000
2,19, 0.178640118238
2,20, 0.000000000000
2,21, 0.000000000000
2,22, 0.442304955828
2,23, 0.000000000000
2,24, 0.000000000000
2,25,-0.122987541681
2,26, 0.000000000000
2,27, 0.000000000000
3,0, 0.000000000000
3,1, 0.000000000000
3,2, 0.000000000000
3,3,-1.767077273005
3,4, 0.000000000000
3,5, 0.000000000000
3,6,-0.921077523185
3,7, 0.000000000000
3,8, 0.000000000000
3,9, 0.000000000000
3,10, 0.000000000000
3,11, 0.000000000000
3,12,-0.095270094980
3,13, 0.000000000000
3,14, 0.000000000000
3,15, 0.000000000000
3,16, 0.000000000000
3,17,-0.143060993165
3,18, 0.000000000000
3,19, 0.000000000000
3,20,-0.324085444007
3,21, 0.000000000000
3,22, 0.000000000000
3,23, 0.000000000000
3,24, 0.000000000000
3,25, 0.000000000000
3,26, 0.429260987496
3,27, 0.000000000000
4,0, 0.000000000000
4,1, 0.000000000000
4,2, 0.000000000000
4,3, 0.000000000000
4,4,-1.767077273005
4,5, 0.000000000000
4,6, 0.000000000000
4,7,-0.921077523185
4,8, 0.000000000000
4,9, 0.000000000000
4,10,-0.095270094980
4,11, 0.000000000000
4,12, 0.000000000000
4,13, 0.000000000000
4,14, 0.000000000000
4,15, 0.000000000000
4,16, 0.000000000000
4,17, 0.000000000000
4,18,-0.143060993165
4,19, 0.000000000000
4,20, 0.000000000000
4,21,-0.324085444007
4,22, 0.000000000000
4,23, 0.000000000000
4,24, 0.429260987496
4,25, 0.000000000000
4,26, 0.000000000000
4,27, 0.000000000000
5,0,-0.118030167629
5,1,-0.132914711818
5,2,-0.078358052238
5,3, 0.000000000000
5,4, 0.000000000000
5,5,-1.847194236176
5,6, 0.000000000000
5,7, 0.000000000000
5,8,-0.996364437021
5,9, 0.000000000000
5,10, 0.000000000000
5,11,-0.166377789936
5,12, 0.000000000000
5,13, 0.000000000000
5,14,-0.396324351040
5,15,-0.440317166577
5,16,-0.178640118238
5,17, 0.000000000000
5,18, 0.000000000000
5,19, 0.652603402083
5,20, 0.000000000000
5,21, 0.000000000000
5,22, 0.484428500829
5,23, 0.000000000000
5,24, 0.000000000000
5,25,-0.687925423031
5,26, 0.000000000000
5,27, 0.000000000000
6,0, 0.000000000000
6,1, 0.000000000000
6,2, 0.000000000000
6,3,-0.921077523185
6,4, 0.000000000000
6,5, 0.000000000000
6,6,-1.100940117296
6,7, 0.000000000000
6,8, 0.000000000000
6,9, 0.000000000000
6,10, 0.000000000000
6,11, 0.000000000000
6,12,-0.105695679465
6,13, 0.000000000000
6,14, 0.000000000000
6,15, 0.000000000000
6,16, 0.000000000000
6,17,-0.324085444007
6,18, 0.000000000000
6,19, 0.000000000000
6,20,-0.587995029327
6,21, 0.000000000000
6,22, 0.000000000000
6,23, 0.000000000000
6,24, 0.000000000000
6,25, 0.000000000000
6,26, 0.414118242900
6,27, 0.000000000000
7,0, 0.000000000000
7,1, 0.000000000000
7,2, 0.000000000000
7,3, 0.000000000000
7,4,-0.921077523185
7,5, 0.000000000000
7,6, 0.000000000000
7,7,-1.100940117296
7,8, 0.000000000000
7,9, 0.000000000000
7,10,-0.105695679465
7,11, 0.000000000000
7,12, 0.000000000000
7,13, 0.000000000000
7,14, 0.000000000000
7,15, 0.000000000000
7,16, 0.000000000000
7,17, 0.000000000000
7,18,-0.324085444007
7,19, 0.000000000000
7,20, 0.000000000000
7,21,-0.587995029327
7,22, 0.000000000000
7,23, 0.000000000000
7,24, 0.414118242900
7,25, 0.000000000000
7,26, 0.000000000000
7,27, 0.000000000000
8,0,-0.079679449349
8,1,-0.204133055320
8,2,-0.177953760643
8,3, 0.000000000000
8,4, 0.000000000000
8,5,-0.996364437021
8,6, 0.000000000000
8,7, 0.000000000000
8,8,-1.287252078303
8,9, 0.000000000000
8,10, 0.000000000000
8,11,-0.225977656316
8,12, 0.000000000000
8,13, 0.000000000000
8,14,-1.002455224020
8,15,-0.900098567983
8,16,-0.442304955828
8,17, 0.000000000000
8,18, 0.000000000000
8,19, 0.484428500829
8,20, 0.000000000000
8,21, 0.000000000000
8,22, 0.356572009961
8,23, 0.000000000000
8,24, 0.000000000000
8,25,-0.121306084321
8,26, 0.000000000000
8,27, 0.000000000000
9,0, 0.000000000000
9,1, 0.000000000000
9,2, 0.000000000000
9,3, 0.000000000000
9,4, 0.000000000000
9,5, 0.000000000000
9,6, 0.000000000000
9,7, 0.000000000000
9,8, 0.000000000000
9,9,-1.342864989208
9,10, 0.000000000000
9,11, 0.000000000000
9,12, 0.000000000000
9,13, 0.000000000000
9,14, 0.000000000000
9,15, 0.000000000000
9,16, 0.000000000000
9,17, 0.000000000000
9,18, 0.000000000000
9,19, 0.000000000000
9,20, 0.000000000000
9,21, 0.000000000000
9,22, 0.000000000000
9,23,-0.215551245260
9,24, 0.000000000000
9,25, 0.000000000000
9,26, 0.000000000000
9,27, 0.000000000000
10,0, 0.000000000000
10,1, 0.000000000000
10,2, 0.000000000000
10,3, 0.000000000000
10,4,-0.095270094980
10,5, 0.000000000000
10,6, 0.000000000000
10,7,-0.105695679465
10,8, 0.000000000000
10,9, 0.000000000000
10,10,-1.414100433655
10,11, 0.000000000000
10,12, 0.000000000000
10,13, 0.000000000000
10,14, 0.000000000000
10,15, 0.000000000000
10,16, 0.000000000000
10,17, 0.000000000000
10,18,-0.429260987496
10,19, 0.000000000000
10,20, 0.000000000000
10,21,-0.414118242900
10,22, 0.000000000000
10,23, 0.000000000000
10,24, 0.672364803048
10,25, 0.000000000000
10,26, 0.000000000000
10,27, 0.000000000000
11,0,-0.048270444194
11,1,-0.103447595794
11,2,-0.074964559301
11,3, 0.000000000000
11,4, 0.000000000000
11,5,-0.166377789936
11,6, 0.000000000000
11,7, 0.000000000000
11,8,-0.225977656316
11,9, 0.000000000000
11,10, 0.000000000000
11,11,-1.513503584727
11,12, 0.000000000000
11,13, 0.000000000000
11,14,-0.746473879705
11,15,-0.388859344448
11,16,-0.122987541681
11,17, 0.000000000000
11,18, 0.000000000000
11,19, 0.687925423031
11,20, 0.000000000000
11,21, 0.000000000000
11,22, 0.121306084321
11,23, 0.000000000000
11,24, 0.000000000000
11,25,-0.267629816938
11,26, 0.000000000000
11,27, 0.000000000000
12,0, 0.000000000000
12,1, 0.000000000000
12,2, 0.000000000000
12,3,-0.095270094980
12,4, 0.000000000000
12,5, 0.000000000000
12,6,-0.105695679465
12,7, 0.000000000000
12,8, 0.000000000000
12,9, 0.000000000000
12,10, 0.000000000000
12,11, 0.000000000000
12,12,-1.414100433655
12,13, 0.000000000000
12,14, 0.000000000000
12,15, 0.000000000000
12,16, 0.000000000000
12,17,-0.429260987496
12,18, 0.000000000000
12,19, 0.000000000000
12,20,-0.414118242900
12,21, 0.000000000000
12,22, 0.000000000000
12,23, 0.000000000000
12,24, 0.000000000000
12,25, 0.000000000000
12,26, 0.672364803048
12,27, 0.000000000000
13,0, 0.000000000000
13,1, 0.000000000000
13,2, 0.000000000000
13,3, 0.000000000000
13,4, 0.000000000000
13,5, 0.000000000000
13,6, 0.000000000000
13,7, 0.000000000000
13,8, 0.000000000000
13,9, 0.000000000000
13,10, 0.000000000000
13,11, 0.000000000000
13,12, 0.000000000000
13,13,-1.342864989208
13,14, 0.000000000000
13,15, 0.000000000000
13,16, 0.000000000000
13,17, 0.000000000000
13,18, 0.000000000000
13,19, 0.000000000000
13,20, 0.000000000000
13,21, 0.000000000000
13,22, 0.000000000000
13,23, 0.000000000000
13,24, 0.000000000000
13,25, 0.000000000000
13,26, 0.000000000000
13,27,-0.215551245260
14,0,-0.214826801274
14,1,-0.578219205266
14,2,-0.517502995246
14,3, 0.000000000000
14,4, 0.000000000000
14,5,-0.396324351040
14,6, 0.000000000000
14,7, 0.000000000000
14,8,-1.002455224020
14,9, 0.000000000000
14,10, 0.000000000000
14,11,-0.746473879705
14,12, 0.000000000000
14,13, 0.000000000000
14,14,-2.643132787799
14,15,-1.435913910625
14,16,-0.713004967364
14,17, 0.000000000000
14,18, 0.000000000000
14,19, 0.118030167629
14,20, 0.000000000000
14,21, 0.000000000000
14,22, 0.079679449349
14,23, 0.000000000000
14,24, 0.000000000000
14,25,-0.048270444194
14,26, 0.000000000000
14,27, 0.000000000000
15,0,-0.578219205266
15,1,-0.857497734951
15,2,-0.770666324557
15,3, 0.000000000000
15,4, 0.000000000000
15,5,-0.440317166577
15,6, 0.000000000000
15,7, 0.000000000000
15,8,-0.900098567983
15,9, 0.000000000000
15,10, 0.000000000000
15,11,-0.388859344448
15,12, 0.000000000000
15,13, 0.000000000000
15,14,-1.435913910625
15,15,-1.425815586347
15,16,-0.967989637947
15,17, 0.000000000000
15,18, 0.000000000000
15,19, 0.132914711818
15,20, 0.000000000000
15,21, 0.000000000000
15,22, 0.204133055320
15,23, 0.000000000000
15,24, 0.000000000000
15,25,-0.103447595794
15,26, 0.000000000000
15,27, 0.000000000000
16,0,-0.517502995246
16,1,-0.770666324557
16,2,-0.804117111267
16,3, 0.000000000000
16,4, 0.000000000000
16,5,-0.178640118238
16,6, 0.000000000000
16,7, 0.000000000000
16,8,-0.442304955828
16,9, 0.000000000000
16,10, 0.000000000000
16,11,-0.122987541681
16,12, 0.000000000000
16,13, 0.000000000000
16,14,-0.713004967364
16,15,-0.967989637947
16,16,-0.921915781972
16,17, 0.000000000000
16,18, 0.000000000000
16,19, 0.078358052238
16,20, 0.000000000000
16,21, 0.000000000000
16,22, 0.177953760643
16,23, 0.000000000000
16,24, 0.000000000000
16,25,-0.074964559301
16,26, 0.000000000000
16,27, 0.000000000000
17,0, 0.000000000000
17,1, 0.000000000000
17,2, 0.000000000000
17,3,-0.143060993165
17,4, 0.000000000000
17,5, 0.000000000000
17,6,-0.324085444007
17,7, 0.000000000000
17,8, 0.000000000000
17,9, 0.000000000000
17,10, 0.000000000000
17,11, 0.000000000000
17,12,-0.429260987496
17,13, 0.000000000000
17,14, 0.000000000000
17,15, 0.000000000000
17,16, 0.000000000000
17,17,-1.767077273005
17,18, 0.000000000000
17,19, 0.000000000000
17,20,-0.921077523185
17,21, 0.000000000000
17,22, 0.000000000000
17,23, 0.000000000000
17,24, 0.000000000000
17,25, 0.000000000000
17,26, 0.095270094980
17,27, 0.000000000000
18,0, 0.000000000000
18,1, 0.000000000000
18,2, 0.000000000000
18,3, 0.000000000000
18,4,-0.143060993165
18,5, 0.000000000000
18,6, 0.000000000000
18,7,-0.324085444007
18,8, 0.000000000000
18,9, 0.000000000000
18,10,-0.429260987496
18,11, 0.000000000000
18,12, 0.000000000000
18,13, 0.000000000000
18,14, 0.000000000000
18,15, 0.000000000000
18,16, 0.000000000000
18,17, 0.000000000000
18,18,-1.767077273005
18,19, 0.000000000000
18,20, 0.000000000000
18,21,-0.921077523185
18,22, 0.000000000000
18,23, 0.000000000000
18,24, 0.095270094980
18,25, 0.000000000000
18,26, 0.000000000000
18,27, 0.000000000000
19,0, 0.396324351040
19,1, 0.440317166577
19,2, 0.178640118238
19,3, 0.000000000000
19,4, 0.000000000000
19,5, 0.652603402083
19,6, 0.000000000000
19,7, 0.000000000000
19,8, 0.484428500829
19,9, 0.000000000000
19,10, 0.000000000000
19,11, 0.687925423031
19,12, 0.000000000000
19,13, 0.000000000000
19,14, 0.118030167629
19,15, 0.132914711818
19,16, 0.078358052238
19,17, 0.000000000000
19,18, 0.000000000000
19,19,-1.847194236176
19,20, 0.000000000000
19,21, 0.000000000000
19,22,-0.996364437021
19,23, 0.000000000000
19,24, 0.000000000000
19,25, 0.166377789936
19,26, 0.000000000000
19,27, 0.000000000000
20,0, 0.000000000000
20,1, 0.000000000000
20,2, 0.000000000000
20,3,-0.324085444007
20,4, 0.000000000000
20,5, 0.000000000000
20,6,-0.587995029327
20,7, 0.000000000000
20,8, 0.000000000000
20,9, 0.000000000000
20,10, 0.000000000000
20,11, 0.000000000000
20,12,-0.414118242900
20,13, 0.000000000000
20,14, 0.000000000000
20,15, 0.000000000000
20,16, 0.000000000000
20,17,-0.921077523185
20,18, 0.000000000000
20,19, 0.000000000000
20,20,-1.100940117296
20,21, 0.000000000000
20,22, 0.000000000000
20,23, 0.000000000000
20,24, 0.000000000000
20,25, 0.000000000000
20,26, 0.105695679465
20,27, 0.000000000000
21,0, 0.000000000000
21,1, 0.000000000000
21,2, 0.000000000000
21,3, 0.000000000000
21,4,-0.324085444007
21,5, 0.000000000000
21,6, 0.000000000000
21,7,-0.587995029327
21,8, 0.000000000000
21,9, 0.000000000000
21,10,-0.414118242900
21,11, 0.000000000000
21,12, 0.000000000000
21,13, 0.000000000000
21,14, 0.000000000000
21,15, 0.000000000000
21,16, 0.000000000000
21,17, 0.000000000000
21,18,-0.921077523185
21,19, 0.000000000000
21,20, 0.000000000000
21,21,-1.100940117296
21,22, 0.000000000000
21,23, 0.000000000000
21,24, 0.105695679465
21,25, 0.000000000000
21,26, 0.000000000000
21,27, 0.000000000000
22,0, 1.002455224020
22,1, 0.900098567983
22,2, 0.442304955828
22,3, 0.000000000000
22,4, 0.000000000000
22,5, 0.484428500829
22,6, 0.000000000000
22,7, 0.000000000000
22,8, 0.356572009961
22,9, 0.000000000000
22,10, 0.000000000000
22,11, 0.121306084321
22,12, 0.000000000000
22,13, 0.000000000000
22,14, 0.079679449349
22,15, 0.204133055320
22,16, 0.177953760643
22,17, 0.000000000000
22,18, 0.000000000000
22,19,-0.996364437021
22,20, 0.000000000000
22,21, 0.000000000000
22,22,-1.287252078303
22,23, 0.000000000000
22,24, 0.000000000000
22,25, 0.225977656316
22,26, 0.000000000000
22,27, 0.000000000000
23,0, 0.000000000000
23,1, 0.000000000000
23,2, 0.000000000000
23,3, 0.000000000000
23,4, 0.000000000000
23,5, 0.000000000000
23,6, 0.000000000000
23,7, 0.000000000000
23,8, 0.000000000000
23,9,-0.215551245260
23,10, 0.000000000000
23,11, 0.000000000000
23,12, 0.000000000000
23,13, 0.000000000000
23,14, 0.000000000000
23,15, 0.000000000000
23,16, 0.000000000000
23,17, 0.000000000000
23,18, 0.000000000000
23,19, 0.000000000000
23,20, 0.000000000000
23,21, 0.000000000000
23,22, 0.000000000000
23,23,-1.342864989208
23,24, 0.000000000000
23,25, 0.000000000000
23,26, 0.000000000000
23,27, 0.000000000000
24,0, 0.000000000000
24,1, 0.000000000000
24,2, 0.000000000000
24,3, 0.000000000000
24,4, 0.429260987496
24,5, 0.000000000000
24,6, 0.000000000000
24,7, 0.414118242900
24,8, 0.000000000000
24,9, 0.000000000000
24,10, 0.672364803048
24,11, 0.000000000000
24,12, 0.000000000000
24,13, 0.000000000000
24,14, 0.000000000000
24,15, 0.000000000000
24,16, 0.000000000000
24,17, 0.000000000000
24,18, 0.095270094980
24,19, 0.000000000000
24,20, 0.000000000000
24,21, 0.105695679465
24,22, 0.000000000000
24,23, 0.000000000000
24,24,-1.414100433655
24,25, 0.000000000000
24,26, 0.000000000000
24,27, 0.000000000000
25,0,-0.746473879705
25,1,-0.388859344448
25,2,-0.122987541681
25,3, 0.000000000000
25,4, 0.000000000000
25,5,-0.687925423031
25,6, 0.000000000000
25,7, 0.000000000000
25,8,-0.121306084321
25,9, 0.000000000000
25,10, 0.000000000000
25,11,-0.267629816938
25,12, 0.000000000000
25,13, 0.000000000000
25,14,-0.048270444194
25,15,-0.103447595794
25,16,-0.074964559301
25,17, 0.000000000000
25,18, 0.000000000000
25,19, 0.166377789936
25,20, 0.000000000000
25,21, 0.000000000000
25,22, 0.225977656316
25,23, 0.000000000000
25,24, 0.000000000000
25,25,-1.513503584727
25,26, 0.000000000000
25,27, 0.000000000000
26,0, 0.000000000000
26,1, 0.000000000000
26,2, 0.000000000000
26,3, 0.429260987496
26,4, 0.000000000000
26,5, 0.000000000000
26,6, 0.414118242900
26,7, 0.000000000000
26,8, 0.000000000000
26,9, 0.000000000000
26,10, 0.000000000000
26,11, 0.000000000000
26,12, 0.672364803048
26,13, 0.000000000000
26,14, 0.000000000000
26,15, 0.000000000000
26,16, 0.000000000000
26,17, 0.095270094980
26,18, 0.000000000000
26,19, 0.000000000000
26,20, 0.105695679465
26,21, 0.000000000000
26,22, 0.000000000000
26,23, 0.000000000000
26,24, 0.000000000000
26,25, 0.000000000000
26,26,-1.414100433655
26,27, 0.000000000000
27,0, 0.000000000000
27,1, 0.000000000000
27,2, 0.000000000000
27,3, 0.000000000000
27,4, 0.000000000000
27,5, 0.000000000000
27,6, 0.000000000000
27,7, 0.000000000000
27,8, 0.000000000000
27,9, 0.000000000000
27,10, 0.000000000000
27,11, 0.000000000000
27,12, 0.000000000000
27,13,-0.215551245260
27,14, 0.000000000000
27,15, 0.000000000000
27,16, 0.000000000000
27,17, 0.000000000000
27,18, 0.000000000000
27,19, 0.000000000000
27,20, 0.000000000000
27,21, 0.000000000000
27,22, 0.000000000000
27,23, 0.000000000000
27,24, 0.000000000000
27,25, 0.000000000000
27,26, 0.000000000000
27,27,-1.342864989208
