0,0,-3.088412393327
0,1,-1.712417128206
0,2,-0.849671486471
0,3, 0.000000000000
0,4, 0.000000000000
0,5,-0.353688977792
0,6, 0.000000000000
0,7, 0.000000000000
0,8,-0.180350884493
0,9, 0.000000000000
0,10, 0.000000000000
0,11,-0.167932361512
0,12, 0.000000000000
0,13, 0.000000000000
0,14,-1.536747293279
0,15,-1.372572173384
0,16,-0.785540423651
0,17, 0.000000000000
0,18, 0.000000000000
0,19, 1.813487197515
0,20, 0.000000000000
0,21, 0.000000000000
0,22, 1.328833231587
0,23, 0.000000000000
0,24, 0.000000000000
0,25,-1.430750296952
0,26, 0.000000000000
0,27, 0.000000000000
1,0,-1.712417128206
1,1,-1.657217812695
1,2,-1.091851790324
1,3, 0.000000000000
1,4, 0.000000000000
1,5,-0.319078078692
1,6, 0.000000000000
1,7, 0.000000000000
1,8,-0.261102135083
1,9, 0.000000000000
1,10, 0.000000000000
1,11,-0.197598571641
1,12, 0.000000000000
1,13, 0.000000000000
1,14,-1.372572173384
1,15,-1.467755295535
1,16,-1.032081598136
1,17, 0.000000000000
1,18, 0.000000000000
1,19, 0.751361533151
1,20, 0.000000000000
1,21, 0.000000000000
1,22, 0.872190533102
1,23, 0.000000000000
1,24, 0.000000000000
1,25,-0.424795452020
1,26, 0.000000000000
1,27, 0.000000000000
2,0,-0.849671486471
2,1,-1.091851790324
2,2,-0.989829852601
2,3, 0.000000000000
2,4, 0.000000000000
2,5,-0.171655678537
2,6, 0.000000000000
2,7, 0.000000000000
2,8,-0.180958012586
2,9, 0.000000000000
2,10, 0.000000000000
2,11,-0.114619589543
2,12, 0.000000000000
2,13, 0.000000000000
2,14,-0.785540423651
2,15,-1.032081598136
2,16,-0.955215383829
2,17, 0.000000000000
2,18, 0.000000000000
2,19, 0.259206393318
2,20, 0.000000000000
2,21, 0.000000000000
2,22, 0.365544725670
2,23, 0.000000000000
2,24, 0.000000000000
2,25,-0.146501529839
2,26, 0.000000000000
2,27, 0.000000000000
3,0, 0.000000000000
3,1, 0.000000000000
3,2, 0.000000000000
3,3,-2.089852311719
3,4, 0.000000000000
3,5, 0.000000000000
3,6,-1.080617307541
3,7, 0.000000000000
3,8, 0.000000000000
3,9, 0.000000000000
3,10, 0.000000000000
3,11, 0.000000000000
3,12,-0.192251801116
3,13, 0.000000000000
3,14, 0.000000000000
3,15, 0.000000000000
3,16, 0.000000000000
3,17,-1.096575252554
3,18, 0.000000000000
3,19, 0.000000000000
3,20,-0.825779003307
3,21, 0.000000000000
3,22, 0.000000000000
3,23, 0.000000000000
3,24, 0.000000000000
3,25, 0.000000000000
3,26, 1.301554005965
3,27, 0.000000000000
4,0, 0.000000000000
4,1, 0.000000000000
4,2, 0.000000000000
4,3, 0.000000000000
4,4,-2.089852311719
4,5, 0.000000000000
4,6, 0.000000000000
4,7,-1.080617307541
4,8, 0.000000000000
4,9, 0.000000000000
4,10,-0.192251801116
4,11, 0.000000000000
4,12, 0.000000000000
4,13, 0.000000000000
4,14, 0.000000000000
4,15, 0.000000000000
4,16, 0.000000000000
4,17, 0.000000000000
4,18,-1.096575252554
4,19, 0.000000000000
4,20, 0.000000000000
4,21,-0.825779003307
4,22, 0.000000000000
4,23, 0.000000000000
4,24, 1.301554005965
4,25, 0.000000000000
4,26, 0.000000000000
4,27, 0.000000000000
5,0,-0.353688977792
5,1,-0.319078078692
5,2,-0.171655678537
5,3, 0.000000000000
5,4, 0.000000000000
5,5,-2.439471584787
5,6, 0.000000000000
5,7, 0.000000000000
5,8,-1.281119025904
5,9, 0.000000000000
5,10, 0.000000000000
5,11,-0.458774836555
5,12, 0.000000000000
5,13, 0.000000000000
5,14,-1.813487197515
5,15,-0.751361533151
5,16,-0.259206393318
5,17, 0.000000000000
5,18, 0.000000000000
5,19, 0.709745421418
5,20, 0.000000000000
5,21, 0.000000000000
5,22,-0.178826295224
5,23, 0.000000000000
5,24, 0.000000000000
5,25, 0.451535918718
5,26, 0.000000000000
5,27, 0.000000000000
6,0, 0.000000000000
6,1, 0.000000000000
6,2, 0.000000000000
6,3,-1.080617307541
6,4, 0.000000000000
6,5, 0.000000000000
6,6,-1.237404000094
6,7, 0.000000000000
6,8, 0.000000000000
6,9, 0.000000000000
6,10, 0.000000000000
6,11, 0.000000000000
6,12,-0.156443242413
6,13, 0.000000000000
6,14, 0.000000000000
6,15, 0.000000000000
6,16, 0.000000000000
6,17,-0.825779003307
6,18, 0.000000000000
6,19, 0.000000000000
6,20,-1.050964644668
6,21, 0.000000000000
6,22, 0.000000000000
6,23, 0.000000000000
6,24, 0.000000000000
6,25, 0.000000000000
6,26, 0.570956116929
6,27, 0.000000000000
7,0, 0.000000000000
7,1, 0.000000000000
7,2, 0.000000000000
7,3, 0.000000000000
7,4,-1.080617307541
7,5, 0.000000000000
7,6, 0.000000000000
7,7,-1.237404000094
7,8, 0.000000000000
7,9, 0.000000000000
7,10,-0.156443242413
7,11, 0.000000000000
7,12, 0.000000000000
7,13, 0.000000000000
7,14, 0.000000000000
7,15, 0.000000000000
7,16, 0.000000000000
7,17, 0.000000000000
7,18,-0.825779003307
7,19, 0.000000000000
7,20, 0.000000000000
7,21,-1.050964644668
7,22, 0.000000000000
7,23, 0.000000000000
7,24, 0.570956116929
7,25, 0.000000000000
7,26, 0.000000000000
7,27, 0.000000000000
8,0,-0.180350884493
8,1,-0.261102135083
8,2,-0.180958012586
8,3, 0.000000000000
8,4, 0.000000000000
8,5,-1.281119025904
8,6, 0.000000000000
8,7, 0.000000000000
8,8,-1.417187227065
8,9, 0.000000000000
8,10, 0.000000000000
8,11,-0.346252348360
8,12, 0.000000000000
8,13, 0.000000000000
8,14,-1.328833231587
8,15,-0.872190533102
8,16,-0.365544725670
8,17, 0.000000000000
8,18, 0.000000000000
8,19,-0.178826295224
8,20, 0.000000000000
8,21, 0.000000000000
8,22,-0.565159219201
8,23, 0.000000000000
8,24, 0.000000000000
8,25, 0.394019330365
8,26, 0.000000000000
8,27, 0.000000000000
9,0, 0.000000000000
9,1, 0.000000000000
9,2, 0.000000000000
9,3, 0.000000000000
9,4, 0.000000000000
9,5, 0.000000000000
9,6, 0.000000000000
9,7, 0.000000000000
9,8, 0.000000000000
9,9,-1.555765540217
9,10, 0.000000000000
9,11, 0.000000000000
9,12, 0.000000000000
9,13, 0.000000000000
9,14, 0.000000000000
9,15, 0.000000000000
9,16, 0.000000000000
9,17, 0.000000000000
9,18, 0.000000000000
9,19, 0.000000000000
9,20, 0.000000000000
9,21, 0.000000000000
9,22, 0.000000000000
9,23,-0.960062704171
9,24, 0.000000000000
9,25, 0.000000000000
9,26, 0.000000000000
9,27, 0.000000000000
10,0, 0.000000000000
10,1, 0.000000000000
10,2, 0.000000000000
10,3, 0.000000000000
10,4,-0.192251801116
10,5, 0.000000000000
10,6, 0.000000000000
10,7,-0.156443242413
10,8, 0.000000000000
10,9, 0.000000000000
10,10,-1.691309719889
10,11, 0.000000000000
10,12, 0.000000000000
10,13, 0.000000000000
10,14, 0.000000000000
10,15, 0.000000000000
10,16, 0.000000000000
10,17, 0.000000000000
10,18,-1.301554005965
10,19, 0.000000000000
10,20, 0.000000000000
10,21,-0.570956116929
10,22, 0.000000000000
10,23, 0.000000000000
10,24, 0.186060154384
10,25, 0.000000000000
10,26, 0.000000000000
10,27, 0.000000000000
11,0,-0.167932361512
11,1,-0.197598571641
11,2,-0.114619589543
11,3, 0.000000000000
11,4, 0.000000000000
11,5,-0.458774836555
11,6, 0.000000000000
11,7, 0.000000000000
11,8,-0.346252348360
11,9, 0.000000000000
11,10, 0.000000000000
11,11,-1.940556099945
11,12, 0.000000000000
11,13, 0.000000000000
11,14,-1.430750296952
11,15,-0.424795452020
11,16,-0.146501529839
11,17, 0.000000000000
11,18, 0.000000000000
11,19,-0.451535918718
11,20, 0.000000000000
11,21, 0.000000000000
11,22,-0.394019330365
11,23, 0.000000000000
11,24, 0.000000000000
11,25, 0.103545382052
11,26, 0.000000000000
11,27, 0.000000000000
12,0, 0.000000000000
12,1, 0.000000000000
12,2, 0.000000000000
12,3,-0.192251801116
12,4, 0.000000000000
12,5, 0.000000000000
12,6,-0.156443242413
12,7, 0.000000000000
12,8, 0.000000000000
12,9, 0.000000000000
12,10, 0.000000000000
12,11, 0.000000000000
12,12,-1.691309719889
12,13, 0.000000000000
12,14, 0.000000000000
12,15, 0.000000000000
12,16, 0.000000000000
12,17,-1.301554005965
12,18, 0.000000000000
12,19, 0.000000000000
12,20,-0.570956116929
12,21, 0.000000000000
12,22, 0.000000000000
12,23, 0.000000000000
12,24, 0.000000000000
12,25, 0.000000000000
12,26, 0.186060154384
12,27, 0.000000000000
13,0, 0.000000000000
13,1, 0.000000000000
13,2, 0.000000000000
13,3, 0.000000000000
13,4, 0.000000000000
13,5, 0.000000000000
13,6, 0.000000000000
13,7, 0.000000000000
13,8, 0.000000000000
13,9, 0.000000000000
13,10, 0.000000000000
13,11, 0.000000000000
13,12, 0.000000000000
13,13,-1.555765540217
13,14, 0.000000000000
13,15, 0.000000000000
13,16, 0.000000000000
13,17, 0.000000000000
13,18, 0.000000000000
13,19, 0.000000000000
13,20, 0.000000000000
13,21, 0.000000000000
13,22, 0.000000000000
13,23, 0.000000000000
13,24, 0.000000000000
13,25, 0.000000000000
13,26, 0.000000000000
13,27,-0.960062704171
14,0,-1.536747293279
14,1,-1.372572173384
14,2,-0.785540423651
14,3, 0.000000000000
14,4, 0.000000000000
14,5,-1.813487197515
14,6, 0.000000000000
14,7, 0.000000000000
14,8,-1.328833231587
14,9, 0.000000000000
14,10, 0.000000000000
14,11,-1.430750296952
14,12, 0.000000000000
14,13, 0.000000000000
14,14,-3.088412393327
14,15,-1.712417128206
14,16,-0.849671486471
14,17, 0.000000000000
14,18, 0.000000000000
14,19, 0.353688977792
14,20, 0.000000000000
14,21, 0.000000000000
14,22, 0.180350884493
14,23, 0.000000000000
14,24, 0.000000000000
14,25,-0.167932361512
14,26, 0.000000000000
14,27, 0.000000000000
15,0,-1.372572173384
15,1,-1.467755295535
15,2,-1.032081598136
15,3, 0.000000000000
15,4, 0.000000000000
15,5,-0.751361533151
15,6, 0.000000000000
15,7, 0.000000000000
15,8,-0.872190533102
15,9, 0.000000000000
15,10, 0.000000000000
15,11,-0.424795452020
15,12, 0.000000000000
15,13, 0.000000000000
15,14,-1.712417128206
15,15,-1.657217812695
15,16,-1.091851790324
15,17, 0.000000000000
15,18, 0.000000000000
15,19, 0.319078078692
15,20, 0.000000000000
15,21, 0.000000000000
15,22, 0.261102135083
15,23, 0.000000000000
15,24, 0.000000000000
15,25,-0.197598571641
15,26, 0.000000000000
15,27, 0.000000000000
16,0,-0.785540423651
16,1,-1.032081598136
16,2,-0.955215383829
16,3, 0.000000000000
16,4, 0.000000000000
16,5,-0.259206393318
16,6, 0.000000000000
16,7, 0.000000000000
16,8,-0.365544725670
16,9, 0.000000000000
16,10, 0.000000000000
16,11,-0.146501529839
16,12, 0.000000000000
16,13, 0.000000000000
16,14,-0.849671486471
16,15,-1.091851790324
16,16,-0.989829852601
16,17, 0.000000000000
16,18, 0.000000000000
16,19, 0.171655678537
16,20, 0.000000000000
16,21, 0.000000000000
16,22, 0.180958012586
16,23, 0.000000000000
16,24, 0.000000000000
16,25,-0.114619589543
16,26, 0.000000000000
16,27, 0.000000000000
17,0, 0.000000000000
17,1, 0.000000000000
17,2, 0.000000000000
17,3,-1.096575252554
17,4, 0.000000000000
17,5, 0.000000000000
17,6,-0.825779003307
17,7, 0.000000000000
17,8, 0.000000000000
17,9, 0.000000000000
17,10, 0.000000000000
17,11, 0.000000000000
17,12,-1.301554005965
17,13, 0.000000000000
17,14, 0.000000000000
17,15, 0.000000000000
17,16, 0.000000000000
17,17,-2.089852311719
17,18, 0.000000000000
17,19, 0.000000000000
17,20,-1.080617307541
17,21, 0.000000000000
17,22, 0.000000000000
17,23, 0.000000000000
17,24, 0.000000000000
17,25, 0.000000000000
17,26, 0.192251801116
17,27, 0.000000000000
18,0, 0.000000000000
18,1, 0.000000000000
18,2, 0.000000000000
18,3, 0.000000000000
18,4,-1.096575252554
18,5, 0.000000000000
18,6, 0.000000000000
18,7,-0.825779003307
18,8, 0.000000000000
18,9, 0.000000000000
18,10,-1.301554005965
18,11, 0.000000000000
18,12, 0.000000000000
18,13, 0.000000000000
18,14, 0.000000000000
18,15, 0.000000000000
18,16, 0.000000000000
18,17, 0.000000000000
18,18,-2.089852311719
18,19, 0.000000000000
18,20, 0.000000000000
18,21,-1.080617307541
18,22, 0.000000000000
18,23, 0.000000000000
18,24, 0.192251801116
18,25, 0.000000000000
18,26, 0.000000000000
18,27, 0.000000000000
19,0, 1.813487197515
19,1, 0.751361533151
19,2, 0.259206393318
19,3, 0.000000000000
19,4, 0.000000000000
19,5, 0.709745421418
19,6, 0.000000000000
19,7, 0.000000000000
19,8,-0.178826295224
19,9, 0.000000000000
19,10, 0.000000000000
19,11,-0.451535918718
19,12, 0.000000000000
19,13, 0.000000000000
19,14, 0.353688977792
19,15, 0.319078078692
19,16, 0.171655678537
19,17, 0.000000000000
19,18, 0.000000000000
19,19,-2.439471584787
19,20, 0.000000000000
19,21, 0.000000000000
19,22,-1.281119025904
19,23, 0.000000000000
19,24, 0.000000000000
19,25, 0.458774836555
19,26, 0.000000000000
19,27, 0.000000000000
20,0, 0.000000000000
20,1, 0.000000000000
20,2, 0.000000000000
20,3,-0.825779003307
20,4, 0.000000000000
20,5, 0.000000000000
20,6,-1.050964644668
20,7, 0.000000000000
20,8, 0.000000000000
20,9, 0.000000000000
20,10, 0.000000000000
20,11, 0.000000000000
20,12,-0.570956116929
20,13, 0.000000000000
20,14, 0.000000000000
20,15, 0.000000000000
20,16, 0.000000000000
20,17,-1.080617307541
20,18, 0.000000000000
20,19, 0.000000000000
20,20,-1.237404000094
20,21, 0.000000000000
20,22, 0.000000000000
20,23, 0.000000000000
20,24, 0.000000000000
20,25, 0.000000000000
20,26, 0.156443242413
20,27, 0.000000000000
21,0, 0.000000000000
21,1, 0.000000000000
21,2, 0.000000000000
21,3, 0.000000000000
21,4,-0.825779003307
21,5, 0.000000000000
21,6, 0.000000000000
21,7,-1.050964644668
21,8, 0.000000000000
21,9, 0.000000000000
21,10,-0.570956116929
21,11, 0.000000000000
21,12, 0.000000000000
21,13, 0.000000000000
21,14, 0.000000000000
21,15, 0.000000000000
21,16, 0.000000000000
21,17, 0.000000000000
21,18,-1.080617307541
21,19, 0.000000000000
21,20, 0.000000000000
21,21,-1.237404000094
21,22, 0.000000000000
21,23, 0.000000000000
21,24, 0.156443242413
21,25, 0.000000000000
21,26, 0.000000000000
21,27, 0.000000000000
22,0, 1.328833231587
22,1, 0.872190533102
22,2, 0.365544725670
22,3, 0.000000000000
22,4, 0.000000000000
22,5,-0.178826295224
22,6, 0.000000000000
22,7, 0.000000000000
22,8,-0.565159219201
22,9, 0.000000000000
22,10, 0.000000000000
22,11,-0.394019330365
22,12, 0.000000000000
22,13, 0.000000000000
22,14, 0.180350884493
22,15, 0.261102135083
22,16, 0.180958012586
22,17, 0.000000000000
22,18, 0.000000000000
22,19,-1.281119025904
22,20, 0.000000000000
22,21, 0.000000000000
22,22,-1.417187227065
22,23, 0.000000000000
22,24, 0.000000000000
22,25, 0.346252348360
22,26, 0.000000000000
22,27, 0.000000000000
23,0, 0.000000000000
23,1, 0.000000000000
23,2, 0.000000000000
23,3, 0.000000000000
23,4, 0.000000000000
23,5, 0.000000000000
23,6, 0.000000000000
23,7, 0.000000000000
23,8, 0.000000000000
23,9,-0.960062704171
23,10, 0.000000000000
23,11, 0.000000000000
23,12, 0.000000000000
23,13, 0.000000000000
23,14, 0.000000000000
23,15, 0.000000000000
23,16, 0.000000000000
23,17, 0.000000000000
23,18, 0.000000000000
23,19, 0.000000000000
23,20, 0.000000000000
23,21, 0.000000000000
23,22, 0.000000000000
23,23,-1.555765540217
23,24, 0.000000000000
23,25, 0.000000000000
23,26, 0.000000000000
23,27, 0.000000000000
24,0, 0.000000000000
24,1, 0.000000000000
24,2, 0.000000000000
24,3, 0.000000000000
24,4, 1.301554005965
24,5, 0.000000000000
24,6, 0.000000000000
24,7, 0.570956116929
24,8, 0.000000000000
24,9, 0.000000000000
24,10, 0.186060154384
24,11, 0.000000000000
24,12, 0.000000000000
24,13, 0.000000000000
24,14, 0.000000000000
24,15, 0.000000000000
24,16, 0.000000000000
24,17, 0.000000000000
24,18, 0.192251801116
24,19, 0.000000000000
24,20, 0.000000000000
24,21, 0.156443242413
24,22, 0.000000000000
24,23, 0.000000000000
24,24,-1.691309719889
24,25, 0.000000000000
24,26, 0.000000000000
24,27, 0.000000000000
25,0,-1.430750296952
25,1,-0.424795452020
25,2,-0.146501529839
25,3, 0.000000000000
25,4, 0.000000000000
25,5, 0.451535918718
25,6, 0.000000000000
25,7, 0.000000000000
25,8, 0.394019330365
25,9, 0.000000000000
25,10, 0.000000000000
25,11, 0.103545382052
25,12, 0.000000000000
25,13, 0.000000000000
25,14,-0.167932361512
25,15,-0.197598571641
25,16,-0.114619589543
25,17, 0.000000000000
25,18, 0.000000000000
25,19, 0.458774836555
25,20, 0.000000000000
25,21, 0.000000000000
25,22, 0.346252348360
25,23, 0.000000000000
25,24, 0.000000000000
25,25,-1.940556099945
25,26, 0.000000000000
25,27, 0.000000000000
26,0, 0.000000000000
26,1, 0.000000000000
26,2, 0.000000000000
26,3, 1.301554005965
26,4, 0.000000000000
26,5, 0.000000000000
26,6, 0.570956116929
26,7, 0.000000000000
26,8, 0.000000000000
26,9, 0.000000000000
26,10, 0.000000000000
26,11, 0.000000000000
26,12, 0.186060154384
26,13, 0.000000000000
26,14, 0.000000000000
26,15, 0.000000000000
26,16, 0.000000000000
26,17, 0.192251801116
26,18, 0.000000000000
26,19, 0.000000000000
26,20, 0.156443242413
26,21, 0.000000000000
26,22, 0.000000000000
26,23, 0.000000000000
26,24, 0.000000000000
26,25, 0.000000000000
26,26,-1.691309719889
26,27, 0.000000000000
27,0, 0.000000000000
27,1, 0.000000000000
27,2, 0.000000000000
27,3, 0.000000000000
27,4, 0.000000000000
27,5, 0.000000000000
27,6, 0.000000000000
27,7, 0.000000000000
27,8, 0.000000000000
27,9, 0.000000000000
27,10, 0.000000000000
27,11, 0.000000000000
27,12, 0.000000000000
27,13,-0.960062704171
27,14, 0.000000000000
27,15, 0.000000000000
27,16, 0.000000000000
27,17, 0.000000000000
27,18, 0.000000000000
27,19, 0.000000000000
27,20, 0.000000000000
27,21, 0.000000000000
27,22, 0.000000000000
27,23, 0.000000000000
27,24, 0.000000000000
27,25, 0.000000000000
27,26, 0.000000000000
27,27,-1.555765540217
