0,0,-2.501862846217
0,1,-1.336528805581
0,2,-0.660740290288
0,3, 0.000000000000
0,4, 0.000000000000
0,5,-0.063679020201
0,6, 0.000000000000
0,7, 0.000000000000
0,8,-0.043475919060
0,9, 0.000000000000
0,10, 0.000000000000
0,11,-0.019266038521
0,12, 0.000000000000
0,13, 0.000000000000
0,14,-0.026420641287
0,15,-0.230969682075
0,16,-0.356200645131
0,17, 0.000000000000
0,18, 0.000000000000
0,19, 0.056551218545
0,20, 0.000000000000
0,21, 0.000000000000
0,22, 0.487490882127
0,23, 0.000000000000
0,24, 0.000000000000
0,25,-0.176040778444
0,26, 0.000000000000
0,27, 0.000000000000
1,0,-1.336528805581
1,1,-1.300115700104
1,2,-0.885366317850
1,3, 0.000000000000
1,4, 0.000000000000
1,5,-0.072153061022
1,6, 0.000000000000
1,7, 0.000000000000
1,8,-0.129097945849
1,9, 0.000000000000
1,10, 0.000000000000
1,11,-0.044499718643
1,12, 0.000000000000
1,13, 0.000000000000
1,14,-0.230969682075
1,15,-0.459908891544
1,16,-0.556956732030
1,17, 0.000000000000
1,18, 0.000000000000
1,19, 0.214089787585
1,20, 0.000000000000
1,21, 0.000000000000
1,22, 0.616482668053
1,23, 0.000000000000
1,24, 0.000000000000
1,25,-0.219284988545
1,26, 0.000000000000
1,27, 0.000000000000
2,0,-0.660740290288
2,1,-0.885366317850
2,2,-0.862628235987
2,3, 0.000000000000
2,4, 0.000000000000
2,5,-0.042835348597
2,6, 0.000000000000
2,7, 0.000000000000
2,8,-0.129014693779
2,9, 0.000000000000
2,10, 0.000000000000
2,11,-0.034420896137
2,12, 0.000000000000
2,13, 0.000000000000
2,14,-0.356200645131
2,15,-0.556956732030
2,16,-0.656226531352
2,17, 0.000000000000
2,18, 0.000000000000
2,19, 0.131588796890
2,20, 0.000000000000
2,21, 0.000000000000
2,22, 0.382122302079
2,23, 0.000000000000
2,24, 0.000000000000
2,25,-0.075558255294
2,26, 0.000000000000
2,27, 0.000000000000
3,0, 0.000000000000
3,1, 0.000000000000
3,2, 0.000000000000
3,3,-1.641936900959
3,4, 0.000000000000
3,5, 0.000000000000
3,6,-0.849745881637
3,7, 0.000000000000
3,8, 0.000000000000
3,9, 0.000000000000
3,10, 0.000000000000
3,11, 0.000000000000
3,12,-0.056300369373
3,13, 0.000000000000
3,14, 0.000000000000
3,15, 0.000000000000
3,16, 0.000000000000
3,17,-0.013864489555
3,18, 0.000000000000
3,19, 0.000000000000
3,20,-0.115027492861
3,21, 0.000000000000
3,22, 0.000000000000
3,23, 0.000000000000
3,24, 0.000000000000
3,25, 0.000000000000
3,26, 0.078326171583
3,27, 0.000000000000
4,0, 0.000000000000
4,1, 0.000000000000
4,2, 0.000000000000
4,3, 0.000000000000
4,4,-1.641936900959
4,5, 0.000000000000
4,6, 0.000000000000
4,7,-0.849745881637
4,8, 0.000000000000
4,9, 0.000000000000
4,10,-0.056300369373
4,11, 0.000000000000
4,12, 0.000000000000
4,13, 0.000000000000
4,14, 0.000000000000
4,15, 0.000000000000
4,16, 0.000000000000
4,17, 0.000000000000
4,18,-0.013864489555
4,19, 0.000000000000
4,20, 0.000000000000
4,21,-0.115027492861
4,22, 0.000000000000
4,23, 0.000000000000
4,24, 0.078326171583
4,25, 0.000000000000
4,26, 0.000000000000
4,27, 0.000000000000
5,0,-0.063679020201
5,1,-0.072153061022
5,2,-0.042835348597
5,3, 0.000000000000
5,4, 0.000000000000
5,5,-1.673709079587
5,6, 0.000000000000
5,7, 0.000000000000
5,8,-0.880366350684
5,9, 0.000000000000
5,10, 0.000000000000
5,11,-0.081652464843
5,12, 0.000000000000
5,13, 0.000000000000
5,14,-0.056551218545
5,15,-0.214089787585
5,16,-0.131588796890
5,17, 0.000000000000
5,18, 0.000000000000
5,19, 0.124561433523
5,20, 0.000000000000
5,21, 0.000000000000
5,22, 0.391403819603
5,23, 0.000000000000
5,24, 0.000000000000
5,25,-0.299120227111
5,26, 0.000000000000
5,27, 0.000000000000
6,0, 0.000000000000
6,1, 0.000000000000
6,2, 0.000000000000
6,3,-0.849745881637
6,4, 0.000000000000
6,5, 0.000000000000
6,6,-1.014987915234
6,7, 0.000000000000
6,8, 0.000000000000
6,9, 0.000000000000
6,10, 0.000000000000
6,11, 0.000000000000
6,12,-0.067585330267
6,13, 0.000000000000
6,14, 0.000000000000
6,15, 0.000000000000
6,16, 0.000000000000
6,17,-0.115027492861
6,18, 0.000000000000
6,19, 0.000000000000
6,20,-0.297891428178
6,21, 0.000000000000
6,22, 0.000000000000
6,23, 0.000000000000
6,24, 0.000000000000
6,25, 0.000000000000
6,26, 0.202322373246
6,27, 0.000000000000
7,0, 0.000000000000
7,1, 0.000000000000
7,2, 0.000000000000
7,3, 0.000000000000
7,4,-0.849745881637
7,5, 0.000000000000
7,6, 0.000000000000
7,7,-1.014987915234
7,8, 0.000000000000
7,9, 0.000000000000
7,10,-0.067585330267
7,11, 0.000000000000
7,12, 0.000000000000
7,13, 0.000000000000
7,14, 0.000000000000
7,15, 0.000000000000
7,16, 0.000000000000
7,17, 0.000000000000
7,18,-0.115027492861
7,19, 0.000000000000
7,20, 0.000000000000
7,21,-0.297891428178
7,22, 0.000000000000
7,23, 0.000000000000
7,24, 0.202322373246
7,25, 0.000000000000
7,26, 0.000000000000
7,27, 0.000000000000
8,0,-0.043475919060
8,1,-0.129097945849
8,2,-0.129014693779
8,3, 0.000000000000
8,4, 0.000000000000
8,5,-0.880366350684
8,6, 0.000000000000
8,7, 0.000000000000
8,8,-1.122077239194
8,9, 0.000000000000
8,10, 0.000000000000
8,11,-0.114451399430
8,12, 0.000000000000
8,13, 0.000000000000
8,14,-0.487490882127
8,15,-0.616482668053
8,16,-0.382122302079
8,17, 0.000000000000
8,18, 0.000000000000
8,19, 0.391403819603
8,20, 0.000000000000
8,21, 0.000000000000
8,22, 0.573988423254
8,23, 0.000000000000
8,24, 0.000000000000
8,25,-0.268310380646
8,26, 0.000000000000
8,27, 0.000000000000
9,0, 0.000000000000
9,1, 0.000000000000
9,2, 0.000000000000
9,3, 0.000000000000
9,4, 0.000000000000
9,5, 0.000000000000
9,6, 0.000000000000
9,7, 0.000000000000
9,8, 0.000000000000
9,9,-1.238952569155
9,10, 0.000000000000
9,11, 0.000000000000
9,12, 0.000000000000
9,13, 0.000000000000
9,14, 0.000000000000
9,15, 0.000000000000
9,16, 0.000000000000
9,17, 0.000000000000
9,18, 0.000000000000
9,19, 0.000000000000
9,20, 0.000000000000
9,21, 0.000000000000
9,22, 0.000000000000
9,23,-0.037806762743
9,24, 0.000000000000
9,25, 0.000000000000
9,26, 0.000000000000
9,27, 0.000000000000
10,0, 0.000000000000
10,1, 0.000000000000
10,2, 0.000000000000
10,3, 0.000000000000
10,4,-0.056300369373
10,5, 0.000000000000
10,6, 0.000000000000
10,7,-0.067585330267
10,8, 0.000000000000
10,9, 0.000000000000
10,10,-1.273613800065
10,11, 0.000000000000
10,12, 0.000000000000
10,13, 0.000000000000
10,14, 0.000000000000
10,15, 0.000000000000
10,16, 0.000000000000
10,17, 0.000000000000
10,18,-0.078326171583
10,19, 0.000000000000
10,20, 0.000000000000
10,21,-0.202322373246
10,22, 0.000000000000
10,23, 0.000000000000
10,24, 0.245205509462
10,25, 0.000000000000
10,26, 0.000000000000
10,27, 0.000000000000
11,0,-0.019266038521
11,1,-0.044499718643
11,2,-0.034420896137
11,3, 0.000000000000
11,4, 0.000000000000
11,5,-0.081652464843
11,6, 0.000000000000
11,7, 0.000000000000
11,8,-0.114451399430
11,9, 0.000000000000
11,10, 0.000000000000
11,11,-1.302955853512
11,12, 0.000000000000
11,13, 0.000000000000
11,14,-0.176040778444
11,15,-0.219284988545
11,16,-0.075558255294
11,17, 0.000000000000
11,18, 0.000000000000
11,19, 0.299120227111
11,20, 0.000000000000
11,21, 0.000000000000
11,22, 0.268310380646
11,23, 0.000000000000
11,24, 0.000000000000
11,25,-0.373456382394
11,26, 0.000000000000
11,27, 0.000000000000
12,0, 0.000000000000
12,1, 0.000000000000
12,2, 0.000000000000
12,3,-0.056300369373
12,4, 0.000000000000
12,5, 0.000000000000
12,6,-0.067585330267
12,7, 0.000000000000
12,8, 0.000000000000
12,9, 0.000000000000
12,10, 0.000000000000
12,11, 0.000000000000
12,12,-1.273613800065
12,13, 0.000000000000
12,14, 0.000000000000
12,15, 0.000000000000
12,16, 0.000000000000
12,17,-0.078326171583
12,18, 0.000000000000
12,19, 0.000000000000
12,20,-0.202322373246
12,21, 0.000000000000
12,22, 0.000000000000
12,23, 0.000000000000
12,24, 0.000000000000
12,25, 0.000000000000
12,26, 0.245205509462
12,27, 0.000000000000
13,0, 0.000000000000
13,1, 0.000000000000
13,2, 0.000000000000
13,3, 0.000000000000
13,4, 0.000000000000
13,5, 0.000000000000
13,6, 0.000000000000
13,7, 0.000000000000
13,8, 0.000000000000
13,9, 0.000000000000
13,10, 0.000000000000
13,11, 0.000000000000
13,12, 0.000000000000
13,13,-1.238952569155
13,14, 0.000000000000
13,15, 0.000000000000
13,16, 0.000000000000
13,17, 0.000000000000
13,18, 0.000000000000
13,19, 0.000000000000
13,20, 0.000000000000
13,21, 0.000000000000
13,22, 0.000000000000
13,23, 0.000000000000
13,24, 0.000000000000
13,25, 0.000000000000
13,26, 0.000000000000
13,27,-0.037806762743
14,0,-0.026420641287
14,1,-0.230969682075
14,2,-0.356200645131
14,3, 0.000000000000
14,4, 0.000000000000
14,5,-0.056551218545
14,6, 0.000000000000
14,7, 0.000000000000
14,8,-0.487490882127
14,9, 0.000000000000
14,10, 0.000000000000
14,11,-0.176040778444
14,12, 0.000000000000
14,13, 0.000000000000
14,14,-2.501862846217
14,15,-1.336528805581
14,16,-0.660740290288
14,17, 0.000000000000
14,18, 0.000000000000
14,19, 0.063679020201
14,20, 0.000000000000
14,21, 0.000000000000
14,22, 0.043475919060
14,23, 0.000000000000
14,24, 0.000000000000
14,25,-0.019266038521
14,26, 0.000000000000
14,27, 0.000000000000
15,0,-0.230969682075
15,1,-0.459908891544
15,2,-0.556956732030
15,3, 0.000000000000
15,4, 0.000000000000
15,5,-0.214089787585
15,6, 0.000000000000
15,7, 0.000000000000
15,8,-0.616482668053
15,9, 0.000000000000
15,10, 0.000000000000
15,11,-0.219284988545
15,12, 0.000000000000
15,13, 0.000000000000
15,14,-1.336528805581
15,15,-1.300115700104
15,16,-0.885366317850
15,17, 0.000000000000
15,18, 0.000000000000
15,19, 0.072153061022
15,20, 0.000000000000
15,21, 0.000000000000
15,22, 0.129097945849
15,23, 0.000000000000
15,24, 0.000000000000
15,25,-0.044499718643
15,26, 0.000000000000
15,27, 0.000000000000
16,0,-0.356200645131
16,1,-0.556956732030
16,2,-0.656226531352
16,3, 0.000000000000
16,4, 0.000000000000
16,5,-0.131588796890
16,6, 0.000000000000
16,7, 0.000000000000
16,8,-0.382122302079
16,9, 0.000000000000
16,10, 0.000000000000
16,11,-0.075558255294
16,12, 0.000000000000
16,13, 0.000000000000
16,14,-0.660740290288
16,15,-0.885366317850
16,16,-0.862628235987
16,17, 0.000000000000
16,18, 0.000000000000
16,19, 0.042835348597
16,20, 0.000000000000
16,21, 0.000000000000
16,22, 0.129014693779
16,23, 0.000000000000
16,24, 0.000000000000
16,25,-0.034420896137
16,26, 0.000000000000
16,27, 0.000000000000
17,0, 0.000000000000
17,1, 0.000000000000
17,2, 0.000000000000
17,3,-0.013864489555
17,4, 0.000000000000
17,5, 0.000000000000
17,6,-0.115027492861
17,7, 0.000000000000
17,8, 0.000000000000
17,9, 0.000000000000
17,10, 0.000000000000
17,11, 0.000000000000
17,12,-0.078326171583
17,13, 0.000000000000
17,14, 0.000000000000
17,15, 0.000000000000
17,16, 0.000000000000
17,17,-1.641936900959
17,18, 0.000000000000
17,19, 0.000000000000
17,20,-0.849745881637
17,21, 0.000000000000
17,22, 0.000000000000
17,23, 0.000000000000
17,24, 0.000000000000
17,25, 0.000000000000
17,26, 0.056300369373
17,27, 0.000000000000
18,0, 0.000000000000
18,1, 0.000000000000
18,2, 0.000000000000
18,3, 0.000000000000
18,4,-0.013864489555
18,5, 0.000000000000
18,6, 0.000000000000
18,7,-0.115027492861
18,8, 0.000000000000
18,9, 0.000000000000
18,10,-0.078326171583
18,11, 0.000000000000
18,12, 0.000000000000
18,13, 0.000000000000
18,14, 0.000000000000
18,15, 0.000000000000
18,16, 0.000000000000
18,17, 0.000000000000
18,18,-1.641936900959
18,19, 0.000000000000
18,20, 0.000000000000
18,21,-0.849745881637
18,22, 0.000000000000
18,23, 0.000000000000
18,24, 0.056300369373
18,25, 0.000000000000
18,26, 0.000000000000
18,27, 0.000000000000
19,0, 0.056551218545
19,1, 0.214089787585
19,2, 0.131588796890
19,3, 0.000000000000
19,4, 0.000000000000
19,5, 0.124561433523
19,6, 0.000000000000
19,7, 0.000000000000
19,8, 0.391403819603
19,9, 0.000000000000
19,10, 0.000000000000
19,11, 0.299120227111
19,12, 0.000000000000
19,13, 0.000000000000
19,14, 0.063679020201
19,15, 0.072153061022
19,16, 0.042835348597
19,17, 0.000000000000
19,18, 0.000000000000
19,19,-1.673709079587
19,20, 0.000000000000
19,21, 0.000000000000
19,22,-0.880366350684
19,23, 0.000000000000
19,24, 0.000000000000
19,25, 0.081652464843
19,26, 0.000000000000
19,27, 0.000000000000
20,0, 0.000000000000
20,1, 0.000000000000
20,2, 0.000000000000
20,3,-0.115027492861
20,4, 0.000000000000
20,5, 0.000000000000
20,6,-0.297891428178
20,7, 0.000000000000
20,8, 0.000000000000
20,9, 0.000000000000
20,10, 0.000000000000
20,11, 0.000000000000
20,12,-0.202322373246
20,13, 0.000000000000
20,14, 0.000000000000
20,15, 0.000000000000
20,16, 0.000000000000
20,17,-0.849745881637
20,18, 0.000000000000
20,19, 0.000000000000
20,20,-1.014987915234
20,21, 0.000000000000
20,22, 0.000000000000
20,23, 0.000000000000
20,24, 0.000000000000
20,25, 0.000000000000
20,26, 0.067585330267
20,27, 0.000000000000
21,0, 0.000000000000
21,1, 0.000000000000
21,2, 0.000000000000
21,3, 0.000000000000
21,4,-0.115027492861
21,5, 0.000000000000
21,6, 0.000000000000
21,7,-0.297891428178
21,8, 0.000000000000
21,9, 0.000000000000
21,10,-0.202322373246
21,11, 0.000000000000
21,12, 0.000000000000
21,13, 0.000000000000
21,14, 0.000000000000
21,15, 0.000000000000
21,16, 0.000000000000
21,17, 0.000000000000
21,18,-0.849745881637
21,19, 0.000000000000
21,20, 0.000000000000
21,21,-1.014987915234
21,22, 0.000000000000
21,23, 0.000000000000
21,24, 0.067585330267
21,25, 0.000000000000
21,26, 0.000000000000
21,27, 0.000000000000
22,0, 0.487490882127
22,1, 0.616482668053
22,2, 0.382122302079
22,3, 0.000000000000
22,4, 0.000000000000
22,5, 0.391403819603
22,6, 0.000000000000
22,7, 0.000000000000
22,8, 0.573988423254
22,9, 0.000000000000
22,10, 0.000000000000
22,11, 0.268310380646
22,12, 0.000000000000
22,13, 0.000000000000
22,14, 0.043475919060
22,15, 0.129097945849
22,16, 0.129014693779
22,17, 0.000000000000
22,18, 0.000000000000
22,19,-0.880366350684
22,20, 0.000000000000
22,21, 0.000000000000
22,22,-1.122077239194
22,23, 0.000000000000
22,24, 0.000000000000
22,25, 0.114451399430
22,26, 0.000000000000
22,27, 0.000000000000
23,0, 0.000000000000
23,1, 0.000000000000
23,2, 0.000000000000
23,3, 0.000000000000
23,4, 0.000000000000
23,5, 0.000000000000
23,6, 0.000000000000
23,7, 0.000000000000
23,8, 0.000000000000
23,9,-0.037806762743
23,10, 0.000000000000
23,11, 0.000000000000
23,12, 0.000000000000
23,13, 0.000000000000
23,14, 0.000000000000
23,15, 0.000000000000
23,16, 0.000000000000
23,17, 0.000000000000
23,18, 0.000000000000
23,19, 0.000000000000
23,20, 0.000000000000
23,21, 0.000000000000
23,22, 0.000000000000
23,23,-1.238952569155
23,24, 0.000000000000
23,25, 0.000000000000
23,26, 0.000000000000
23,27, 0.000000000000
24,0, 0.000000000000
24,1, 0.000000000000
24,2, 0.000000000000
24,3, 0.000000000000
24,4, 0.078326171583
24,5, 0.000000000000
24,6, 0.000000000000
24,7, 0.202322373246
24,8, 0.000000000000
24,9, 0.000000000000
24,10, 0.245205509462
24,11, 0.000000000000
24,12, 0.000000000000
24,13, 0.000000000000
24,14, 0.000000000000
24,15, 0.000000000000
24,16, 0.000000000000
24,17, 0.000000000000
24,18, 0.056300369373
24,19, 0.000000000000
24,20, 0.000000000000
24,21, 0.067585330267
24,22, 0.000000000000
24,23, 0.000000000000
24,24,-1.273613800065
24,25, 0.000000000000
24,26, 0.000000000000
24,27, 0.000000000000
25,0,-0.176040778444
25,1,-0.219284988545
25,2,-0.075558255294
25,3, 0.000000000000
25,4, 0.000000000000
25,5,-0.299120227111
25,6, 0.000000000000
25,7, 0.000000000000
25,8,-0.268310380646
25,9, 0.000000000000
25,10, 0.000000000000
25,11,-0.373456382394
25,12, 0.000000000000
25,13, 0.000000000000
25,14,-0.019266038521
25,15,-0.044499718643
25,16,-0.034420896137
25,17, 0.000000000000
25,18, 0.000000000000
25,19, 0.081652464843
25,20, 0.000000000000
25,21, 0.000000000000
25,22, 0.114451399430
25,23, 0.000000000000
25,24, 0.000000000000
25,25,-1.302955853512
25,26, 0.000000000000
25,27, 0.000000000000
26,0, 0.000000000000
26,1, 0.000000000000
26,2, 0.000000000000
26,3, 0.078326171583
26,4, 0.000000000000
26,5, 0.000000000000
26,6, 0.202322373246
26,7, 0.000000000000
26,8, 0.000000000000
26,9, 0.000000000000
26,10, 0.000000000000
26,11, 0.000000000000
26,12, 0.245205509462
26,13, 0.000000000000
26,14, 0.000000000000
26,15, 0.000000000000
26,16, 0.000000000000
26,17, 0.056300369373
26,18, 0.000000000000
26,19, 0.000000000000
26,20, 0.067585330267
26,21, 0.000000000000
26,22, 0.000000000000
26,23, 0.000000000000
26,24, 0.000000000000
26,25, 0.000000000000
26,26,-1.273613800065
26,27, 0.000000000000
27,0, 0.000000000000
27,1, 0.000000000000
27,2, 0.000000000000
27,3, 0.000000000000
27,4, 0.000000000000
27,5, 0.000000000000
27,6, 0.000000000000
27,7, 0.000000000000
27,8, 0.000000000000
27,9, 0.000000000000
27,10, 0.000000000000
27,11, 0.000000000000
27,12, 0.000000000000
27,13,-0.037806762743
27,14, 0.000000000000
27,15, 0.000000000000
27,16, 0.000000000000
27,17, 0.000000000000
27,18, 0.000000000000
27,19, 0.000000000000
27,20, 0.000000000000
27,21, 0.000000000000
27,22, 0.000000000000
27,23, 0.000000000000
27,24, 0.000000000000
27,25, 0.000000000000
27,26, 0.000000000000
27,27,-1.238952569155
