0,0,-2.795339219935
0,1,-1.539177836357
0,2,-0.765866993040
0,3, 0.000000000000
0,4, 0.000000000000
0,5,-0.193568250033
0,6, 0.000000000000
0,7, 0.000000000000
0,8,-0.122513214837
0,9, 0.000000000000
0,10, 0.000000000000
0,11,-0.094435600875
0,12, 0.000000000000
0,13, 0.000000000000
0,14,-0.615528289586
0,15,-0.915228423485
0,16,-0.637456054673
0,17, 0.000000000000
0,18, 0.000000000000
0,19, 0.969628999817
0,20, 0.000000000000
0,21, 0.000000000000
0,22, 1.278428103581
0,23, 0.000000000000
0,24, 0.000000000000
0,25,-1.264816838671
0,26, 0.000000000000
0,27, 0.000000000000
1,0,-1.539177836357
1,1,-1.530317658802
1,2,-1.027648992710
1,3, 0.000000000000
1,4, 0.000000000000
1,5,-0.208417190408
1,6, 0.000000000000
1,7, 0.000000000000
1,8,-0.250324588383
1,9, 0.000000000000
1,10, 0.000000000000
1,11,-0.164413440515
1,12, 0.000000000000
1,13, 0.000000000000
1,14,-0.915228423485
1,15,-1.152600435284
1,16,-0.903556907013
1,17, 0.000000000000
1,18, 0.000000000000
1,19, 0.613750603288
1,20, 0.000000000000
1,21, 0.000000000000
1,22, 0.971491878497
1,23, 0.000000000000
1,24, 0.000000000000
1,25,-0.470623676108
1,26, 0.000000000000
1,27, 0.000000000000
2,0,-0.765866993040
2,1,-1.027648992710
2,2,-0.957014972203
2,3, 0.000000000000
2,4, 0.000000000000
2,5,-0.119575226786
2,6, 0.000000000000
2,7, 0.000000000000
2,8,-0.195117695178
2,9, 0.000000000000
2,10, 0.000000000000
2,11,-0.108146204966
2,12, 0.000000000000
2,13, 0.000000000000
2,14,-0.637456054673
2,15,-0.903556907013
2,16,-0.884366799093
2,17, 0.000000000000
2,18, 0.000000000000
2,19, 0.219999379756
2,20, 0.000000000000
2,21, 0.000000000000
2,22, 0.435126811323
2,23, 0.000000000000
2,24, 0.000000000000
2,25,-0.154412944100
2,26, 0.000000000000
2,27, 0.000000000000
3,0, 0.000000000000
3,1, 0.000000000000
3,2, 0.000000000000
3,3,-1.889797695637
3,4, 0.000000000000
3,5, 0.000000000000
3,6,-0.986464153873
3,7, 0.000000000000
3,8, 0.000000000000
3,9, 0.000000000000
3,10, 0.000000000000
3,11, 0.000000000000
3,12,-0.136899556453
3,13, 0.000000000000
3,14, 0.000000000000
3,15, 0.000000000000
3,16, 0.000000000000
3,17,-0.436593363299
3,18, 0.000000000000
3,19, 0.000000000000
3,20,-0.537348358301
3,21, 0.000000000000
3,22, 0.000000000000
3,23, 0.000000000000
3,24, 0.000000000000
3,25, 0.000000000000
3,26, 0.867042628847
3,27, 0.000000000000
4,0, 0.000000000000
4,1, 0.000000000000
4,2, 0.000000000000
4,3, 0.000000000000
4,4,-1.889797695637
4,5, 0.000000000000
4,6, 0.000000000000
4,7,-0.986464153873
4,8, 0.000000000000
4,9, 0.000000000000
4,10,-0.136899556453
4,11, 0.000000000000
4,12, 0.000000000000
4,13, 0.000000000000
4,14, 0.000000000000
4,15, 0.000000000000
4,16, 0.000000000000
4,17, 0.000000000000
4,18,-0.436593363299
4,19, 0.000000000000
4,20, 0.000000000000
4,21,-0.537348358301
4,22, 0.000000000000
4,23, 0.000000000000
4,24, 0.867042628847
4,25, 0.000000000000
4,26, 0.000000000000
4,27, 0.000000000000
5,0,-0.193568250033
5,1,-0.208417190408
5,2,-0.119575226786
5,3, 0.000000000000
5,4, 0.000000000000
5,5,-2.055112105315
5,6, 0.000000000000
5,7, 0.000000000000
5,8,-1.122444017339
5,9, 0.000000000000
5,10, 0.000000000000
5,11,-0.289951978028
5,12, 0.000000000000
5,13, 0.000000000000
5,14,-0.969628999817
5,15,-0.613750603288
5,16,-0.219999379756
5,17, 0.000000000000
5,18, 0.000000000000
5,19, 1.061353936620
5,20, 0.000000000000
5,21, 0.000000000000
5,22, 0.309041649590
5,23, 0.000000000000
5,24, 0.000000000000
5,25,-0.466304337713
5,26, 0.000000000000
5,27, 0.000000000000
6,0, 0.000000000000
6,1, 0.000000000000
6,2, 0.000000000000
6,3,-0.986464153873
6,4, 0.000000000000
6,5, 0.000000000000
6,6,-1.165083132266
6,7, 0.000000000000
6,8, 0.000000000000
6,9, 0.000000000000
6,10, 0.000000000000
6,11, 0.000000000000
6,12,-0.135943906468
6,13, 0.000000000000
6,14, 0.000000000000
6,15, 0.000000000000
6,16, 0.000000000000
6,17,-0.537348358301
6,18, 0.000000000000
6,19, 0.000000000000
6,20,-0.809930958761
6,21, 0.000000000000
6,22, 0.000000000000
6,23, 0.000000000000
6,24, 0.000000000000
6,25, 0.000000000000
6,26, 0.536743845913
6,27, 0.000000000000
7,0, 0.000000000000
7,1, 0.000000000000
7,2, 0.000000000000
7,3, 0.000000000000
7,4,-0.986464153873
7,5, 0.000000000000
7,6, 0.000000000000
7,7,-1.165083132266
7,8, 0.000000000000
7,9, 0.000000000000
7,10,-0.135943906468
7,11, 0.000000000000
7,12, 0.000000000000
7,13, 0.000000000000
7,14, 0.000000000000
7,15, 0.000000000000
7,16, 0.000000000000
7,17, 0.000000000000
7,18,-0.537348358301
7,19, 0.000000000000
7,20, 0.000000000000
7,21,-0.809930958761
7,22, 0.000000000000
7,23, 0.000000000000
7,24, 0.536743845913
7,25, 0.000000000000
7,26, 0.000000000000
7,27, 0.000000000000
8,0,-0.122513214837
8,1,-0.250324588383
8,2,-0.195117695178
8,3, 0.000000000000
8,4, 0.000000000000
8,5,-1.122444017339
8,6, 0.000000000000
8,7, 0.000000000000
8,8,-1.380870453067
8,9, 0.000000000000
8,10, 0.000000000000
8,11,-0.323170699456
8,12, 0.000000000000
8,13, 0.000000000000
8,14,-1.278428103581
8,15,-0.971491878497
8,16,-0.435126811323
8,17, 0.000000000000
8,18, 0.000000000000
8,19, 0.309041649590
8,20, 0.000000000000
8,21, 0.000000000000
8,22,-0.018075963382
8,23, 0.000000000000
8,24, 0.000000000000
8,25, 0.121729177236
8,26, 0.000000000000
8,27, 0.000000000000
9,0, 0.000000000000
9,1, 0.000000000000
9,2, 0.000000000000
9,3, 0.000000000000
9,4, 0.000000000000
9,5, 0.000000000000
9,6, 0.000000000000
9,7, 0.000000000000
9,8, 0.000000000000
9,9,-1.433072334641
9,10, 0.000000000000
9,11, 0.000000000000
9,12, 0.000000000000
9,13, 0.000000000000
9,14, 0.000000000000
9,15, 0.000000000000
9,16, 0.000000000000
9,17, 0.000000000000
9,18, 0.000000000000
9,19, 0.000000000000
9,20, 0.000000000000
9,21, 0.000000000000
9,22, 0.000000000000
9,23,-0.490572309540
9,24, 0.000000000000
9,25, 0.000000000000
9,26, 0.000000000000
9,27, 0.000000000000
10,0, 0.000000000000
10,1, 0.000000000000
10,2, 0.000000000000
10,3, 0.000000000000
10,4,-0.136899556453
10,5, 0.000000000000
10,6, 0.000000000000
10,7,-0.135943906468
10,8, 0.000000000000
10,9, 0.000000000000
10,10,-1.541670727984
10,11, 0.000000000000
10,12, 0.000000000000
10,13, 0.000000000000
10,14, 0.000000000000
10,15, 0.000000000000
10,16, 0.000000000000
10,17, 0.000000000000
10,18,-0.867042628847
10,19, 0.000000000000
10,20, 0.000000000000
10,21,-0.536743845913
10,22, 0.000000000000
10,23, 0.000000000000
10,24, 0.743285268222
10,25, 0.000000000000
10,26, 0.000000000000
10,27, 0.000000000000
11,0,-0.094435600875
11,1,-0.164413440515
11,2,-0.108146204966
11,3, 0.000000000000
11,4, 0.000000000000
11,5,-0.289951978028
11,6, 0.000000000000
11,7, 0.000000000000
11,8,-0.323170699456
11,9, 0.000000000000
11,10, 0.000000000000
11,11,-1.744293010481
11,12, 0.000000000000
11,13, 0.000000000000
11,14,-1.264816838671
11,15,-0.470623676108
11,16,-0.154412944100
11,17, 0.000000000000
11,18, 0.000000000000
11,19, 0.466304337713
11,20, 0.000000000000
11,21, 0.000000000000
11,22,-0.121729177236
11,23, 0.000000000000
11,24, 0.000000000000
11,25, 0.103303727044
11,26, 0.000000000000
11,27, 0.000000000000
12,0, 0.000000000000
12,1, 0.000000000000
12,2, 0.000000000000
12,3,-0.136899556453
12,4, 0.000000000000
12,5, 0.000000000000
12,6,-0.135943906468
12,7, 0.000000000000
12,8, 0.000000000000
12,9, 0.000000000000
12,10, 0.000000000000
12,11, 0.000000000000
12,12,-1.541670727984
12,13, 0.000000000000
12,14, 0.000000000000
12,15, 0.000000000000
12,16, 0.000000000000
12,17,-0.867042628847
12,18, 0.000000000000
12,19, 0.000000000000
12,20,-0.536743845913
12,21, 0.000000000000
12,22, 0.000000000000
12,23, 0.000000000000
12,24, 0.000000000000
12,25, 0.000000000000
12,26, 0.743285268222
12,27, 0.000000000000
13,0, 0.000000000000
13,1, 0.000000000000
13,2, 0.000000000000
13,3, 0.000000000000
13,4, 0.000000000000
13,5, 0.000000000000
13,6, 0.000000000000
13,7, 0.000000000000
13,8, 0.000000000000
13,9, 0.000000000000
13,10, 0.000000000000
13,11, 0.000000000000
13,12, 0.000000000000
13,13,-1.433072334641
13,14, 0.000000000000
13,15, 0.000000000000
13,16, 0.000000000000
13,17, 0.000000000000
13,18, 0.000000000000
13,19, 0.000000000000
13,20, 0.000000000000
13,21, 0.000000000000
13,22, 0.000000000000
13,23, 0.000000000000
13,24, 0.000000000000
13,25, 0.000000000000
13,26, 0.000000000000
13,27,-0.490572309540
14,0,-0.615528289586
14,1,-0.915228423485
14,2,-0.637456054673
14,3, 0.000000000000
14,4, 0.000000000000
14,5,-0.969628999817
14,6, 0.000000000000
14,7, 0.000000000000
14,8,-1.278428103581
14,9, 0.000000000000
14,10, 0.000000000000
14,11,-1.264816838671
14,12, 0.000000000000
14,13, 0.000000000000
14,14,-2.795339219935
14,15,-1.539177836357
14,16,-0.765866993040
14,17, 0.000000000000
14,18, 0.000000000000
14,19, 0.193568250033
14,20, 0.000000000000
14,21, 0.000000000000
14,22, 0.122513214837
14,23, 0.000000000000
14,24, 0.000000000000
14,25,-0.094435600875
14,26, 0.000000000000
14,27, 0.000000000000
15,0,-0.915228423485
15,1,-1.152600435284
15,2,-0.903556907013
15,3, 0.000000000000
15,4, 0.000000000000
15,5,-0.613750603288
15,6, 0.000000000000
15,7, 0.000000000000
15,8,-0.971491878497
15,9, 0.000000000000
15,10, 0.000000000000
15,11,-0.470623676108
15,12, 0.000000000000
15,13, 0.000000000000
15,14,-1.539177836357
15,15,-1.530317658802
15,16,-1.027648992710
15,17, 0.000000000000
15,18, 0.000000000000
15,19, 0.208417190408
15,20, 0.000000000000
15,21, 0.000000000000
15,22, 0.250324588383
15,23, 0.000000000000
15,24, 0.000000000000
15,25,-0.164413440515
15,26, 0.000000000000
15,27, 0.000000000000
16,0,-0.637456054673
16,1,-0.903556907013
16,2,-0.884366799093
16,3, 0.000000000000
16,4, 0.000000000000
16,5,-0.219999379756
16,6, 0.000000000000
16,7, 0.000000000000
16,8,-0.435126811323
16,9, 0.000000000000
16,10, 0.000000000000
16,11,-0.154412944100
16,12, 0.000000000000
16,13, 0.000000000000
16,14,-0.765866993040
16,15,-1.027648992710
16,16,-0.957014972203
16,17, 0.000000000000
16,18, 0.000000000000
16,19, 0.119575226786
16,20, 0.000000000000
16,21, 0.000000000000
16,22, 0.195117695178
16,23, 0.000000000000
16,24, 0.000000000000
16,25,-0.108146204966
16,26, 0.000000000000
16,27, 0.000000000000
17,0, 0.000000000000
17,1, 0.000000000000
17,2, 0.000000000000
17,3,-0.436593363299
17,4, 0.000000000000
17,5, 0.000000000000
17,6,-0.537348358301
17,7, 0.000000000000
17,8, 0.000000000000
17,9, 0.000000000000
17,10, 0.000000000000
17,11, 0.000000000000
17,12,-0.867042628847
17,13, 0.000000000000
17,14, 0.000000000000
17,15, 0.000000000000
17,16, 0.000000000000
17,17,-1.889797695637
17,18, 0.000000000000
17,19, 0.000000000000
17,20,-0.986464153873
17,21, 0.000000000000
17,22, 0.000000000000
17,23, 0.000000000000
17,24, 0.000000000000
17,25, 0.000000000000
17,26, 0.136899556453
17,27, 0.000000000000
18,0, 0.000000000000
18,1, 0.000000000000
18,2, 0.000000000000
18,3, 0.000000000000
18,4,-0.436593363299
18,5, 0.000000000000
18,6, 0.000000000000
18,7,-0.537348358301
18,8, 0.000000000000
18,9, 0.000000000000
18,10,-0.867042628847
18,11, 0.000000000000
18,12, 0.000000000000
18,13, 0.000000000000
18,14, 0.000000000000
18,15, 0.000000000000
18,16, 0.000000000000
18,17, 0.000000000000
18,18,-1.889797695637
18,19, 0.000000000000
18,20, 0.000000000000
18,21,-0.986464153873
18,22, 0.000000000000
18,23, 0.000000000000
18,24, 0.136899556453
18,25, 0.000000000000
18,26, 0.000000000000
18,27, 0.000000000000
19,0, 0.969628999817
19,1, 0.613750603288
19,2, 0.219999379756
19,3, 0.000000000000
19,4, 0.000000000000
19,5, 1.061353936620
19,6, 0.000000000000
19,7, 0.000000000000
19,8, 0.309041649590
19,9, 0.000000000000
19,10, 0.000000000000
19,11, 0.466304337713
19,12, 0.000000000000
19,13, 0.000000000000
19,14, 0.193568250033
19,15, 0.208417190408
19,16, 0.119575226786
19,17, 0.000000000000
19,18, 0.000000000000
19,19,-2.055112105315
19,20, 0.000000000000
19,21, 0.000000000000
19,22,-1.122444017339
19,23, 0.000000000000
19,24, 0.000000000000
19,25, 0.289951978028
19,26, 0.000000000000
19,27, 0.000000000000
20,0, 0.000000000000
20,1, 0.000000000000
20,2, 0.000000000000
20,3,-0.537348358301
20,4, 0.000000000000
20,5, 0.000000000000
20,6,-0.809930958761
20,7, 0.000000000000
20,8, 0.000000000000
20,9, 0.000000000000
20,10, 0.000000000000
20,11, 0.000000000000
20,12,-0.536743845913
20,13, 0.000000000000
20,14, 0.000000000000
20,15, 0.000000000000
20,16, 0.000000000000
20,17,-0.986464153873
20,18, 0.000000000000
20,19, 0.000000000000
20,20,-1.165083132266
20,21, 0.000000000000
20,22, 0.000000000000
20,23, 0.000000000000
20,24, 0.000000000000
20,25, 0.000000000000
20,26, 0.135943906468
20,27, 0.000000000000
21,0, 0.000000000000
21,1, 0.000000000000
21,2, 0.000000000000
21,3, 0.000000000000
21,4,-0.537348358301
21,5, 0.000000000000
21,6, 0.000000000000
21,7,-0.809930958761
21,8, 0.000000000000
21,9, 0.000000000000
21,10,-0.536743845913
21,11, 0.000000000000
21,12, 0.000000000000
21,13, 0.000000000000
21,14, 0.000000000000
21,15, 0.000000000000
21,16, 0.000000000000
21,17, 0.000000000000
21,18,-0.986464153873
21,19, 0.000000000000
21,20, 0.000000000000
21,21,-1.165083132266
21,22, 0.000000000000
21,23, 0.000000000000
21,24, 0.135943906468
21,25, 0.000000000000
21,26, 0.000000000000
21,27, 0.000000000000
22,0, 1.278428103581
22,1, 0.971491878497
22,2, 0.435126811323
22,3, 0.000000000000
22,4, 0.000000000000
22,5, 0.309041649590
22,6, 0.000000000000
22,7, 0.000000000000
22,8,-0.018075963382
22,9, 0.000000000000
22,10, 0.000000000000
22,11,-0.121729177236
22,12, 0.000000000000
22,13, 0.000000000000
22,14, 0.122513214837
22,15, 0.250324588383
22,16, 0.195117695178
22,17, 0.000000000000
22,18, 0.000000000000
22,19,-1.122444017339
22,20, 0.000000000000
22,21, 0.000000000000
22,22,-1.380870453067
22,23, 0.000000000000
22,24, 0.000000000000
22,25, 0.323170699456
22,26, 0.000000000000
22,27, 0.000000000000
23,0, 0.000000000000
23,1, 0.000000000000
23,2, 0.000000000000
23,3, 0.000000000000
23,4, 0.000000000000
23,5, 0.000000000000
23,6, 0.000000000000
23,7, 0.000000000000
23,8, 0.000000000000
23,9,-0.490572309540
23,10, 0.000000000000
23,11, 0.000000000000
23,12, 0.000000000000
23,13, 0.000000000000
23,14, 0.000000000000
23,15, 0.000000000000
23,16, 0.000000000000
23,17, 0.000000000000
23,18, 0.000000000000
23,19, 0.000000000000
23,20, 0.000000000000
23,21, 0.000000000000
23,22, 0.000000000000
23,23,-1.433072334641
23,24, 0.000000000000
23,25, 0.000000000000
23,26, 0.000000000000
23,27, 0.000000000000
24,0, 0.000000000000
24,1, 0.000000000000
24,2, 0.000000000000
24,3, 0.000000000000
24,4, 0.867042628847
24,5, 0.000000000000
24,6, 0.000000000000
24,7, 0.536743845913
24,8, 0.000000000000
24,9, 0.000000000000
24,10, 0.743285268222
24,11, 0.000000000000
24,12, 0.000000000000
24,13, 0.000000000000
24,14, 0.000000000000
24,15, 0.000000000000
24,16, 0.000000000000
24,17, 0.000000000000
24,18, 0.136899556453
24,19, 0.000000000000
24,20, 0.000000000000
24,21, 0.135943906468
24,22, 0.000000000000
24,23, 0.000000000000
24,24,-1.541670727984
24,25, 0.000000000000
24,26, 0.000000000000
24,27, 0.000000000000
25,0,-1.264816838671
25,1,-0.470623676108
25,2,-0.154412944100
25,3, 0.000000000000
25,4, 0.000000000000
25,5,-0.466304337713
25,6, 0.000000000000
25,7, 0.000000000000
25,8, 0.121729177236
25,9, 0.000000000000
25,10, 0.000000000000
25,11, 0.103303727044
25,12, 0.000000000000
25,13, 0.000000000000
25,14,-0.094435600875
25,15,-0.164413440515
25,16,-0.108146204966
25,17, 0.000000000000
25,18, 0.000000000000
25,19, 0.289951978028
25,20, 0.000000000000
25,21, 0.000000000000
25,22, 0.323170699456
25,23, 0.000000000000
25,24, 0.000000000000
25,25,-1.744293010481
25,26, 0.000000000000
25,27, 0.000000000000
26,0, 0.000000000000
26,1, 0.000000000000
26,2, 0.000000000000
26,3, 0.867042628847
26,4, 0.000000000000
26,5, 0.000000000000
26,6, 0.536743845913
26,7, 0.000000000000
26,8, 0.000000000000
26,9, 0.000000000000
26,10, 0.000000000000
26,11, 0.000000000000
26,12, 0.743285268222
26,13, 0.000000000000
26,14, 0.000000000000
26,15, 0.000000000000
26,16, 0.000000000000
26,17, 0.136899556453
26,18, 0.000000000000
26,19, 0.000000000000
26,20, 0.135943906468
26,21, 0.000000000000
26,22, 0.000000000000
26,23, 0.000000000000
26,24, 0.000000000000
26,25, 0.000000000000
26,26,-1.541670727984
26,27, 0.000000000000
27,0, 0.000000000000
27,1, 0.000000000000
27,2, 0.000000000000
27,3, 0.000000000000
27,4, 0.000000000000
27,5, 0.000000000000
27,6, 0.000000000000
27,7, 0.000000000000
27,8, 0.000000000000
27,9, 0.000000000000
27,10, 0.000000000000
27,11, 0.000000000000
27,12, 0.000000000000
27,13,-0.490572309540
27,14, 0.000000000000
27,15, 0.000000000000
27,16, 0.000000000000
27,17, 0.000000000000
27,18, 0.000000000000
27,19, 0.000000000000
27,20, 0.000000000000
27,21, 0.000000000000
27,22, 0.000000000000
27,23, 0.000000000000
27,24, 0.000000000000
27,25, 0.000000000000
27,26, 0.000000000000
27,27,-1.433072334641
