0,0,-2.679357397145
0,1,-1.461054033291
0,2,-0.726055323133
0,3, 0.000000000000
0,4, 0.000000000000
0,5,-0.134575550733
0,6, 0.000000000000
0,7, 0.000000000000
0,8,-0.089987594395
0,9, 0.000000000000
0,10, 0.000000000000
0,11,-0.058276307183
0,12, 0.000000000000
0,13, 0.000000000000
0,14,-0.296083659857
0,15,-0.664819999395
0,16,-0.550092192902
0,17, 0.000000000000
0,18, 0.000000000000
0,19, 0.525478202158
0,20, 0.000000000000
0,21, 0.000000000000
0,22, 1.093349157407
0,23, 0.000000000000
0,24, 0.000000000000
0,25,-0.897021105270
0,26, 0.000000000000
0,27, 0.000000000000
1,0,-1.461054033291
1,1,-1.453734639393
1,2,-0.984641530081
1,3, 0.000000000000
1,4, 0.000000000000
1,5,-0.150638972284
1,6, 0.000000000000
1,7, 0.000000000000
1,8,-0.218671495939
1,9, 0.000000000000
1,10, 0.000000000000
1,11,-0.119797460845
1,12, 0.000000000000
1,13, 0.000000000000
1,14,-0.664819999395
1,15,-0.939794852562
1,16,-0.809289771812
1,17, 0.000000000000
1,18, 0.000000000000
1,19, 0.488892230785
1,20, 0.000000000000
1,21, 0.000000000000
1,22, 0.932921798170
1,23, 0.000000000000
1,24, 0.000000000000
1,25,-0.418126794029
1,26, 0.000000000000
1,27, 0.000000000000
2,0,-0.726055323133
2,1,-0.984641530081
2,2,-0.932246251606
2,3, 0.000000000000
2,4, 0.000000000000
2,5,-0.088382408885
2,6, 0.000000000000
2,7, 0.000000000000
2,8,-0.184806803475
2,9, 0.000000000000
2,10, 0.000000000000
2,11,-0.084779621085
2,12, 0.000000000000
2,13, 0.000000000000
2,14,-0.550092192902
2,15,-0.809289771812
2,16,-0.828251873282
2,17, 0.000000000000
2,18, 0.000000000000
2,19, 0.189456991015
2,20, 0.000000000000
2,21, 0.000000000000
2,22, 0.444875467881
2,23, 0.000000000000
2,24, 0.000000000000
2,25,-0.133184556556
2,26, 0.000000000000
2,27, 0.000000000000
3,0, 0.000000000000
3,1, 0.000000000000
3,2, 0.000000000000
3,3,-1.797494536279
3,4, 0.000000000000
3,5, 0.000000000000
3,6,-0.937770736485
3,7, 0.000000000000
3,8, 0.000000000000
3,9, 0.000000000000
3,10, 0.000000000000
3,11, 0.000000000000
3,12,-0.105534979361
3,13, 0.000000000000
3,14, 0.000000000000
3,15, 0.000000000000
3,16, 0.000000000000
3,17,-0.201952299821
3,18, 0.000000000000
3,19, 0.000000000000
3,20,-0.378442380106
3,21, 0.000000000000
3,22, 0.000000000000
3,23, 0.000000000000
3,24, 0.000000000000
3,25, 0.000000000000
3,26, 0.540210703024
3,27, 0.000000000000
4,0, 0.000000000000
4,1, 0.000000000000
4,2, 0.000000000000
4,3, 0.000000000000
4,4,-1.797494536279
4,5, 0.000000000000
4,6, 0.000000000000
4,7,-0.937770736485
4,8, 0.000000000000
4,9, 0.000000000000
4,10,-0.105534979361
4,11, 0.000000000000
4,12, 0.000000000000
4,13, 0.000000000000
4,14, 0.000000000000
4,15, 0.000000000000
4,16, 0.000000000000
4,17, 0.000000000000
4,18,-0.201952299821
4,19, 0.000000000000
4,20, 0.000000000000
4,21,-0.378442380106
4,22, 0.000000000000
4,23, 0.000000000000
4,24, 0.540210703024
4,25, 0.000000000000
4,26, 0.000000000000
4,27, 0.000000000000
5,0,-0.134575550733
5,1,-0.150638972284
5,2,-0.088382408885
5,3, 0.000000000000
5,4, 0.000000000000
5,5,-1.894903444583
5,6, 0.000000000000
5,7, 0.000000000000
5,8,-1.027404173517
5,9, 0.000000000000
5,10, 0.000000000000
5,11,-0.193918907958
5,12, 0.000000000000
5,13, 0.000000000000
5,14,-0.525478202158
5,15,-0.488892230785
5,16,-0.189456991015
5,17, 0.000000000000
5,18, 0.000000000000
5,19, 0.788761183443
5,20, 0.000000000000
5,21, 0.000000000000
5,22, 0.458918497367
5,23, 0.000000000000
5,24, 0.000000000000
5,25,-0.688325021277
5,26, 0.000000000000
5,27, 0.000000000000
6,0, 0.000000000000
6,1, 0.000000000000
6,2, 0.000000000000
6,3,-0.937770736485
6,4, 0.000000000000
6,5, 0.000000000000
6,6,-1.118596302471
6,7, 0.000000000000
6,8, 0.000000000000
6,9, 0.000000000000
6,10, 0.000000000000
6,11, 0.000000000000
6,12,-0.114194211622
6,13, 0.000000000000
6,14, 0.000000000000
6,15, 0.000000000000
6,16, 0.000000000000
6,17,-0.378442380106
6,18, 0.000000000000
6,19, 0.000000000000
6,20,-0.649446434954
6,21, 0.000000000000
6,22, 0.000000000000
6,23, 0.000000000000
6,24, 0.000000000000
6,25, 0.000000000000
6,26, 0.453239996626
6,27, 0.000000000000
7,0, 0.000000000000
7,1, 0.000000000000
7,2, 0.000000000000
7,3, 0.000000000000
7,4,-0.937770736485
7,5, 0.000000000000
7,6, 0.000000000000
7,7,-1.118596302471
7,8, 0.000000000000
7,9, 0.000000000000
7,10,-0.114194211622
7,11, 0.000000000000
7,12, 0.000000000000
7,13, 0.000000000000
7,14, 0.000000000000
7,15, 0.000000000000
7,16, 0.000000000000
7,17, 0.000000000000
7,18,-0.378442380106
7,19, 0.000000000000
7,20, 0.000000000000
7,21,-0.649446434954
7,22, 0.000000000000
7,23, 0.000000000000
7,24, 0.453239996626
7,25, 0.000000000000
7,26, 0.000000000000
7,27, 0.000000000000
8,0,-0.089987594395
8,1,-0.218671495939
8,2,-0.184806803475
8,3, 0.000000000000
8,4, 0.000000000000
8,5,-1.027404173517
8,6, 0.000000000000
8,7, 0.000000000000
8,8,-1.317212669862
8,9, 0.000000000000
8,10, 0.000000000000
8,11,-0.254123311778
8,12, 0.000000000000
8,13, 0.000000000000
8,14,-1.093349157407
8,15,-0.932921798170
8,16,-0.444875467881
8,17, 0.000000000000
8,18, 0.000000000000
8,19, 0.458918497367
8,20, 0.000000000000
8,21, 0.000000000000
8,22, 0.267434702029
8,23, 0.000000000000
8,24, 0.000000000000
8,25,-0.061462840976
8,26, 0.000000000000
8,27, 0.000000000000
9,0, 0.000000000000
9,1, 0.000000000000
9,2, 0.000000000000
9,3, 0.000000000000
9,4, 0.000000000000
9,5, 0.000000000000
9,6, 0.000000000000
9,7, 0.000000000000
9,8, 0.000000000000
9,9,-1.366341496058
9,10, 0.000000000000
9,11, 0.000000000000
9,12, 0.000000000000
9,13, 0.000000000000
9,14, 0.000000000000
9,15, 0.000000000000
9,16, 0.000000000000
9,17, 0.000000000000
9,18, 0.000000000000
9,19, 0.000000000000
9,20, 0.000000000000
9,21, 0.000000000000
9,22, 0.000000000000
9,23,-0.278159497188
9,24, 0.000000000000
9,25, 0.000000000000
9,26, 0.000000000000
9,27, 0.000000000000
10,0, 0.000000000000
10,1, 0.000000000000
10,2, 0.000000000000
10,3, 0.000000000000
10,4,-0.105534979361
10,5, 0.000000000000
10,6, 0.000000000000
10,7,-0.114194211622
10,8, 0.000000000000
10,9, 0.000000000000
10,10,-1.447344616430
10,11, 0.000000000000
10,12, 0.000000000000
10,13, 0.000000000000
10,14, 0.000000000000
10,15, 0.000000000000
10,16, 0.000000000000
10,17, 0.000000000000
10,18,-0.540210703024
10,19, 0.000000000000
10,20, 0.000000000000
10,21,-0.453239996626
10,22, 0.000000000000
10,23, 0.000000000000
10,24, 0.729674741484
10,25, 0.000000000000
10,26, 0.000000000000
10,27, 0.000000000000
11,0,-0.058276307183
11,1,-0.119797460845
11,2,-0.084779621085
11,3, 0.000000000000
11,4, 0.000000000000
11,5,-0.193918907958
11,6, 0.000000000000
11,7, 0.000000000000
11,8,-0.254123311778
11,9, 0.000000000000
11,10, 0.000000000000
11,11,-1.571934839966
11,12, 0.000000000000
11,13, 0.000000000000
11,14,-0.897021105270
11,15,-0.418126794029
11,16,-0.133184556556
11,17, 0.000000000000
11,18, 0.000000000000
11,19, 0.688325021277
11,20, 0.000000000000
11,21, 0.000000000000
11,22, 0.061462840976
11,23, 0.000000000000
11,24, 0.000000000000
11,25,-0.169228574374
11,26, 0.000000000000
11,27, 0.000000000000
12,0, 0.000000000000
12,1, 0.000000000000
12,2, 0.000000000000
12,3,-0.105534979361
12,4, 0.000000000000
12,5, 0.000000000000
12,6,-0.114194211622
12,7, 0.000000000000
12,8, 0.000000000000
12,9, 0.000000000000
12,10, 0.000000000000
12,11, 0.000000000000
12,12,-1.447344616430
12,13, 0.000000000000
12,14, 0.000000000000
12,15, 0.000000000000
12,16, 0.000000000000
12,17,-0.540210703024
12,18, 0.000000000000
12,19, 0.000000000000
12,20,-0.453239996626
12,21, 0.000000000000
12,22, 0.000000000000
12,23, 0.000000000000
12,24, 0.000000000000
12,25, 0.000000000000
12,26, 0.729674741484
12,27, 0.000000000000
13,0, 0.000000000000
13,1, 0.000000000000
13,2, 0.000000000000
13,3, 0.000000000000
13,4, 0.000000000000
13,5, 0.000000000000
13,6, 0.000000000000
13,7, 0.000000000000
13,8, 0.000000000000
13,9, 0.000000000000
13,10, 0.000000000000
13,11, 0.000000000000
13,12, 0.000000000000
13,13,-1.366341496058
13,14, 0.000000000000
13,15, 0.000000000000
13,16, 0.000000000000
13,17, 0.000000000000
13,18, 0.000000000000
13,19, 0.000000000000
13,20, 0.000000000000
13,21, 0.000000000000
13,22, 0.000000000000
13,23, 0.000000000000
13,24, 0.000000000000
13,25, 0.000000000000
13,26, 0.000000000000
13,27,-0.278159497188
14,0,-0.296083659857
14,1,-0.664819999395
14,2,-0.550092192902
14,3, 0.000000000000
14,4, 0.000000000000
14,5,-0.525478202158
14,6, 0.000000000000
14,7, 0.000000000000
14,8,-1.093349157407
14,9, 0.000000000000
14,10, 0.000000000000
14,11,-0.897021105270
14,12, 0.000000000000
14,13, 0.000000000000
14,14,-2.679357397145
14,15,-1.461054033291
14,16,-0.726055323133
14,17, 0.000000000000
14,18, 0.000000000000
14,19, 0.134575550733
14,20, 0.000000000000
14,21, 0.000000000000
14,22, 0.089987594395
14,23, 0.000000000000
14,24, 0.000000000000
14,25,-0.058276307183
14,26, 0.000000000000
14,27, 0.000000000000
15,0,-0.664819999395
15,1,-0.939794852562
15,2,-0.809289771812
15,3, 0.000000000000
15,4, 0.000000000000
15,5,-0.488892230785
15,6, 0.000000000000
15,7, 0.000000000000
15,8,-0.932921798170
15,9, 0.000000000000
15,10, 0.000000000000
15,11,-0.418126794029
15,12, 0.000000000000
15,13, 0.000000000000
15,14,-1.461054033291
15,15,-1.453734639393
15,16,-0.984641530081
15,17, 0.000000000000
15,18, 0.000000000000
15,19, 0.150638972284
15,20, 0.000000000000
15,21, 0.000000000000
15,22, 0.218671495939
15,23, 0.000000000000
15,24, 0.000000000000
15,25,-0.119797460845
15,26, 0.000000000000
15,27, 0.000000000000
16,0,-0.550092192902
16,1,-0.809289771812
16,2,-0.828251873282
16,3, 0.000000000000
16,4, 0.000000000000
16,5,-0.189456991015
16,6, 0.000000000000
16,7, 0.000000000000
16,8,-0.444875467881
16,9, 0.000000000000
16,10, 0.000000000000
16,11,-0.133184556556
16,12, 0.000000000000
16,13, 0.000000000000
16,14,-0.726055323133
16,15,-0.984641530081
16,16,-0.932246251606
16,17, 0.000000000000
16,18, 0.000000000000
16,19, 0.088382408885
16,20, 0.000000000000
16,21, 0.000000000000
16,22, 0.184806803475
16,23, 0.000000000000
16,24, 0.000000000000
16,25,-0.084779621085
16,26, 0.000000000000
16,27, 0.000000000000
17,0, 0.000000000000
17,1, 0.000000000000
17,2, 0.000000000000
17,3,-0.201952299821
17,4, 0.000000000000
17,5, 0.000000000000
17,6,-0.378442380106
17,7, 0.000000000000
17,8, 0.000000000000
17,9, 0.000000000000
17,10, 0.000000000000
17,11, 0.000000000000
17,12,-0.540210703024
17,13, 0.000000000000
17,14, 0.000000000000
17,15, 0.000000000000
17,16, 0.000000000000
17,17,-1.797494536279
17,18, 0.000000000000
17,19, 0.000000000000
17,20,-0.937770736485
17,21, 0.000000000000
17,22, 0.000000000000
17,23, 0.000000000000
17,24, 0.000000000000
17,25, 0.000000000000
17,26, 0.105534979361
17,27, 0.000000000000
18,0, 0.000000000000
18,1, 0.000000000000
18,2, 0.000000000000
18,3, 0.000000000000
18,4,-0.201952299821
18,5, 0.000000000000
18,6, 0.000000000000
18,7,-0.378442380106
18,8, 0.000000000000
18,9, 0.000000000000
18,10,-0.540210703024
18,11, 0.000000000000
18,12, 0.000000000000
18,13, 0.000000000000
18,14, 0.000000000000
18,15, 0.000000000000
18,16, 0.000000000000
18,17, 0.000000000000
18,18,-1.797494536279
18,19, 0.000000000000
18,20, 0.000000000000
18,21,-0.937770736485
18,22, 0.000000000000
18,23, 0.000000000000
18,24, 0.105534979361
18,25, 0.000000000000
18,26, 0.000000000000
18,27, 0.000000000000
19,0, 0.525478202158
19,1, 0.488892230785
19,2, 0.189456991015
19,3, 0.000000000000
19,4, 0.000000000000
19,5, 0.788761183443
19,6, 0.000000000000
19,7, 0.000000000000
19,8, 0.458918497367
19,9, 0.000000000000
19,10, 0.000000000000
19,11, 0.688325021277
19,12, 0.000000000000
19,13, 0.000000000000
19,14, 0.134575550733
19,15, 0.150638972284
19,16, 0.088382408885
19,17, 0.000000000000
19,18, 0.000000000000
19,19,-1.894903444583
19,20, 0.000000000000
19,21, 0.000000000000
19,22,-1.027404173517
19,23, 0.000000000000
19,24, 0.000000000000
19,25, 0.193918907958
19,26, 0.000000000000
19,27, 0.000000000000
20,0, 0.000000000000
20,1, 0.000000000000
20,2, 0.000000000000
20,3,-0.378442380106
20,4, 0.000000000000
20,5, 0.000000000000
20,6,-0.649446434954
20,7, 0.000000000000
20,8, 0.000000000000
20,9, 0.000000000000
20,10, 0.000000000000
20,11, 0.000000000000
20,12,-0.453239996626
20,13, 0.000000000000
20,14, 0.000000000000
20,15, 0.000000000000
20,16, 0.000000000000
20,17,-0.937770736485
20,18, 0.000000000000
20,19, 0.000000000000
20,20,-1.118596302471
20,21, 0.000000000000
20,22, 0.000000000000
20,23, 0.000000000000
20,24, 0.000000000000
20,25, 0.000000000000
20,26, 0.114194211622
20,27, 0.000000000000
21,0, 0.000000000000
21,1, 0.000000000000
21,2, 0.000000000000
21,3, 0.000000000000
21,4,-0.378442380106
21,5, 0.000000000000
21,6, 0.000000000000
21,7,-0.649446434954
21,8, 0.000000000000
21,9, 0.000000000000
21,10,-0.453239996626
21,11, 0.000000000000
21,12, 0.000000000000
21,13, 0.000000000000
21,14, 0.000000000000
21,15, 0.000000000000
21,16, 0.000000000000
21,17, 0.000000000000
21,18,-0.937770736485
21,19, 0.000000000000
21,20, 0.000000000000
21,21,-1.118596302471
21,22, 0.000000000000
21,23, 0.000000000000
21,24, 0.114194211622
21,25, 0.000000000000
21,26, 0.000000000000
21,27, 0.000000000000
22,0, 1.093349157407
22,1, 0.932921798170
22,2, 0.444875467881
22,3, 0.000000000000
22,4, 0.000000000000
22,5, 0.458918497367
22,6, 0.000000000000
22,7, 0.000000000000
22,8, 0.267434702029
22,9, 0.000000000000
22,10, 0.000000000000
22,11, 0.061462840976
22,12, 0.000000000000
22,13, 0.000000000000
22,14, 0.089987594395
22,15, 0.218671495939
22,16, 0.184806803475
22,17, 0.000000000000
22,18, 0.000000000000
22,19,-1.027404173517
22,20, 0.000000000000
22,21, 0.000000000000
22,22,-1.317212669862
22,23, 0.000000000000
22,24, 0.000000000000
22,25, 0.254123311778
22,26, 0.000000000000
22,27, 0.000000000000
23,0, 0.000000000000
23,1, 0.000000000000
23,2, 0.000000000000
23,3, 0.000000000000
23,4, 0.000000000000
23,5, 0.000000000000
23,6, 0.000000000000
23,7, 0.000000000000
23,8, 0.000000000000
23,9,-0.278159497188
23,10, 0.000000000000
23,11, 0.000000000000
23,12, 0.000000000000
23,13, 0.000000000000
23,14, 0.000000000000
23,15, 0.000000000000
23,16, 0.000000000000
23,17, 0.000000000000
23,18, 0.000000000000
23,19, 0.000000000000
23,20, 0.000000000000
23,21, 0.000000000000
23,22, 0.000000000000
23,23,-1.366341496058
23,24, 0.000000000000
23,25, 0.000000000000
23,26, 0.000000000000
23,27, 0.000000000000
24,0, 0.000000000000
24,1, 0.000000000000
24,2, 0.000000000000
24,3, 0.000000000000
24,4, 0.540210703024
24,5, 0.000000000000
24,6, 0.000000000000
24,7, 0.453239996626
24,8, 0.000000000000
24,9, 0.000000000000
24,10, 0.729674741484
24,11, 0.000000000000
24,12, 0.000000000000
24,13, 0.000000000000
24,14, 0.000000000000
24,15, 0.000000000000
24,16, 0.000000000000
24,17, 0.000000000000
24,18, 0.105534979361
24,19, 0.000000000000
24,20, 0.000000000000
24,21, 0.114194211622
24,22, 0.000000000000
24,23, 0.000000000000
24,24,-1.447344616430
24,25, 0.000000000000
24,26, 0.000000000000
24,27, 0.000000000000
25,0,-0.897021105270
25,1,-0.418126794029
25,2,-0.133184556556
25,3, 0.000000000000
25,4, 0.000000000000
25,5,-0.688325021277
25,6, 0.000000000000
25,7, 0.000000000000
25,8,-0.061462840976
25,9, 0.000000000000
25,10, 0.000000000000
25,11,-0.169228574374
25,12, 0.000000000000
25,13, 0.000000000000
25,14,-0.058276307183
25,15,-0.119797460845
25,16,-0.084779621085
25,17, 0.000000000000
25,18, 0.000000000000
25,19, 0.193918907958
25,20, 0.000000000000
25,21, 0.000000000000
25,22, 0.254123311778
25,23, 0.000000000000
25,24, 0.000000000000
25,25,-1.571934839966
25,26, 0.000000000000
25,27, 0.000000000000
26,0, 0.000000000000
26,1, 0.000000000000
26,2, 0.000000000000
26,3, 0.540210703024
26,4, 0.000000000000
26,5, 0.000000000000
26,6, 0.453239996626
26,7, 0.000000000000
26,8, 0.000000000000
26,9, 0.000000000000
26,10, 0.000000000000
26,11, 0.000000000000
26,12, 0.729674741484
26,13, 0.000000000000
26,14, 0.000000000000
26,15, 0.000000000000
26,16, 0.000000000000
26,17, 0.105534979361
26,18, 0.000000000000
26,19, 0.000000000000
26,20, 0.114194211622
26,21, 0.000000000000
26,22, 0.000000000000
26,23, 0.000000000000
26,24, 0.000000000000
26,25, 0.000000000000
26,26,-1.447344616430
26,27, 0.000000000000
27,0, 0.000000000000
27,1, 0.000000000000
27,2, 0.000000000000
27,3, 0.000000000000
27,4, 0.000000000000
27,5, 0.000000000000
27,6, 0.000000000000
27,7, 0.000000000000
27,8, 0.000000000000
27,9, 0.000000000000
27,10, 0.000000000000
27,11, 0.000000000000
27,12, 0.000000000000
27,13,-0.278159497188
27,14, 0.000000000000
27,15, 0.000000000000
27,16, 0.000000000000
27,17, 0.000000000000
27,18, 0.000000000000
27,19, 0.000000000000
27,20, 0.000000000000
27,21, 0.000000000000
27,22, 0.000000000000
27,23, 0.000000000000
27,24, 0.000000000000
27,25, 0.000000000000
27,26, 0.000000000000
27,27,-1.366341496058
