0,0,0,0, 0.897251802255
0,0,0,1, 0.504699283325
0,0,0,5, 0.033112382476
0,0,0,6, 0.158618063851
0,0,0,9,-0.043305500658
0,0,1,0, 0.504699283325
0,0,1,1, 0.507364877272
0,0,1,5, 0.084590726658
0,0,1,6, 0.215687621221
0,0,1,9,-0.073506407508
0,0,2,2, 0.775037038942
0,0,2,7, 0.008865688010
0,0,3,3, 0.775037038942
0,0,3,8, 0.008865688010
0,0,4,4, 0.775037038942
0,0,4,5, 0.044903006298
0,0,4,6, 0.092672587032
0,0,4,9,-0.068673481117
0,0,5,0, 0.033112382476
0,0,5,1, 0.084590726658
0,0,5,4, 0.044903006298
0,0,5,5, 0.299170552634
0,0,5,6, 0.204312753449
0,0,5,9,-0.056034389296
0,0,6,0, 0.158618063851
0,0,6,1, 0.215687621221
0,0,6,4, 0.092672587032
0,0,6,5, 0.204312753449
0,0,6,6, 0.289147698424
0,0,6,9,-0.052107879544
0,0,7,2, 0.008865688010
0,0,7,7, 0.290121550310
0,0,8,3, 0.008865688010
0,0,8,8, 0.290121550310
0,0,9,0,-0.043305500658
0,0,9,1,-0.073506407508
0,0,9,4,-0.068673481117
0,0,9,5,-0.056034389296
0,0,9,6,-0.052107879544
0,0,9,9, 0.317236590685
0,1,0,0, 0.504699283325
0,1,0,1, 0.300015949963
0,1,0,5, 0.021067996178
0,1,0,6, 0.095713159927
0,1,0,9,-0.027914665156
0,1,1,0, 0.300015949963
0,1,1,1, 0.324022459289
0,1,1,5, 0.056760008881
0,1,1,6, 0.140696565237
0,1,1,9,-0.048845625013
0,1,2,2, 0.462081934851
0,1,2,7, 0.005801480715
0,1,3,3, 0.462081934851
0,1,3,8, 0.005801480715
0,1,4,4, 0.462081934851
0,1,4,5, 0.028801342001
0,1,4,6, 0.058285480914
0,1,4,9,-0.044337922692
0,1,5,0, 0.021067996178
0,1,5,1, 0.056760008881
0,1,5,4, 0.028801342001
0,1,5,5, 0.204312753449
0,1,5,6, 0.139070065518
0,1,5,9,-0.037448155884
0,1,6,0, 0.095713159927
0,1,6,1, 0.140696565237
0,1,6,4, 0.058285480914
0,1,6,5, 0.139070065518
0,1,6,6, 0.195135858202
0,1,6,9,-0.034434744236
0,1,7,2, 0.005801480715
0,1,7,7, 0.198419056881
0,1,8,3, 0.005801480715
0,1,8,8, 0.198419056881
0,1,9,0,-0.027914665156
0,1,9,1,-0.048845625013
0,1,9,4,-0.044337922692
0,1,9,5,-0.037448155884
0,1,9,6,-0.034434744236
0,1,9,9, 0.215609700544
0,2,0,2, 0.152608082603
0,2,0,7, 0.001591853889
0,2,1,2, 0.101353944495
0,2,1,7, 0.004741116965
0,2,2,0, 0.152608082603
0,2,2,1, 0.101353944495
0,2,2,5, 0.003369864804
0,2,2,6, 0.029447509376
0,2,2,9,-0.003377905738
0,2,4,7, 0.002172079788
0,2,5,2, 0.003369864804
0,2,5,7, 0.010583320062
0,2,6,2, 0.029447509376
0,2,6,7, 0.009856273930
0,2,7,0, 0.001591853889
0,2,7,1, 0.004741116965
0,2,7,4, 0.002172079788
0,2,7,5, 0.010583320062
0,2,7,6, 0.009856273930
0,2,7,9,-0.005154543609
0,2,9,2,-0.003377905738
0,2,9,7,-0.005154543609
0,3,0,3, 0.152608082603
0,3,0,8, 0.001591853889
0,3,1,3, 0.101353944495
0,3,1,8, 0.004741116965
0,3,3,0, 0.152608082603
0,3,3,1, 0.101353944495
0,3,3,5, 0.003369864804
0,3,3,6, 0.029447509376
0,3,3,9,-0.003377905738
0,3,4,8, 0.002172079788
0,3,5,3, 0.003369864804
0,3,5,8, 0.010583320062
0,3,6,3, 0.029447509376
0,3,6,8, 0.009856273930
0,3,8,0, 0.001591853889
0,3,8,1, 0.004741116965
0,3,8,4, 0.002172079788
0,3,8,5, 0.010583320062
0,3,8,6, 0.009856273930
0,3,8,9,-0.005154543609
0,3,9,3,-0.003377905738
0,3,9,8,-0.005154543609
0,4,0,4, 0.152608082603
0,4,0,5, 0.008037885849
0,4,0,6, 0.016750166565
0,4,0,9,-0.011843143644
0,4,1,4, 0.101353944495
0,4,1,5, 0.017635173250
0,4,1,6, 0.026527071840
0,4,1,9,-0.019016177612
0,4,2,7, 0.002172079788
0,4,3,8, 0.002172079788
0,4,4,0, 0.152608082603
0,4,4,1, 0.101353944495
0,4,4,5, 0.012716497670
0,4,4,6, 0.036838297416
0,4,4,9,-0.020112796414
0,4,5,0, 0.008037885849
0,4,5,1, 0.017635173250
0,4,5,4, 0.012716497670
0,4,5,5, 0.056034389296
0,4,5,6, 0.037448155884
0,4,5,9,-0.020682679593
0,4,6,0, 0.016750166565
0,4,6,1, 0.026527071840
0,4,6,4, 0.036838297416
0,4,6,5, 0.037448155884
0,4,6,6, 0.044674679649
0,4,6,9,-0.018606968383
0,4,7,2, 0.002172079788
0,4,7,7, 0.051122353422
0,4,8,3, 0.002172079788
0,4,8,8, 0.051122353422
0,4,9,0,-0.011843143644
0,4,9,1,-0.019016177612
0,4,9,4,-0.020112796414
0,4,9,5,-0.020682679593
0,4,9,6,-0.018606968383
0,4,9,9, 0.065863085067
0,5,0,0, 0.033112382476
0,5,0,1, 0.021067996178
0,5,0,4, 0.008037885849
0,5,0,5, 0.002710357904
0,5,0,6, 0.008356029924
0,5,0,9,-0.003891194737
0,5,1,0, 0.021067996178
0,5,1,1, 0.025203457059
0,5,1,4, 0.006443782887
0,5,1,5, 0.008356029924
0,5,1,6, 0.015024582833
0,5,1,9,-0.007514346580
0,5,2,2, 0.030677512675
0,5,2,7, 0.000758273136
0,5,3,3, 0.030677512675
0,5,3,8, 0.000758273136
0,5,4,0, 0.008037885849
0,5,4,1, 0.006443782887
0,5,4,4, 0.034792142443
0,5,4,5, 0.003891194737
0,5,4,6, 0.007514346580
0,5,4,9,-0.006289574974
0,5,5,0, 0.002710357904
0,5,5,1, 0.008356029924
0,5,5,4, 0.003891194737
0,5,5,5, 0.033112382476
0,5,5,6, 0.021067996178
0,5,5,9,-0.008037885849
0,5,6,0, 0.008356029924
0,5,6,1, 0.015024582833
0,5,6,4, 0.007514346580
0,5,6,5, 0.021067996178
0,5,6,6, 0.025203457059
0,5,6,9,-0.006443782887
0,5,7,2, 0.000758273136
0,5,7,7, 0.030677512675
0,5,8,3, 0.000758273136
0,5,8,8, 0.030677512675
0,5,9,0,-0.003891194737
0,5,9,1,-0.007514346580
0,5,9,4,-0.006289574974
0,5,9,5,-0.008037885849
0,5,9,6,-0.006443782887
0,5,9,9, 0.034792142443
0,6,0,0, 0.158618063851
0,6,0,1, 0.095713159927
0,6,0,4, 0.016750166565
0,6,0,5, 0.008356029924
0,6,0,6, 0.033215551581
0,6,0,9,-0.011398704653
0,6,1,0, 0.095713159927
0,6,1,1, 0.105797149665
0,6,1,4, 0.012725954348
0,6,1,5, 0.023174398748
0,6,1,6, 0.051771283556
0,6,1,9,-0.020462490487
0,6,2,2, 0.145998729592
0,6,2,7, 0.002332745322
0,6,3,3, 0.145998729592
0,6,3,8, 0.002332745322
0,6,4,0, 0.016750166565
0,6,4,1, 0.012725954348
0,6,4,4, 0.149223194911
0,6,4,5, 0.011694994601
0,6,4,6, 0.024193780215
0,6,4,9,-0.018273495075
0,6,5,0, 0.008356029924
0,6,5,1, 0.023174398748
0,6,5,4, 0.011694994601
0,6,5,5, 0.084590726658
0,6,5,6, 0.056760008881
0,6,5,9,-0.017635173250
0,6,6,0, 0.033215551581
0,6,6,1, 0.051771283556
0,6,6,4, 0.024193780215
0,6,6,5, 0.056760008881
0,6,6,6, 0.076166864360
0,6,6,9,-0.015650553221
0,6,7,2, 0.002332745322
0,6,7,7, 0.081312814938
0,6,8,3, 0.002332745322
0,6,8,8, 0.081312814938
0,6,9,0,-0.011398704653
0,6,9,1,-0.020462490487
0,6,9,4,-0.018273495075
0,6,9,5,-0.017635173250
0,6,9,6,-0.015650553221
0,6,9,9, 0.089827590701
0,7,0,2, 0.001591853889
0,7,0,7, 0.000232076739
0,7,1,2, 0.001346443634
0,7,1,7, 0.001044989292
0,7,2,0, 0.001591853889
0,7,2,1, 0.001346443634
0,7,2,4, 0.000971893732
0,7,2,5, 0.000188180963
0,7,2,6, 0.000634083080
0,7,2,9,-0.000263852931
0,7,4,2, 0.000971893732
0,7,4,7, 0.000298588369
0,7,5,2, 0.000188180963
0,7,5,7, 0.003369864804
0,7,6,2, 0.000634083080
0,7,6,7, 0.002549854154
0,7,7,0, 0.000232076739
0,7,7,1, 0.001044989292
0,7,7,4, 0.000298588369
0,7,7,5, 0.003369864804
0,7,7,6, 0.002549854154
0,7,7,9,-0.001700788336
0,7,9,2,-0.000263852931
0,7,9,7,-0.001700788336
0,8,0,3, 0.001591853889
0,8,0,8, 0.000232076739
0,8,1,3, 0.001346443634
0,8,1,8, 0.001044989292
0,8,3,0, 0.001591853889
0,8,3,1, 0.001346443634
0,8,3,4, 0.000971893732
0,8,3,5, 0.000188180963
0,8,3,6, 0.000634083080
0,8,3,9,-0.000263852931
0,8,4,3, 0.000971893732
0,8,4,8, 0.000298588369
0,8,5,3, 0.000188180963
0,8,5,8, 0.003369864804
0,8,6,3, 0.000634083080
0,8,6,8, 0.002549854154
0,8,8,0, 0.000232076739
0,8,8,1, 0.001044989292
0,8,8,4, 0.000298588369
0,8,8,5, 0.003369864804
0,8,8,6, 0.002549854154
0,8,8,9,-0.001700788336
0,8,9,3,-0.000263852931
0,8,9,8,-0.001700788336
0,9,0,0,-0.043305500658
0,9,0,1,-0.027914665156
0,9,0,4,-0.011843143644
0,9,0,5,-0.003891194737
0,9,0,6,-0.011398704653
0,9,0,9, 0.005702803556
0,9,1,0,-0.027914665156
0,9,1,1,-0.033739022116
0,9,1,4,-0.009626161311
0,9,1,5,-0.011694994601
0,9,1,6,-0.020601086119
0,9,1,9, 0.011025519042
0,9,2,2,-0.040055312366
0,9,2,7,-0.001086086879
0,9,3,3,-0.040055312366
0,9,3,8,-0.001086086879
0,9,4,0,-0.011843143644
0,9,4,1,-0.009626161311
0,9,4,4,-0.047241621579
0,9,4,5,-0.005679134774
0,9,4,6,-0.010735699899
0,9,4,9, 0.009306219933
0,9,5,0,-0.003891194737
0,9,5,1,-0.011694994601
0,9,5,4,-0.005679134774
0,9,5,5,-0.044903006298
0,9,5,6,-0.028801342001
0,9,5,9, 0.012716497670
0,9,6,0,-0.011398704653
0,9,6,1,-0.020601086119
0,9,6,4,-0.010735699899
0,9,6,5,-0.028801342001
0,9,6,6,-0.034351922991
0,9,6,9, 0.010125792344
0,9,7,2,-0.001086086879
0,9,7,7,-0.041507378097
0,9,8,3,-0.001086086879
0,9,8,8,-0.041507378097
0,9,9,0, 0.005702803556
0,9,9,1, 0.011025519042
0,9,9,4, 0.009306219933
0,9,9,5, 0.012716497670
0,9,9,6, 0.010125792344
0,9,9,9,-0.049077046779
1,0,0,0, 0.504699283325
1,0,0,1, 0.300015949963
1,0,0,5, 0.021067996178
1,0,0,6, 0.095713159927
1,0,0,9,-0.027914665156
1,0,1,0, 0.300015949963
1,0,1,1, 0.324022459289
1,0,1,5, 0.056760008881
1,0,1,6, 0.140696565237
1,0,1,9,-0.048845625013
1,0,2,2, 0.462081934851
1,0,2,7, 0.005801480715
1,0,3,3, 0.462081934851
1,0,3,8, 0.005801480715
1,0,4,4, 0.462081934851
1,0,4,5, 0.028801342001
1,0,4,6, 0.058285480914
1,0,4,9,-0.044337922692
1,0,5,0, 0.021067996178
1,0,5,1, 0.056760008881
1,0,5,4, 0.028801342001
1,0,5,5, 0.204312753449
1,0,5,6, 0.139070065518
1,0,5,9,-0.037448155884
1,0,6,0, 0.095713159927
1,0,6,1, 0.140696565237
1,0,6,4, 0.058285480914
1,0,6,5, 0.139070065518
1,0,6,6, 0.195135858202
1,0,6,9,-0.034434744236
1,0,7,2, 0.005801480715
1,0,7,7, 0.198419056881
1,0,8,3, 0.005801480715
1,0,8,8, 0.198419056881
1,0,9,0,-0.027914665156
1,0,9,1,-0.048845625013
1,0,9,4,-0.044337922692
1,0,9,5,-0.037448155884
1,0,9,6,-0.034434744236
1,0,9,9, 0.215609700544
1,1,0,0, 0.507364877272
1,1,0,1, 0.324022459289
1,1,0,5, 0.025203457059
1,1,0,6, 0.105797149665
1,1,0,9,-0.033739022116
1,1,1,0, 0.324022459289
1,1,1,1, 0.394125899248
1,1,1,5, 0.076166864360
1,1,1,6, 0.179073103212
1,1,1,9,-0.062357102188
1,1,2,2, 0.491073083906
1,1,2,7, 0.007164445143
1,1,3,3, 0.491073083906
1,1,3,8, 0.007164445143
1,1,4,4, 0.491073083906
1,1,4,5, 0.034351922991
1,1,4,6, 0.067266675351
1,1,4,9,-0.053218562351
1,1,5,0, 0.025203457059
1,1,5,1, 0.076166864360
1,1,5,4, 0.034351922991
1,1,5,5, 0.289147698424
1,1,5,6, 0.195135858202
1,1,5,9,-0.044674679649
1,1,6,0, 0.105797149665
1,1,6,1, 0.179073103212
1,1,6,4, 0.067266675351
1,1,6,5, 0.195135858202
1,1,6,6, 0.269767660492
1,1,6,9,-0.040321222266
1,1,7,2, 0.007164445143
1,1,7,7, 0.282767665049
1,1,8,3, 0.007164445143
1,1,8,8, 0.282767665049
1,1,9,0,-0.033739022116
1,1,9,1,-0.062357102188
1,1,9,4,-0.053218562351
1,1,9,5,-0.044674679649
1,1,9,6,-0.040321222266
1,1,9,9, 0.297759163639
1,2,0,2, 0.101353944495
1,2,0,7, 0.001346443634
1,2,1,2, 0.072461555243
1,2,1,7, 0.004299681290
1,2,2,0, 0.101353944495
1,2,2,1, 0.072461555243
1,2,2,5, 0.002549854154
1,2,2,6, 0.021312666419
1,2,2,9,-0.002630733689
1,2,4,7, 0.001820851544
1,2,5,2, 0.002549854154
1,2,5,7, 0.009856273930
1,2,6,2, 0.021312666419
1,2,6,7, 0.009126359049
1,2,7,0, 0.001346443634
1,2,7,1, 0.004299681290
1,2,7,4, 0.001820851544
1,2,7,5, 0.009856273930
1,2,7,6, 0.009126359049
1,2,7,9,-0.004719257985
1,2,9,2,-0.002630733689
1,2,9,7,-0.004719257985
1,3,0,3, 0.101353944495
1,3,0,8, 0.001346443634
1,3,1,3, 0.072461555243
1,3,1,8, 0.004299681290
1,3,3,0, 0.101353944495
1,3,3,1, 0.072461555243
1,3,3,5, 0.002549854154
1,3,3,6, 0.021312666419
1,3,3,9,-0.002630733689
1,3,4,8, 0.001820851544
1,3,5,3, 0.002549854154
1,3,5,8, 0.009856273930
1,3,6,3, 0.021312666419
1,3,6,8, 0.009126359049
1,3,8,0, 0.001346443634
1,3,8,1, 0.004299681290
1,3,8,4, 0.001820851544
1,3,8,5, 0.009856273930
1,3,8,6, 0.009126359049
1,3,8,9,-0.004719257985
1,3,9,3,-0.002630733689
1,3,9,8,-0.004719257985
1,4,0,4, 0.101353944495
1,4,0,5, 0.006443782887
1,4,0,6, 0.012725954348
1,4,0,9,-0.009626161311
1,4,1,4, 0.072461555243
1,4,1,5, 0.015650553221
1,4,1,6, 0.022777681323
1,4,1,9,-0.016517033415
1,4,2,7, 0.001820851544
1,4,3,8, 0.001820851544
1,4,4,0, 0.101353944495
1,4,4,1, 0.072461555243
1,4,4,5, 0.010125792344
1,4,4,6, 0.027176134901
1,4,4,9,-0.016266695795
1,4,5,0, 0.006443782887
1,4,5,1, 0.015650553221
1,4,5,4, 0.010125792344
1,4,5,5, 0.052107879544
1,4,5,6, 0.034434744236
1,4,5,9,-0.018606968383
1,4,6,0, 0.012725954348
1,4,6,1, 0.022777681323
1,4,6,4, 0.027176134901
1,4,6,5, 0.034434744236
1,4,6,6, 0.040321222266
1,4,6,9,-0.016344602348
1,4,7,2, 0.001820851544
1,4,7,7, 0.047784523771
1,4,8,3, 0.001820851544
1,4,8,8, 0.047784523771
1,4,9,0,-0.009626161311
1,4,9,1,-0.016517033415
1,4,9,4,-0.016266695795
1,4,9,5,-0.018606968383
1,4,9,6,-0.016344602348
1,4,9,9, 0.060314220106
1,5,0,0, 0.084590726658
1,5,0,1, 0.056760008881
1,5,0,4, 0.017635173250
1,5,0,5, 0.008356029924
1,5,0,6, 0.023174398748
1,5,0,9,-0.011694994601
1,5,1,0, 0.056760008881
1,5,1,1, 0.076166864360
1,5,1,4, 0.015650553221
1,5,1,5, 0.033215551581
1,5,1,6, 0.051771283556
1,5,1,9,-0.024193780215
1,5,2,2, 0.081312814938
1,5,2,7, 0.002332745322
1,5,3,3, 0.081312814938
1,5,3,8, 0.002332745322
1,5,4,0, 0.017635173250
1,5,4,1, 0.015650553221
1,5,4,4, 0.089827590701
1,5,4,5, 0.011398704653
1,5,4,6, 0.020462490487
1,5,4,9,-0.018273495075
1,5,5,0, 0.008356029924
1,5,5,1, 0.033215551581
1,5,5,4, 0.011398704653
1,5,5,5, 0.158618063851
1,5,5,6, 0.095713159927
1,5,5,9,-0.016750166565
1,5,6,0, 0.023174398748
1,5,6,1, 0.051771283556
1,5,6,4, 0.020462490487
1,5,6,5, 0.095713159927
1,5,6,6, 0.105797149665
1,5,6,9,-0.012725954348
1,5,7,2, 0.002332745322
1,5,7,7, 0.145998729592
1,5,8,3, 0.002332745322
1,5,8,8, 0.145998729592
1,5,9,0,-0.011694994601
1,5,9,1,-0.024193780215
1,5,9,4,-0.018273495075
1,5,9,5,-0.016750166565
1,5,9,6,-0.012725954348
1,5,9,9, 0.149223194911
1,6,0,0, 0.215687621221
1,6,0,1, 0.140696565237
1,6,0,4, 0.026527071840
1,6,0,5, 0.015024582833
1,6,0,6, 0.051771283556
1,6,0,9,-0.020601086119
1,6,1,0, 0.140696565237
1,6,1,1, 0.179073103212
1,6,1,4, 0.022777681323
1,6,1,5, 0.051771283556
1,6,1,6, 0.101057251168
1,6,1,9,-0.040089911339
1,6,2,2, 0.209285556488
1,6,2,7, 0.004310443348
1,6,3,3, 0.209285556488
1,6,3,8, 0.004310443348
1,6,4,0, 0.026527071840
1,6,4,1, 0.022777681323
1,6,4,4, 0.215100874944
1,6,4,5, 0.020601086119
1,6,4,6, 0.040089911339
1,6,4,9,-0.032406497348
1,6,5,0, 0.015024582833
1,6,5,1, 0.051771283556
1,6,5,4, 0.020601086119
1,6,5,5, 0.215687621221
1,6,5,6, 0.140696565237
1,6,5,9,-0.026527071840
1,6,6,0, 0.051771283556
1,6,6,1, 0.101057251168
1,6,6,4, 0.040089911339
1,6,6,5, 0.140696565237
1,6,6,6, 0.179073103212
1,6,6,9,-0.022777681323
1,6,7,2, 0.004310443348
1,6,7,7, 0.209285556488
1,6,8,3, 0.004310443348
1,6,8,8, 0.209285556488
1,6,9,0,-0.020601086119
1,6,9,1,-0.040089911339
1,6,9,4,-0.032406497348
1,6,9,5,-0.026527071840
1,6,9,6,-0.022777681323
1,6,9,9, 0.215100874944
1,7,0,2, 0.004741116965
1,7,0,7, 0.001044989292
1,7,1,2, 0.004299681290
1,7,1,7, 0.007044394206
1,7,2,0, 0.004741116965
1,7,2,1, 0.004299681290
1,7,2,4, 0.002500465279
1,7,2,5, 0.000634083080
1,7,2,6, 0.002043378053
1,7,2,9,-0.000871394365
1,7,4,2, 0.002500465279
1,7,4,7, 0.001163568176
1,7,5,2, 0.000634083080
1,7,5,7, 0.029447509376
1,7,6,2, 0.002043378053
1,7,6,7, 0.021312666419
1,7,7,0, 0.001044989292
1,7,7,1, 0.007044394206
1,7,7,4, 0.001163568176
1,7,7,5, 0.029447509376
1,7,7,6, 0.021312666419
1,7,7,9,-0.005281709422
1,7,9,2,-0.000871394365
1,7,9,7,-0.005281709422
1,8,0,3, 0.004741116965
1,8,0,8, 0.001044989292
1,8,1,3, 0.004299681290
1,8,1,8, 0.007044394206
1,8,3,0, 0.004741116965
1,8,3,1, 0.004299681290
1,8,3,4, 0.002500465279
1,8,3,5, 0.000634083080
1,8,3,6, 0.002043378053
1,8,3,9,-0.000871394365
1,8,4,3, 0.002500465279
1,8,4,8, 0.001163568176
1,8,5,3, 0.000634083080
1,8,5,8, 0.029447509376
1,8,6,3, 0.002043378053
1,8,6,8, 0.021312666419
1,8,8,0, 0.001044989292
1,8,8,1, 0.007044394206
1,8,8,4, 0.001163568176
1,8,8,5, 0.029447509376
1,8,8,6, 0.021312666419
1,8,8,9,-0.005281709422
1,8,9,3,-0.000871394365
1,8,9,8,-0.005281709422
1,9,0,0,-0.073506407508
1,9,0,1,-0.048845625013
1,9,0,4,-0.019016177612
1,9,0,5,-0.007514346580
1,9,0,6,-0.020462490487
1,9,0,9, 0.011025519042
1,9,1,0,-0.048845625013
1,9,1,1,-0.062357102188
1,9,1,4,-0.016517033415
1,9,1,5,-0.024193780215
1,9,1,6,-0.040089911339
1,9,1,9, 0.023576561904
1,9,2,2,-0.069401508818
1,9,2,7,-0.002116597998
1,9,3,3,-0.069401508818
1,9,3,8,-0.002116597998
1,9,4,0,-0.019016177612
1,9,4,1,-0.016517033415
1,9,4,4,-0.080588715128
1,9,4,5,-0.010735699899
1,9,4,6,-0.019286269329
1,9,4,9, 0.017618970514
1,9,5,0,-0.007514346580
1,9,5,1,-0.024193780215
1,9,5,4,-0.010735699899
1,9,5,5,-0.092672587032
1,9,5,6,-0.058285480914
1,9,5,9, 0.036838297416
1,9,6,0,-0.020462490487
1,9,6,1,-0.040089911339
1,9,6,4,-0.019286269329
1,9,6,5,-0.058285480914
1,9,6,6,-0.067266675351
1,9,6,9, 0.027176134901
1,9,7,2,-0.002116597998
1,9,7,7,-0.085883688036
1,9,8,3,-0.002116597998
1,9,8,8,-0.085883688036
1,9,9,0, 0.011025519042
1,9,9,1, 0.023576561904
1,9,9,4, 0.017618970514
1,9,9,5, 0.036838297416
1,9,9,6, 0.027176134901
1,9,9,9,-0.097588733254
2,0,0,2, 0.152608082603
2,0,0,7, 0.001591853889
2,0,1,2, 0.101353944495
2,0,1,7, 0.004741116965
2,0,2,0, 0.152608082603
2,0,2,1, 0.101353944495
2,0,2,5, 0.003369864804
2,0,2,6, 0.029447509376
2,0,2,9,-0.003377905738
2,0,4,7, 0.002172079788
2,0,5,2, 0.003369864804
2,0,5,7, 0.010583320062
2,0,6,2, 0.029447509376
2,0,6,7, 0.009856273930
2,0,7,0, 0.001591853889
2,0,7,1, 0.004741116965
2,0,7,4, 0.002172079788
2,0,7,5, 0.010583320062
2,0,7,6, 0.009856273930
2,0,7,9,-0.005154543609
2,0,9,2,-0.003377905738
2,0,9,7,-0.005154543609
2,1,0,2, 0.101353944495
2,1,0,7, 0.001346443634
2,1,1,2, 0.072461555243
2,1,1,7, 0.004299681290
2,1,2,0, 0.101353944495
2,1,2,1, 0.072461555243
2,1,2,5, 0.002549854154
2,1,2,6, 0.021312666419
2,1,2,9,-0.002630733689
2,1,4,7, 0.001820851544
2,1,5,2, 0.002549854154
2,1,5,7, 0.009856273930
2,1,6,2, 0.021312666419
2,1,6,7, 0.009126359049
2,1,7,0, 0.001346443634
2,1,7,1, 0.004299681290
2,1,7,4, 0.001820851544
2,1,7,5, 0.009856273930
2,1,7,6, 0.009126359049
2,1,7,9,-0.004719257985
2,1,9,2,-0.002630733689
2,1,9,7,-0.004719257985
2,2,0,0, 0.775037038942
2,2,0,1, 0.462081934851
2,2,0,5, 0.030677512675
2,2,0,6, 0.145998729592
2,2,0,9,-0.040055312366
2,2,1,0, 0.462081934851
2,2,1,1, 0.491073083906
2,2,1,5, 0.081312814938
2,2,1,6, 0.209285556488
2,2,1,9,-0.069401508818
2,2,2,2, 0.785718708997
2,2,2,7, 0.008668440030
2,2,3,3, 0.689508254834
2,2,3,8, 0.008234316127
2,2,4,4, 0.689508254834
2,2,4,5, 0.041507378097
2,2,4,6, 0.085883688036
2,2,4,9,-0.063289563251
2,2,5,0, 0.030677512675
2,2,5,1, 0.081312814938
2,2,5,4, 0.041507378097
2,2,5,5, 0.290121550310
2,2,5,6, 0.198419056881
2,2,5,9,-0.051122353422
2,2,6,0, 0.145998729592
2,2,6,1, 0.209285556488
2,2,6,4, 0.085883688036
2,2,6,5, 0.198419056881
2,2,6,6, 0.282767665049
2,2,6,9,-0.047784523771
2,2,7,2, 0.008668440030
2,2,7,7, 0.283489183709
2,2,8,3, 0.008234316127
2,2,8,8, 0.281792853160
2,2,9,0,-0.040055312366
2,2,9,1,-0.069401508818
2,2,9,4,-0.063289563251
2,2,9,5,-0.051122353422
2,2,9,6,-0.047784523771
2,2,9,9, 0.305139193369
2,3,2,3, 0.048105227081
2,3,2,8, 0.000217061952
2,3,3,2, 0.048105227081
2,3,3,7, 0.000217061952
2,3,7,3, 0.000217061952
2,3,7,8, 0.000848165275
2,3,8,2, 0.000217061952
2,3,8,7, 0.000848165275
2,4,0,7, 0.000971893732
2,4,1,7, 0.002500465279
2,4,2,4, 0.048105227081
2,4,2,5, 0.001700788336
2,4,2,6, 0.005281709422
2,4,2,9,-0.002079704355
2,4,4,2, 0.048105227081
2,4,4,7, 0.001441093119
2,4,5,2, 0.001700788336
2,4,5,7, 0.005154543609
2,4,6,2, 0.005281709422
2,4,6,7, 0.004719257985
2,4,7,0, 0.000971893732
2,4,7,1, 0.002500465279
2,4,7,4, 0.001441093119
2,4,7,5, 0.005154543609
2,4,7,6, 0.004719257985
2,4,7,9,-0.003320387215
2,4,9,2,-0.002079704355
2,4,9,7,-0.003320387215
2,5,0,2, 0.003369864804
2,5,0,7, 0.000188180963
2,5,1,2, 0.002549854154
2,5,1,7, 0.000634083080
2,5,2,0, 0.003369864804
2,5,2,1, 0.002549854154
2,5,2,4, 0.001700788336
2,5,2,5, 0.000232076739
2,5,2,6, 0.001044989292
2,5,2,9,-0.000298588369
2,5,4,2, 0.001700788336
2,5,4,7, 0.000263852931
2,5,5,2, 0.000232076739
2,5,5,7, 0.001591853889
2,5,6,2, 0.001044989292
2,5,6,7, 0.001346443634
2,5,7,0, 0.000188180963
2,5,7,1, 0.000634083080
2,5,7,4, 0.000263852931
2,5,7,5, 0.001591853889
2,5,7,6, 0.001346443634
2,5,7,9,-0.000971893732
2,5,9,2,-0.000298588369
2,5,9,7,-0.000971893732
2,6,0,2, 0.029447509376
2,6,0,7, 0.000634083080
2,6,1,2, 0.021312666419
2,6,1,7, 0.002043378053
2,6,2,0, 0.029447509376
2,6,2,1, 0.021312666419
2,6,2,4, 0.005281709422
2,6,2,5, 0.001044989292
2,6,2,6, 0.007044394206
2,6,2,9,-0.001163568176
2,6,4,2, 0.005281709422
2,6,4,7, 0.000871394365
2,6,5,2, 0.001044989292
2,6,5,7, 0.004741116965
2,6,6,2, 0.007044394206
2,6,6,7, 0.004299681290
2,6,7,0, 0.000634083080
2,6,7,1, 0.002043378053
2,6,7,4, 0.000871394365
2,6,7,5, 0.004741116965
2,6,7,6, 0.004299681290
2,6,7,9,-0.002500465279
2,6,9,2,-0.001163568176
2,6,9,7,-0.002500465279
2,7,0,0, 0.008865688010
2,7,0,1, 0.005801480715
2,7,0,4, 0.002172079788
2,7,0,5, 0.000758273136
2,7,0,6, 0.002332745322
2,7,0,9,-0.001086086879
2,7,1,0, 0.005801480715
2,7,1,1, 0.007164445143
2,7,1,4, 0.001820851544
2,7,1,5, 0.002332745322
2,7,1,6, 0.004310443348
2,7,1,9,-0.002116597998
2,7,2,2, 0.008668440030
2,7,2,7, 0.000236094685
2,7,3,3, 0.008234316127
2,7,3,8, 0.000207185131
2,7,4,0, 0.002172079788
2,7,4,1, 0.001820851544
2,7,4,4, 0.009458347294
2,7,4,5, 0.001086086879
2,7,4,6, 0.002116597998
2,7,4,9,-0.001746648039
2,7,5,0, 0.000758273136
2,7,5,1, 0.002332745322
2,7,5,4, 0.001086086879
2,7,5,5, 0.008865688010
2,7,5,6, 0.005801480715
2,7,5,9,-0.002172079788
2,7,6,0, 0.002332745322
2,7,6,1, 0.004310443348
2,7,6,4, 0.002116597998
2,7,6,5, 0.005801480715
2,7,6,6, 0.007164445143
2,7,6,9,-0.001820851544
2,7,7,2, 0.000236094685
2,7,7,7, 0.008668440030
2,7,8,3, 0.000207185131
2,7,8,8, 0.008234316127
2,7,9,0,-0.001086086879
2,7,9,1,-0.002116597998
2,7,9,4,-0.001746648039
2,7,9,5,-0.002172079788
2,7,9,6,-0.001820851544
2,7,9,9, 0.009458347294
2,8,2,3, 0.000217061952
2,8,2,8, 0.000014454777
2,8,3,2, 0.000217061952
2,8,3,7, 0.000014454777
2,8,7,3, 0.000014454777
2,8,7,8, 0.000217061952
2,8,8,2, 0.000014454777
2,8,8,7, 0.000217061952
2,9,0,2,-0.003377905738
2,9,0,7,-0.000263852931
2,9,1,2,-0.002630733689
2,9,1,7,-0.000871394365
2,9,2,0,-0.003377905738
2,9,2,1,-0.002630733689
2,9,2,4,-0.002079704355
2,9,2,5,-0.000298588369
2,9,2,6,-0.001163568176
2,9,2,9, 0.000405221411
2,9,4,2,-0.002079704355
2,9,4,7,-0.000376311858
2,9,5,2,-0.000298588369
2,9,5,7,-0.002172079788
2,9,6,2,-0.001163568176
2,9,6,7,-0.001820851544
2,9,7,0,-0.000263852931
2,9,7,1,-0.000871394365
2,9,7,4,-0.000376311858
2,9,7,5,-0.002172079788
2,9,7,6,-0.001820851544
2,9,7,9, 0.001441093119
2,9,9,2, 0.000405221411
2,9,9,7, 0.001441093119
3,0,0,3, 0.152608082603
3,0,0,8, 0.001591853889
3,0,1,3, 0.101353944495
3,0,1,8, 0.004741116965
3,0,3,0, 0.152608082603
3,0,3,1, 0.101353944495
3,0,3,5, 0.003369864804
3,0,3,6, 0.029447509376
3,0,3,9,-0.003377905738
3,0,4,8, 0.002172079788
3,0,5,3, 0.003369864804
3,0,5,8, 0.010583320062
3,0,6,3, 0.029447509376
3,0,6,8, 0.009856273930
3,0,8,0, 0.001591853889
3,0,8,1, 0.004741116965
3,0,8,4, 0.002172079788
3,0,8,5, 0.010583320062
3,0,8,6, 0.009856273930
3,0,8,9,-0.005154543609
3,0,9,3,-0.003377905738
3,0,9,8,-0.005154543609
3,1,0,3, 0.101353944495
3,1,0,8, 0.001346443634
3,1,1,3, 0.072461555243
3,1,1,8, 0.004299681290
3,1,3,0, 0.101353944495
3,1,3,1, 0.072461555243
3,1,3,5, 0.002549854154
3,1,3,6, 0.021312666419
3,1,3,9,-0.002630733689
3,1,4,8, 0.001820851544
3,1,5,3, 0.002549854154
3,1,5,8, 0.009856273930
3,1,6,3, 0.021312666419
3,1,6,8, 0.009126359049
3,1,8,0, 0.001346443634
3,1,8,1, 0.004299681290
3,1,8,4, 0.001820851544
3,1,8,5, 0.009856273930
3,1,8,6, 0.009126359049
3,1,8,9,-0.004719257985
3,1,9,3,-0.002630733689
3,1,9,8,-0.004719257985
3,2,2,3, 0.048105227081
3,2,2,8, 0.000217061952
3,2,3,2, 0.048105227081
3,2,3,7, 0.000217061952
3,2,7,3, 0.000217061952
3,2,7,8, 0.000848165275
3,2,8,2, 0.000217061952
3,2,8,7, 0.000848165275
3,3,0,0, 0.775037038942
3,3,0,1, 0.462081934851
3,3,0,5, 0.030677512675
3,3,0,6, 0.145998729592
3,3,0,9,-0.040055312366
3,3,1,0, 0.462081934851
3,3,1,1, 0.491073083906
3,3,1,5, 0.081312814938
3,3,1,6, 0.209285556488
3,3,1,9,-0.069401508818
3,3,2,2, 0.689508254834
3,3,2,7, 0.008234316127
3,3,3,3, 0.785718708997
3,3,3,8, 0.008668440030
3,3,4,4, 0.689508254834
3,3,4,5, 0.041507378097
3,3,4,6, 0.085883688036
3,3,4,9,-0.063289563251
3,3,5,0, 0.030677512675
3,3,5,1, 0.081312814938
3,3,5,4, 0.041507378097
3,3,5,5, 0.290121550310
3,3,5,6, 0.198419056881
3,3,5,9,-0.051122353422
3,3,6,0, 0.145998729592
3,3,6,1, 0.209285556488
3,3,6,4, 0.085883688036
3,3,6,5, 0.198419056881
3,3,6,6, 0.282767665049
3,3,6,9,-0.047784523771
3,3,7,2, 0.008234316127
3,3,7,7, 0.281792853160
3,3,8,3, 0.008668440030
3,3,8,8, 0.283489183709
3,3,9,0,-0.040055312366
3,3,9,1,-0.069401508818
3,3,9,4,-0.063289563251
3,3,9,5,-0.051122353422
3,3,9,6,-0.047784523771
3,3,9,9, 0.305139193369
3,4,0,8, 0.000971893732
3,4,1,8, 0.002500465279
3,4,3,4, 0.048105227081
3,4,3,5, 0.001700788336
3,4,3,6, 0.005281709422
3,4,3,9,-0.002079704355
3,4,4,3, 0.048105227081
3,4,4,8, 0.001441093119
3,4,5,3, 0.001700788336
3,4,5,8, 0.005154543609
3,4,6,3, 0.005281709422
3,4,6,8, 0.004719257985
3,4,8,0, 0.000971893732
3,4,8,1, 0.002500465279
3,4,8,4, 0.001441093119
3,4,8,5, 0.005154543609
3,4,8,6, 0.004719257985
3,4,8,9,-0.003320387215
3,4,9,3,-0.002079704355
3,4,9,8,-0.003320387215
3,5,0,3, 0.003369864804
3,5,0,8, 0.000188180963
3,5,1,3, 0.002549854154
3,5,1,8, 0.000634083080
3,5,3,0, 0.003369864804
3,5,3,1, 0.002549854154
3,5,3,4, 0.001700788336
3,5,3,5, 0.000232076739
3,5,3,6, 0.001044989292
3,5,3,9,-0.000298588369
3,5,4,3, 0.001700788336
3,5,4,8, 0.000263852931
3,5,5,3, 0.000232076739
3,5,5,8, 0.001591853889
3,5,6,3, 0.001044989292
3,5,6,8, 0.001346443634
3,5,8,0, 0.000188180963
3,5,8,1, 0.000634083080
3,5,8,4, 0.000263852931
3,5,8,5, 0.001591853889
3,5,8,6, 0.001346443634
3,5,8,9,-0.000971893732
3,5,9,3,-0.000298588369
3,5,9,8,-0.000971893732
3,6,0,3, 0.029447509376
3,6,0,8, 0.000634083080
3,6,1,3, 0.021312666419
3,6,1,8, 0.002043378053
3,6,3,0, 0.029447509376
3,6,3,1, 0.021312666419
3,6,3,4, 0.005281709422
3,6,3,5, 0.001044989292
3,6,3,6, 0.007044394206
3,6,3,9,-0.001163568176
3,6,4,3, 0.005281709422
3,6,4,8, 0.000871394365
3,6,5,3, 0.001044989292
3,6,5,8, 0.004741116965
3,6,6,3, 0.007044394206
3,6,6,8, 0.004299681290
3,6,8,0, 0.000634083080
3,6,8,1, 0.002043378053
3,6,8,4, 0.000871394365
3,6,8,5, 0.004741116965
3,6,8,6, 0.004299681290
3,6,8,9,-0.002500465279
3,6,9,3,-0.001163568176
3,6,9,8,-0.002500465279
3,7,2,3, 0.000217061952
3,7,2,8, 0.000014454777
3,7,3,2, 0.000217061952
3,7,3,7, 0.000014454777
3,7,7,3, 0.000014454777
3,7,7,8, 0.000217061952
3,7,8,2, 0.000014454777
3,7,8,7, 0.000217061952
3,8,0,0, 0.008865688010
3,8,0,1, 0.005801480715
3,8,0,4, 0.002172079788
3,8,0,5, 0.000758273136
3,8,0,6, 0.002332745322
3,8,0,9,-0.001086086879
3,8,1,0, 0.005801480715
3,8,1,1, 0.007164445143
3,8,1,4, 0.001820851544
3,8,1,5, 0.002332745322
3,8,1,6, 0.004310443348
3,8,1,9,-0.002116597998
3,8,2,2, 0.008234316127
3,8,2,7, 0.000207185131
3,8,3,3, 0.008668440030
3,8,3,8, 0.000236094685
3,8,4,0, 0.002172079788
3,8,4,1, 0.001820851544
3,8,4,4, 0.009458347294
3,8,4,5, 0.001086086879
3,8,4,6, 0.002116597998
3,8,4,9,-0.001746648039
3,8,5,0, 0.000758273136
3,8,5,1, 0.002332745322
3,8,5,4, 0.001086086879
3,8,5,5, 0.008865688010
3,8,5,6, 0.005801480715
3,8,5,9,-0.002172079788
3,8,6,0, 0.002332745322
3,8,6,1, 0.004310443348
3,8,6,4, 0.002116597998
3,8,6,5, 0.005801480715
3,8,6,6, 0.007164445143
3,8,6,9,-0.001820851544
3,8,7,2, 0.000207185131
3,8,7,7, 0.008234316127
3,8,8,3, 0.000236094685
3,8,8,8, 0.008668440030
3,8,9,0,-0.001086086879
3,8,9,1,-0.002116597998
3,8,9,4,-0.001746648039
3,8,9,5,-0.002172079788
3,8,9,6,-0.001820851544
3,8,9,9, 0.009458347294
3,9,0,3,-0.003377905738
3,9,0,8,-0.000263852931
3,9,1,3,-0.002630733689
3,9,1,8,-0.000871394365
3,9,3,0,-0.003377905738
3,9,3,1,-0.002630733689
3,9,3,4,-0.002079704355
3,9,3,5,-0.000298588369
3,9,3,6,-0.001163568176
3,9,3,9, 0.000405221411
3,9,4,3,-0.002079704355
3,9,4,8,-0.000376311858
3,9,5,3,-0.000298588369
3,9,5,8,-0.002172079788
3,9,6,3,-0.001163568176
3,9,6,8,-0.001820851544
3,9,8,0,-0.000263852931
3,9,8,1,-0.000871394365
3,9,8,4,-0.000376311858
3,9,8,5,-0.002172079788
3,9,8,6,-0.001820851544
3,9,8,9, 0.001441093119
3,9,9,3, 0.000405221411
3,9,9,8, 0.001441093119
4,0,0,4, 0.152608082603
4,0,0,5, 0.008037885849
4,0,0,6, 0.016750166565
4,0,0,9,-0.011843143644
4,0,1,4, 0.101353944495
4,0,1,5, 0.017635173250
4,0,1,6, 0.026527071840
4,0,1,9,-0.019016177612
4,0,2,7, 0.002172079788
4,0,3,8, 0.002172079788
4,0,4,0, 0.152608082603
4,0,4,1, 0.101353944495
4,0,4,5, 0.012716497670
4,0,4,6, 0.036838297416
4,0,4,9,-0.020112796414
4,0,5,0, 0.008037885849
4,0,5,1, 0.017635173250
4,0,5,4, 0.012716497670
4,0,5,5, 0.056034389296
4,0,5,6, 0.037448155884
4,0,5,9,-0.020682679593
4,0,6,0, 0.016750166565
4,0,6,1, 0.026527071840
4,0,6,4, 0.036838297416
4,0,6,5, 0.037448155884
4,0,6,6, 0.044674679649
4,0,6,9,-0.018606968383
4,0,7,2, 0.002172079788
4,0,7,7, 0.051122353422
4,0,8,3, 0.002172079788
4,0,8,8, 0.051122353422
4,0,9,0,-0.011843143644
4,0,9,1,-0.019016177612
4,0,9,4,-0.020112796414
4,0,9,5,-0.020682679593
4,0,9,6,-0.018606968383
4,0,9,9, 0.065863085067
4,1,0,4, 0.101353944495
4,1,0,5, 0.006443782887
4,1,0,6, 0.012725954348
4,1,0,9,-0.009626161311
4,1,1,4, 0.072461555243
4,1,1,5, 0.015650553221
4,1,1,6, 0.022777681323
4,1,1,9,-0.016517033415
4,1,2,7, 0.001820851544
4,1,3,8, 0.001820851544
4,1,4,0, 0.101353944495
4,1,4,1, 0.072461555243
4,1,4,5, 0.010125792344
4,1,4,6, 0.027176134901
4,1,4,9,-0.016266695795
4,1,5,0, 0.006443782887
4,1,5,1, 0.015650553221
4,1,5,4, 0.010125792344
4,1,5,5, 0.052107879544
4,1,5,6, 0.034434744236
4,1,5,9,-0.018606968383
4,1,6,0, 0.012725954348
4,1,6,1, 0.022777681323
4,1,6,4, 0.027176134901
4,1,6,5, 0.034434744236
4,1,6,6, 0.040321222266
4,1,6,9,-0.016344602348
4,1,7,2, 0.001820851544
4,1,7,7, 0.047784523771
4,1,8,3, 0.001820851544
4,1,8,8, 0.047784523771
4,1,9,0,-0.009626161311
4,1,9,1,-0.016517033415
4,1,9,4,-0.016266695795
4,1,9,5,-0.018606968383
4,1,9,6,-0.016344602348
4,1,9,9, 0.060314220106
4,2,0,7, 0.000971893732
4,2,1,7, 0.002500465279
4,2,2,4, 0.048105227081
4,2,2,5, 0.001700788336
4,2,2,6, 0.005281709422
4,2,2,9,-0.002079704355
4,2,4,2, 0.048105227081
4,2,4,7, 0.001441093119
4,2,5,2, 0.001700788336
4,2,5,7, 0.005154543609
4,2,6,2, 0.005281709422
4,2,6,7, 0.004719257985
4,2,7,0, 0.000971893732
4,2,7,1, 0.002500465279
4,2,7,4, 0.001441093119
4,2,7,5, 0.005154543609
4,2,7,6, 0.004719257985
4,2,7,9,-0.003320387215
4,2,9,2,-0.002079704355
4,2,9,7,-0.003320387215
4,3,0,8, 0.000971893732
4,3,1,8, 0.002500465279
4,3,3,4, 0.048105227081
4,3,3,5, 0.001700788336
4,3,3,6, 0.005281709422
4,3,3,9,-0.002079704355
4,3,4,3, 0.048105227081
4,3,4,8, 0.001441093119
4,3,5,3, 0.001700788336
4,3,5,8, 0.005154543609
4,3,6,3, 0.005281709422
4,3,6,8, 0.004719257985
4,3,8,0, 0.000971893732
4,3,8,1, 0.002500465279
4,3,8,4, 0.001441093119
4,3,8,5, 0.005154543609
4,3,8,6, 0.004719257985
4,3,8,9,-0.003320387215
4,3,9,3,-0.002079704355
4,3,9,8,-0.003320387215
4,4,0,0, 0.775037038942
4,4,0,1, 0.462081934851
4,4,0,5, 0.034792142443
4,4,0,6, 0.149223194911
4,4,0,9,-0.047241621579
4,4,1,0, 0.462081934851
4,4,1,1, 0.491073083906
4,4,1,5, 0.089827590701
4,4,1,6, 0.215100874944
4,4,1,9,-0.080588715128
4,4,2,2, 0.689508254834
4,4,2,7, 0.009458347294
4,4,3,3, 0.689508254834
4,4,3,8, 0.009458347294
4,4,4,4, 0.785718708997
4,4,4,5, 0.049077046779
4,4,4,6, 0.097588733254
4,4,4,9,-0.076525346429
4,4,5,0, 0.034792142443
4,4,5,1, 0.089827590701
4,4,5,4, 0.049077046779
4,4,5,5, 0.317236590685
4,4,5,6, 0.215609700544
4,4,5,9,-0.065863085067
4,4,6,0, 0.149223194911
4,4,6,1, 0.215100874944
4,4,6,4, 0.097588733254
4,4,6,5, 0.215609700544
4,4,6,6, 0.297759163639
4,4,6,9,-0.060314220106
4,4,7,2, 0.009458347294
4,4,7,7, 0.305139193369
4,4,8,3, 0.009458347294
4,4,8,8, 0.305139193369
4,4,9,0,-0.047241621579
4,4,9,1,-0.080588715128
4,4,9,4,-0.076525346429
4,4,9,5,-0.065863085067
4,4,9,6,-0.060314220106
4,4,9,9, 0.341515221695
4,5,0,0, 0.044903006298
4,5,0,1, 0.028801342001
4,5,0,4, 0.012716497670
4,5,0,5, 0.003891194737
4,5,0,6, 0.011694994601
4,5,0,9,-0.005679134774
4,5,1,0, 0.028801342001
4,5,1,1, 0.034351922991
4,5,1,4, 0.010125792344
4,5,1,5, 0.011398704653
4,5,1,6, 0.020601086119
4,5,1,9,-0.010735699899
4,5,2,2, 0.041507378097
4,5,2,7, 0.001086086879
4,5,3,3, 0.041507378097
4,5,3,8, 0.001086086879
4,5,4,0, 0.012716497670
4,5,4,1, 0.010125792344
4,5,4,4, 0.049077046779
4,5,4,5, 0.005702803556
4,5,4,6, 0.011025519042
4,5,4,9,-0.009306219933
4,5,5,0, 0.003891194737
4,5,5,1, 0.011398704653
4,5,5,4, 0.005702803556
4,5,5,5, 0.043305500658
4,5,5,6, 0.027914665156
4,5,5,9,-0.011843143644
4,5,6,0, 0.011694994601
4,5,6,1, 0.020601086119
4,5,6,4, 0.011025519042
4,5,6,5, 0.027914665156
4,5,6,6, 0.033739022116
4,5,6,9,-0.009626161311
4,5,7,2, 0.001086086879
4,5,7,7, 0.040055312366
4,5,8,3, 0.001086086879
4,5,8,8, 0.040055312366
4,5,9,0,-0.005679134774
4,5,9,1,-0.010735699899
4,5,9,4,-0.009306219933
4,5,9,5,-0.011843143644
4,5,9,6,-0.009626161311
4,5,9,9, 0.047241621579
4,6,0,0, 0.092672587032
4,6,0,1, 0.058285480914
4,6,0,4, 0.036838297416
4,6,0,5, 0.007514346580
4,6,0,6, 0.024193780215
4,6,0,9,-0.010735699899
4,6,1,0, 0.058285480914
4,6,1,1, 0.067266675351
4,6,1,4, 0.027176134901
4,6,1,5, 0.020462490487
4,6,1,6, 0.040089911339
4,6,1,9,-0.019286269329
4,6,2,2, 0.085883688036
4,6,2,7, 0.002116597998
4,6,3,3, 0.085883688036
4,6,3,8, 0.002116597998
4,6,4,0, 0.036838297416
4,6,4,1, 0.027176134901
4,6,4,4, 0.097588733254
4,6,4,5, 0.011025519042
4,6,4,6, 0.023576561904
4,6,4,9,-0.017618970514
4,6,5,0, 0.007514346580
4,6,5,1, 0.020462490487
4,6,5,4, 0.011025519042
4,6,5,5, 0.073506407508
4,6,5,6, 0.048845625013
4,6,5,9,-0.019016177612
4,6,6,0, 0.024193780215
4,6,6,1, 0.040089911339
4,6,6,4, 0.023576561904
4,6,6,5, 0.048845625013
4,6,6,6, 0.062357102188
4,6,6,9,-0.016517033415
4,6,7,2, 0.002116597998
4,6,7,7, 0.069401508818
4,6,8,3, 0.002116597998
4,6,8,8, 0.069401508818
4,6,9,0,-0.010735699899
4,6,9,1,-0.019286269329
4,6,9,4,-0.017618970514
4,6,9,5,-0.019016177612
4,6,9,6,-0.016517033415
4,6,9,9, 0.080588715128
4,7,0,2, 0.002172079788
4,7,0,7, 0.000298588369
4,7,1,2, 0.001820851544
4,7,1,7, 0.001163568176
4,7,2,0, 0.002172079788
4,7,2,1, 0.001820851544
4,7,2,4, 0.001441093119
4,7,2,5, 0.000263852931
4,7,2,6, 0.000871394365
4,7,2,9,-0.000376311858
4,7,4,2, 0.001441093119
4,7,4,7, 0.000405221411
4,7,5,2, 0.000263852931
4,7,5,7, 0.003377905738
4,7,6,2, 0.000871394365
4,7,6,7, 0.002630733689
4,7,7,0, 0.000298588369
4,7,7,1, 0.001163568176
4,7,7,4, 0.000405221411
4,7,7,5, 0.003377905738
4,7,7,6, 0.002630733689
4,7,7,9,-0.002079704355
4,7,9,2,-0.000376311858
4,7,9,7,-0.002079704355
4,8,0,3, 0.002172079788
4,8,0,8, 0.000298588369
4,8,1,3, 0.001820851544
4,8,1,8, 0.001163568176
4,8,3,0, 0.002172079788
4,8,3,1, 0.001820851544
4,8,3,4, 0.001441093119
4,8,3,5, 0.000263852931
4,8,3,6, 0.000871394365
4,8,3,9,-0.000376311858
4,8,4,3, 0.001441093119
4,8,4,8, 0.000405221411
4,8,5,3, 0.000263852931
4,8,5,8, 0.003377905738
4,8,6,3, 0.000871394365
4,8,6,8, 0.002630733689
4,8,8,0, 0.000298588369
4,8,8,1, 0.001163568176
4,8,8,4, 0.000405221411
4,8,8,5, 0.003377905738
4,8,8,6, 0.002630733689
4,8,8,9,-0.002079704355
4,8,9,3,-0.000376311858
4,8,9,8,-0.002079704355
4,9,0,0,-0.068673481117
4,9,0,1,-0.044337922692
4,9,0,4,-0.020112796414
4,9,0,5,-0.006289574974
4,9,0,6,-0.018273495075
4,9,0,9, 0.009306219933
4,9,1,0,-0.044337922692
4,9,1,1,-0.053218562351
4,9,1,4,-0.016266695795
4,9,1,5,-0.018273495075
4,9,1,6,-0.032406497348
4,9,1,9, 0.017618970514
4,9,2,2,-0.063289563251
4,9,2,7,-0.001746648039
4,9,3,3,-0.063289563251
4,9,3,8,-0.001746648039
4,9,4,0,-0.020112796414
4,9,4,1,-0.016266695795
4,9,4,4,-0.076525346429
4,9,4,5,-0.009306219933
4,9,4,6,-0.017618970514
4,9,4,9, 0.015343416926
4,9,5,0,-0.006289574974
4,9,5,1,-0.018273495075
4,9,5,4,-0.009306219933
4,9,5,5,-0.068673481117
4,9,5,6,-0.044337922692
4,9,5,9, 0.020112796414
4,9,6,0,-0.018273495075
4,9,6,1,-0.032406497348
4,9,6,4,-0.017618970514
4,9,6,5,-0.044337922692
4,9,6,6,-0.053218562351
4,9,6,9, 0.016266695795
4,9,7,2,-0.001746648039
4,9,7,7,-0.063289563251
4,9,8,3,-0.001746648039
4,9,8,8,-0.063289563251
4,9,9,0, 0.009306219933
4,9,9,1, 0.017618970514
4,9,9,4, 0.015343416926
4,9,9,5, 0.020112796414
4,9,9,6, 0.016266695795
4,9,9,9,-0.076525346429
5,0,0,0, 0.033112382476
5,0,0,1, 0.021067996178
5,0,0,4, 0.008037885849
5,0,0,5, 0.002710357904
5,0,0,6, 0.008356029924
5,0,0,9,-0.003891194737
5,0,1,0, 0.021067996178
5,0,1,1, 0.025203457059
5,0,1,4, 0.006443782887
5,0,1,5, 0.008356029924
5,0,1,6, 0.015024582833
5,0,1,9,-0.007514346580
5,0,2,2, 0.030677512675
5,0,2,7, 0.000758273136
5,0,3,3, 0.030677512675
5,0,3,8, 0.000758273136
5,0,4,0, 0.008037885849
5,0,4,1, 0.006443782887
5,0,4,4, 0.034792142443
5,0,4,5, 0.003891194737
5,0,4,6, 0.007514346580
5,0,4,9,-0.006289574974
5,0,5,0, 0.002710357904
5,0,5,1, 0.008356029924
5,0,5,4, 0.003891194737
5,0,5,5, 0.033112382476
5,0,5,6, 0.021067996178
5,0,5,9,-0.008037885849
5,0,6,0, 0.008356029924
5,0,6,1, 0.015024582833
5,0,6,4, 0.007514346580
5,0,6,5, 0.021067996178
5,0,6,6, 0.025203457059
5,0,6,9,-0.006443782887
5,0,7,2, 0.000758273136
5,0,7,7, 0.030677512675
5,0,8,3, 0.000758273136
5,0,8,8, 0.030677512675
5,0,9,0,-0.003891194737
5,0,9,1,-0.007514346580
5,0,9,4,-0.006289574974
5,0,9,5,-0.008037885849
5,0,9,6,-0.006443782887
5,0,9,9, 0.034792142443
5,1,0,0, 0.084590726658
5,1,0,1, 0.056760008881
5,1,0,4, 0.017635173250
5,1,0,5, 0.008356029924
5,1,0,6, 0.023174398748
5,1,0,9,-0.011694994601
5,1,1,0, 0.056760008881
5,1,1,1, 0.076166864360
5,1,1,4, 0.015650553221
5,1,1,5, 0.033215551581
5,1,1,6, 0.051771283556
5,1,1,9,-0.024193780215
5,1,2,2, 0.081312814938
5,1,2,7, 0.002332745322
5,1,3,3, 0.081312814938
5,1,3,8, 0.002332745322
5,1,4,0, 0.017635173250
5,1,4,1, 0.015650553221
5,1,4,4, 0.089827590701
5,1,4,5, 0.011398704653
5,1,4,6, 0.020462490487
5,1,4,9,-0.018273495075
5,1,5,0, 0.008356029924
5,1,5,1, 0.033215551581
5,1,5,4, 0.011398704653
5,1,5,5, 0.158618063851
5,1,5,6, 0.095713159927
5,1,5,9,-0.016750166565
5,1,6,0, 0.023174398748
5,1,6,1, 0.051771283556
5,1,6,4, 0.020462490487
5,1,6,5, 0.095713159927
5,1,6,6, 0.105797149665
5,1,6,9,-0.012725954348
5,1,7,2, 0.002332745322
5,1,7,7, 0.145998729592
5,1,8,3, 0.002332745322
5,1,8,8, 0.145998729592
5,1,9,0,-0.011694994601
5,1,9,1,-0.024193780215
5,1,9,4,-0.018273495075
5,1,9,5,-0.016750166565
5,1,9,6,-0.012725954348
5,1,9,9, 0.149223194911
5,2,0,2, 0.003369864804
5,2,0,7, 0.000188180963
5,2,1,2, 0.002549854154
5,2,1,7, 0.000634083080
5,2,2,0, 0.003369864804
5,2,2,1, 0.002549854154
5,2,2,4, 0.001700788336
5,2,2,5, 0.000232076739
5,2,2,6, 0.001044989292
5,2,2,9,-0.000298588369
5,2,4,2, 0.001700788336
5,2,4,7, 0.000263852931
5,2,5,2, 0.000232076739
5,2,5,7, 0.001591853889
5,2,6,2, 0.001044989292
5,2,6,7, 0.001346443634
5,2,7,0, 0.000188180963
5,2,7,1, 0.000634083080
5,2,7,4, 0.000263852931
5,2,7,5, 0.001591853889
5,2,7,6, 0.001346443634
5,2,7,9,-0.000971893732
5,2,9,2,-0.000298588369
5,2,9,7,-0.000971893732
5,3,0,3, 0.003369864804
5,3,0,8, 0.000188180963
5,3,1,3, 0.002549854154
5,3,1,8, 0.000634083080
5,3,3,0, 0.003369864804
5,3,3,1, 0.002549854154
5,3,3,4, 0.001700788336
5,3,3,5, 0.000232076739
5,3,3,6, 0.001044989292
5,3,3,9,-0.000298588369
5,3,4,3, 0.001700788336
5,3,4,8, 0.000263852931
5,3,5,3, 0.000232076739
5,3,5,8, 0.001591853889
5,3,6,3, 0.001044989292
5,3,6,8, 0.001346443634
5,3,8,0, 0.000188180963
5,3,8,1, 0.000634083080
5,3,8,4, 0.000263852931
5,3,8,5, 0.001591853889
5,3,8,6, 0.001346443634
5,3,8,9,-0.000971893732
5,3,9,3,-0.000298588369
5,3,9,8,-0.000971893732
5,4,0,0, 0.044903006298
5,4,0,1, 0.028801342001
5,4,0,4, 0.012716497670
5,4,0,5, 0.003891194737
5,4,0,6, 0.011694994601
5,4,0,9,-0.005679134774
5,4,1,0, 0.028801342001
5,4,1,1, 0.034351922991
5,4,1,4, 0.010125792344
5,4,1,5, 0.011398704653
5,4,1,6, 0.020601086119
5,4,1,9,-0.010735699899
5,4,2,2, 0.041507378097
5,4,2,7, 0.001086086879
5,4,3,3, 0.041507378097
5,4,3,8, 0.001086086879
5,4,4,0, 0.012716497670
5,4,4,1, 0.010125792344
5,4,4,4, 0.049077046779
5,4,4,5, 0.005702803556
5,4,4,6, 0.011025519042
5,4,4,9,-0.009306219933
5,4,5,0, 0.003891194737
5,4,5,1, 0.011398704653
5,4,5,4, 0.005702803556
5,4,5,5, 0.043305500658
5,4,5,6, 0.027914665156
5,4,5,9,-0.011843143644
5,4,6,0, 0.011694994601
5,4,6,1, 0.020601086119
5,4,6,4, 0.011025519042
5,4,6,5, 0.027914665156
5,4,6,6, 0.033739022116
5,4,6,9,-0.009626161311
5,4,7,2, 0.001086086879
5,4,7,7, 0.040055312366
5,4,8,3, 0.001086086879
5,4,8,8, 0.040055312366
5,4,9,0,-0.005679134774
5,4,9,1,-0.010735699899
5,4,9,4,-0.009306219933
5,4,9,5,-0.011843143644
5,4,9,6,-0.009626161311
5,4,9,9, 0.047241621579
5,5,0,0, 0.299170552634
5,5,0,1, 0.204312753449
5,5,0,4, 0.056034389296
5,5,0,5, 0.033112382476
5,5,0,6, 0.084590726658
5,5,0,9,-0.044903006298
5,5,1,0, 0.204312753449
5,5,1,1, 0.289147698424
5,5,1,4, 0.052107879544
5,5,1,5, 0.158618063851
5,5,1,6, 0.215687621221
5,5,1,9,-0.092672587032
5,5,2,2, 0.290121550310
5,5,2,7, 0.008865688010
5,5,3,3, 0.290121550310
5,5,3,8, 0.008865688010
5,5,4,0, 0.056034389296
5,5,4,1, 0.052107879544
5,5,4,4, 0.317236590685
5,5,4,5, 0.043305500658
5,5,4,6, 0.073506407508
5,5,4,9,-0.068673481117
5,5,5,0, 0.033112382476
5,5,5,1, 0.158618063851
5,5,5,4, 0.043305500658
5,5,5,5, 0.897251802255
5,5,5,6, 0.504699283325
5,5,6,0, 0.084590726658
5,5,6,1, 0.215687621221
5,5,6,4, 0.073506407508
5,5,6,5, 0.504699283325
5,5,6,6, 0.507364877272
5,5,7,2, 0.008865688010
5,5,7,7, 0.775037038942
5,5,8,3, 0.008865688010
5,5,8,8, 0.775037038942
5,5,9,0,-0.044903006298
5,5,9,1,-0.092672587032
5,5,9,4,-0.068673481117
5,5,9,9, 0.775037038942
5,6,0,0, 0.204312753449
5,6,0,1, 0.139070065518
5,6,0,4, 0.037448155884
5,6,0,5, 0.021067996178
5,6,0,6, 0.056760008881
5,6,0,9,-0.028801342001
5,6,1,0, 0.139070065518
5,6,1,1, 0.195135858202
5,6,1,4, 0.034434744236
5,6,1,5, 0.095713159927
5,6,1,6, 0.140696565237
5,6,1,9,-0.058285480914
5,6,2,2, 0.198419056881
5,6,2,7, 0.005801480715
5,6,3,3, 0.198419056881
5,6,3,8, 0.005801480715
5,6,4,0, 0.037448155884
5,6,4,1, 0.034434744236
5,6,4,4, 0.215609700544
5,6,4,5, 0.027914665156
5,6,4,6, 0.048845625013
5,6,4,9,-0.044337922692
5,6,5,0, 0.021067996178
5,6,5,1, 0.095713159927
5,6,5,4, 0.027914665156
5,6,5,5, 0.504699283325
5,6,5,6, 0.300015949963
5,6,6,0, 0.056760008881
5,6,6,1, 0.140696565237
5,6,6,4, 0.048845625013
5,6,6,5, 0.300015949963
5,6,6,6, 0.324022459289
5,6,7,2, 0.005801480715
5,6,7,7, 0.462081934851
5,6,8,3, 0.005801480715
5,6,8,8, 0.462081934851
5,6,9,0,-0.028801342001
5,6,9,1,-0.058285480914
5,6,9,4,-0.044337922692
5,6,9,9, 0.462081934851
5,7,0,2, 0.010583320062
5,7,0,7, 0.003369864804
5,7,1,2, 0.009856273930
5,7,1,7, 0.029447509376
5,7,2,0, 0.010583320062
5,7,2,1, 0.009856273930
5,7,2,4, 0.005154543609
5,7,2,5, 0.001591853889
5,7,2,6, 0.004741116965
5,7,2,9,-0.002172079788
5,7,4,2, 0.005154543609
5,7,4,7, 0.003377905738
5,7,5,2, 0.001591853889
5,7,5,7, 0.152608082603
5,7,6,2, 0.004741116965
5,7,6,7, 0.101353944495
5,7,7,0, 0.003369864804
5,7,7,1, 0.029447509376
5,7,7,4, 0.003377905738
5,7,7,5, 0.152608082603
5,7,7,6, 0.101353944495
5,7,9,2,-0.002172079788
5,8,0,3, 0.010583320062
5,8,0,8, 0.003369864804
5,8,1,3, 0.009856273930
5,8,1,8, 0.029447509376
5,8,3,0, 0.010583320062
5,8,3,1, 0.009856273930
5,8,3,4, 0.005154543609
5,8,3,5, 0.001591853889
5,8,3,6, 0.004741116965
5,8,3,9,-0.002172079788
5,8,4,3, 0.005154543609
5,8,4,8, 0.003377905738
5,8,5,3, 0.001591853889
5,8,5,8, 0.152608082603
5,8,6,3, 0.004741116965
5,8,6,8, 0.101353944495
5,8,8,0, 0.003369864804
5,8,8,1, 0.029447509376
5,8,8,4, 0.003377905738
5,8,8,5, 0.152608082603
5,8,8,6, 0.101353944495
5,8,9,3,-0.002172079788
5,9,0,0,-0.056034389296
5,9,0,1,-0.037448155884
5,9,0,4,-0.020682679593
5,9,0,5,-0.008037885849
5,9,0,6,-0.017635173250
5,9,0,9, 0.012716497670
5,9,1,0,-0.037448155884
5,9,1,1,-0.044674679649
5,9,1,4,-0.018606968383
5,9,1,5,-0.016750166565
5,9,1,6,-0.026527071840
5,9,1,9, 0.036838297416
5,9,2,2,-0.051122353422
5,9,2,7,-0.002172079788
5,9,3,3,-0.051122353422
5,9,3,8,-0.002172079788
5,9,4,0,-0.020682679593
5,9,4,1,-0.018606968383
5,9,4,4,-0.065863085067
5,9,4,5,-0.011843143644
5,9,4,6,-0.019016177612
5,9,4,9, 0.020112796414
5,9,5,0,-0.008037885849
5,9,5,1,-0.016750166565
5,9,5,4,-0.011843143644
5,9,5,9, 0.152608082603
5,9,6,0,-0.017635173250
5,9,6,1,-0.026527071840
5,9,6,4,-0.019016177612
5,9,6,9, 0.101353944495
5,9,7,2,-0.002172079788
5,9,8,3,-0.002172079788
5,9,9,0, 0.012716497670
5,9,9,1, 0.036838297416
5,9,9,4, 0.020112796414
5,9,9,5, 0.152608082603
5,9,9,6, 0.101353944495
6,0,0,0, 0.158618063851
6,0,0,1, 0.095713159927
6,0,0,4, 0.016750166565
6,0,0,5, 0.008356029924
6,0,0,6, 0.033215551581
6,0,0,9,-0.011398704653
6,0,1,0, 0.095713159927
6,0,1,1, 0.105797149665
6,0,1,4, 0.012725954348
6,0,1,5, 0.023174398748
6,0,1,6, 0.051771283556
6,0,1,9,-0.020462490487
6,0,2,2, 0.145998729592
6,0,2,7, 0.002332745322
6,0,3,3, 0.145998729592
6,0,3,8, 0.002332745322
6,0,4,0, 0.016750166565
6,0,4,1, 0.012725954348
6,0,4,4, 0.149223194911
6,0,4,5, 0.011694994601
6,0,4,6, 0.024193780215
6,0,4,9,-0.018273495075
6,0,5,0, 0.008356029924
6,0,5,1, 0.023174398748
6,0,5,4, 0.011694994601
6,0,5,5, 0.084590726658
6,0,5,6, 0.056760008881
6,0,5,9,-0.017635173250
6,0,6,0, 0.033215551581
6,0,6,1, 0.051771283556
6,0,6,4, 0.024193780215
6,0,6,5, 0.056760008881
6,0,6,6, 0.076166864360
6,0,6,9,-0.015650553221
6,0,7,2, 0.002332745322
6,0,7,7, 0.081312814938
6,0,8,3, 0.002332745322
6,0,8,8, 0.081312814938
6,0,9,0,-0.011398704653
6,0,9,1,-0.020462490487
6,0,9,4,-0.018273495075
6,0,9,5,-0.017635173250
6,0,9,6,-0.015650553221
6,0,9,9, 0.089827590701
6,1,0,0, 0.215687621221
6,1,0,1, 0.140696565237
6,1,0,4, 0.026527071840
6,1,0,5, 0.015024582833
6,1,0,6, 0.051771283556
6,1,0,9,-0.020601086119
6,1,1,0, 0.140696565237
6,1,1,1, 0.179073103212
6,1,1,4, 0.022777681323
6,1,1,5, 0.051771283556
6,1,1,6, 0.101057251168
6,1,1,9,-0.040089911339
6,1,2,2, 0.209285556488
6,1,2,7, 0.004310443348
6,1,3,3, 0.209285556488
6,1,3,8, 0.004310443348
6,1,4,0, 0.026527071840
6,1,4,1, 0.022777681323
6,1,4,4, 0.215100874944
6,1,4,5, 0.020601086119
6,1,4,6, 0.040089911339
6,1,4,9,-0.032406497348
6,1,5,0, 0.015024582833
6,1,5,1, 0.051771283556
6,1,5,4, 0.020601086119
6,1,5,5, 0.215687621221
6,1,5,6, 0.140696565237
6,1,5,9,-0.026527071840
6,1,6,0, 0.051771283556
6,1,6,1, 0.101057251168
6,1,6,4, 0.040089911339
6,1,6,5, 0.140696565237
6,1,6,6, 0.179073103212
6,1,6,9,-0.022777681323
6,1,7,2, 0.004310443348
6,1,7,7, 0.209285556488
6,1,8,3, 0.004310443348
6,1,8,8, 0.209285556488
6,1,9,0,-0.020601086119
6,1,9,1,-0.040089911339
6,1,9,4,-0.032406497348
6,1,9,5,-0.026527071840
6,1,9,6,-0.022777681323
6,1,9,9, 0.215100874944
6,2,0,2, 0.029447509376
6,2,0,7, 0.000634083080
6,2,1,2, 0.021312666419
6,2,1,7, 0.002043378053
6,2,2,0, 0.029447509376
6,2,2,1, 0.021312666419
6,2,2,4, 0.005281709422
6,2,2,5, 0.001044989292
6,2,2,6, 0.007044394206
6,2,2,9,-0.001163568176
6,2,4,2, 0.005281709422
6,2,4,7, 0.000871394365
6,2,5,2, 0.001044989292
6,2,5,7, 0.004741116965
6,2,6,2, 0.007044394206
6,2,6,7, 0.004299681290
6,2,7,0, 0.000634083080
6,2,7,1, 0.002043378053
6,2,7,4, 0.000871394365
6,2,7,5, 0.004741116965
6,2,7,6, 0.004299681290
6,2,7,9,-0.002500465279
6,2,9,2,-0.001163568176
6,2,9,7,-0.002500465279
6,3,0,3, 0.029447509376
6,3,0,8, 0.000634083080
6,3,1,3, 0.021312666419
6,3,1,8, 0.002043378053
6,3,3,0, 0.029447509376
6,3,3,1, 0.021312666419
6,3,3,4, 0.005281709422
6,3,3,5, 0.001044989292
6,3,3,6, 0.007044394206
6,3,3,9,-0.001163568176
6,3,4,3, 0.005281709422
6,3,4,8, 0.000871394365
6,3,5,3, 0.001044989292
6,3,5,8, 0.004741116965
6,3,6,3, 0.007044394206
6,3,6,8, 0.004299681290
6,3,8,0, 0.000634083080
6,3,8,1, 0.002043378053
6,3,8,4, 0.000871394365
6,3,8,5, 0.004741116965
6,3,8,6, 0.004299681290
6,3,8,9,-0.002500465279
6,3,9,3,-0.001163568176
6,3,9,8,-0.002500465279
6,4,0,0, 0.092672587032
6,4,0,1, 0.058285480914
6,4,0,4, 0.036838297416
6,4,0,5, 0.007514346580
6,4,0,6, 0.024193780215
6,4,0,9,-0.010735699899
6,4,1,0, 0.058285480914
6,4,1,1, 0.067266675351
6,4,1,4, 0.027176134901
6,4,1,5, 0.020462490487
6,4,1,6, 0.040089911339
6,4,1,9,-0.019286269329
6,4,2,2, 0.085883688036
6,4,2,7, 0.002116597998
6,4,3,3, 0.085883688036
6,4,3,8, 0.002116597998
6,4,4,0, 0.036838297416
6,4,4,1, 0.027176134901
6,4,4,4, 0.097588733254
6,4,4,5, 0.011025519042
6,4,4,6, 0.023576561904
6,4,4,9,-0.017618970514
6,4,5,0, 0.007514346580
6,4,5,1, 0.020462490487
6,4,5,4, 0.011025519042
6,4,5,5, 0.073506407508
6,4,5,6, 0.048845625013
6,4,5,9,-0.019016177612
6,4,6,0, 0.024193780215
6,4,6,1, 0.040089911339
6,4,6,4, 0.023576561904
6,4,6,5, 0.048845625013
6,4,6,6, 0.062357102188
6,4,6,9,-0.016517033415
6,4,7,2, 0.002116597998
6,4,7,7, 0.069401508818
6,4,8,3, 0.002116597998
6,4,8,8, 0.069401508818
6,4,9,0,-0.010735699899
6,4,9,1,-0.019286269329
6,4,9,4,-0.017618970514
6,4,9,5,-0.019016177612
6,4,9,6,-0.016517033415
6,4,9,9, 0.080588715128
6,5,0,0, 0.204312753449
6,5,0,1, 0.139070065518
6,5,0,4, 0.037448155884
6,5,0,5, 0.021067996178
6,5,0,6, 0.056760008881
6,5,0,9,-0.028801342001
6,5,1,0, 0.139070065518
6,5,1,1, 0.195135858202
6,5,1,4, 0.034434744236
6,5,1,5, 0.095713159927
6,5,1,6, 0.140696565237
6,5,1,9,-0.058285480914
6,5,2,2, 0.198419056881
6,5,2,7, 0.005801480715
6,5,3,3, 0.198419056881
6,5,3,8, 0.005801480715
6,5,4,0, 0.037448155884
6,5,4,1, 0.034434744236
6,5,4,4, 0.215609700544
6,5,4,5, 0.027914665156
6,5,4,6, 0.048845625013
6,5,4,9,-0.044337922692
6,5,5,0, 0.021067996178
6,5,5,1, 0.095713159927
6,5,5,4, 0.027914665156
6,5,5,5, 0.504699283325
6,5,5,6, 0.300015949963
6,5,6,0, 0.056760008881
6,5,6,1, 0.140696565237
6,5,6,4, 0.048845625013
6,5,6,5, 0.300015949963
6,5,6,6, 0.324022459289
6,5,7,2, 0.005801480715
6,5,7,7, 0.462081934851
6,5,8,3, 0.005801480715
6,5,8,8, 0.462081934851
6,5,9,0,-0.028801342001
6,5,9,1,-0.058285480914
6,5,9,4,-0.044337922692
6,5,9,9, 0.462081934851
6,6,0,0, 0.289147698424
6,6,0,1, 0.195135858202
6,6,0,4, 0.044674679649
6,6,0,5, 0.025203457059
6,6,0,6, 0.076166864360
6,6,0,9,-0.034351922991
6,6,1,0, 0.195135858202
6,6,1,1, 0.269767660492
6,6,1,4, 0.040321222266
6,6,1,5, 0.105797149665
6,6,1,6, 0.179073103212
6,6,1,9,-0.067266675351
6,6,2,2, 0.282767665049
6,6,2,7, 0.007164445143
6,6,3,3, 0.282767665049
6,6,3,8, 0.007164445143
6,6,4,0, 0.044674679649
6,6,4,1, 0.040321222266
6,6,4,4, 0.297759163639
6,6,4,5, 0.033739022116
6,6,4,6, 0.062357102188
6,6,4,9,-0.053218562351
6,6,5,0, 0.025203457059
6,6,5,1, 0.105797149665
6,6,5,4, 0.033739022116
6,6,5,5, 0.507364877272
6,6,5,6, 0.324022459289
6,6,6,0, 0.076166864360
6,6,6,1, 0.179073103212
6,6,6,4, 0.062357102188
6,6,6,5, 0.324022459289
6,6,6,6, 0.394125899248
6,6,7,2, 0.007164445143
6,6,7,7, 0.491073083906
6,6,8,3, 0.007164445143
6,6,8,8, 0.491073083906
6,6,9,0,-0.034351922991
6,6,9,1,-0.067266675351
6,6,9,4,-0.053218562351
6,6,9,9, 0.491073083906
6,7,0,2, 0.009856273930
6,7,0,7, 0.002549854154
6,7,1,2, 0.009126359049
6,7,1,7, 0.021312666419
6,7,2,0, 0.009856273930
6,7,2,1, 0.009126359049
6,7,2,4, 0.004719257985
6,7,2,5, 0.001346443634
6,7,2,6, 0.004299681290
6,7,2,9,-0.001820851544
6,7,4,2, 0.004719257985
6,7,4,7, 0.002630733689
6,7,5,2, 0.001346443634
6,7,5,7, 0.101353944495
6,7,6,2, 0.004299681290
6,7,6,7, 0.072461555243
6,7,7,0, 0.002549854154
6,7,7,1, 0.021312666419
6,7,7,4, 0.002630733689
6,7,7,5, 0.101353944495
6,7,7,6, 0.072461555243
6,7,9,2,-0.001820851544
6,8,0,3, 0.009856273930
6,8,0,8, 0.002549854154
6,8,1,3, 0.009126359049
6,8,1,8, 0.021312666419
6,8,3,0, 0.009856273930
6,8,3,1, 0.009126359049
6,8,3,4, 0.004719257985
6,8,3,5, 0.001346443634
6,8,3,6, 0.004299681290
6,8,3,9,-0.001820851544
6,8,4,3, 0.004719257985
6,8,4,8, 0.002630733689
6,8,5,3, 0.001346443634
6,8,5,8, 0.101353944495
6,8,6,3, 0.004299681290
6,8,6,8, 0.072461555243
6,8,8,0, 0.002549854154
6,8,8,1, 0.021312666419
6,8,8,4, 0.002630733689
6,8,8,5, 0.101353944495
6,8,8,6, 0.072461555243
6,8,9,3,-0.001820851544
6,9,0,0,-0.052107879544
6,9,0,1,-0.034434744236
6,9,0,4,-0.018606968383
6,9,0,5,-0.006443782887
6,9,0,6,-0.015650553221
6,9,0,9, 0.010125792344
6,9,1,0,-0.034434744236
6,9,1,1,-0.040321222266
6,9,1,4,-0.016344602348
6,9,1,5,-0.012725954348
6,9,1,6,-0.022777681323
6,9,1,9, 0.027176134901
6,9,2,2,-0.047784523771
6,9,2,7,-0.001820851544
6,9,3,3,-0.047784523771
6,9,3,8,-0.001820851544
6,9,4,0,-0.018606968383
6,9,4,1,-0.016344602348
6,9,4,4,-0.060314220106
6,9,4,5,-0.009626161311
6,9,4,6,-0.016517033415
6,9,4,9, 0.016266695795
6,9,5,0,-0.006443782887
6,9,5,1,-0.012725954348
6,9,5,4,-0.009626161311
6,9,5,9, 0.101353944495
6,9,6,0,-0.015650553221
6,9,6,1,-0.022777681323
6,9,6,4,-0.016517033415
6,9,6,9, 0.072461555243
6,9,7,2,-0.001820851544
6,9,8,3,-0.001820851544
6,9,9,0, 0.010125792344
6,9,9,1, 0.027176134901
6,9,9,4, 0.016266695795
6,9,9,5, 0.101353944495
6,9,9,6, 0.072461555243
7,0,0,2, 0.001591853889
7,0,0,7, 0.000232076739
7,0,1,2, 0.001346443634
7,0,1,7, 0.001044989292
7,0,2,0, 0.001591853889
7,0,2,1, 0.001346443634
7,0,2,4, 0.000971893732
7,0,2,5, 0.000188180963
7,0,2,6, 0.000634083080
7,0,2,9,-0.000263852931
7,0,4,2, 0.000971893732
7,0,4,7, 0.000298588369
7,0,5,2, 0.000188180963
7,0,5,7, 0.003369864804
7,0,6,2, 0.000634083080
7,0,6,7, 0.002549854154
7,0,7,0, 0.000232076739
7,0,7,1, 0.001044989292
7,0,7,4, 0.000298588369
7,0,7,5, 0.003369864804
7,0,7,6, 0.002549854154
7,0,7,9,-0.001700788336
7,0,9,2,-0.000263852931
7,0,9,7,-0.001700788336
7,1,0,2, 0.004741116965
7,1,0,7, 0.001044989292
7,1,1,2, 0.004299681290
7,1,1,7, 0.007044394206
7,1,2,0, 0.004741116965
7,1,2,1, 0.004299681290
7,1,2,4, 0.002500465279
7,1,2,5, 0.000634083080
7,1,2,6, 0.002043378053
7,1,2,9,-0.000871394365
7,1,4,2, 0.002500465279
7,1,4,7, 0.001163568176
7,1,5,2, 0.000634083080
7,1,5,7, 0.029447509376
7,1,6,2, 0.002043378053
7,1,6,7, 0.021312666419
7,1,7,0, 0.001044989292
7,1,7,1, 0.007044394206
7,1,7,4, 0.001163568176
7,1,7,5, 0.029447509376
7,1,7,6, 0.021312666419
7,1,7,9,-0.005281709422
7,1,9,2,-0.000871394365
7,1,9,7,-0.005281709422
7,2,0,0, 0.008865688010
7,2,0,1, 0.005801480715
7,2,0,4, 0.002172079788
7,2,0,5, 0.000758273136
7,2,0,6, 0.002332745322
7,2,0,9,-0.001086086879
7,2,1,0, 0.005801480715
7,2,1,1, 0.007164445143
7,2,1,4, 0.001820851544
7,2,1,5, 0.002332745322
7,2,1,6, 0.004310443348
7,2,1,9,-0.002116597998
7,2,2,2, 0.008668440030
7,2,2,7, 0.000236094685
7,2,3,3, 0.008234316127
7,2,3,8, 0.000207185131
7,2,4,0, 0.002172079788
7,2,4,1, 0.001820851544
7,2,4,4, 0.009458347294
7,2,4,5, 0.001086086879
7,2,4,6, 0.002116597998
7,2,4,9,-0.001746648039
7,2,5,0, 0.000758273136
7,2,5,1, 0.002332745322
7,2,5,4, 0.001086086879
7,2,5,5, 0.008865688010
7,2,5,6, 0.005801480715
7,2,5,9,-0.002172079788
7,2,6,0, 0.002332745322
7,2,6,1, 0.004310443348
7,2,6,4, 0.002116597998
7,2,6,5, 0.005801480715
7,2,6,6, 0.007164445143
7,2,6,9,-0.001820851544
7,2,7,2, 0.000236094685
7,2,7,7, 0.008668440030
7,2,8,3, 0.000207185131
7,2,8,8, 0.008234316127
7,2,9,0,-0.001086086879
7,2,9,1,-0.002116597998
7,2,9,4,-0.001746648039
7,2,9,5,-0.002172079788
7,2,9,6,-0.001820851544
7,2,9,9, 0.009458347294
7,3,2,3, 0.000217061952
7,3,2,8, 0.000014454777
7,3,3,2, 0.000217061952
7,3,3,7, 0.000014454777
7,3,7,3, 0.000014454777
7,3,7,8, 0.000217061952
7,3,8,2, 0.000014454777
7,3,8,7, 0.000217061952
7,4,0,2, 0.002172079788
7,4,0,7, 0.000298588369
7,4,1,2, 0.001820851544
7,4,1,7, 0.001163568176
7,4,2,0, 0.002172079788
7,4,2,1, 0.001820851544
7,4,2,4, 0.001441093119
7,4,2,5, 0.000263852931
7,4,2,6, 0.000871394365
7,4,2,9,-0.000376311858
7,4,4,2, 0.001441093119
7,4,4,7, 0.000405221411
7,4,5,2, 0.000263852931
7,4,5,7, 0.003377905738
7,4,6,2, 0.000871394365
7,4,6,7, 0.002630733689
7,4,7,0, 0.000298588369
7,4,7,1, 0.001163568176
7,4,7,4, 0.000405221411
7,4,7,5, 0.003377905738
7,4,7,6, 0.002630733689
7,4,7,9,-0.002079704355
7,4,9,2,-0.000376311858
7,4,9,7,-0.002079704355
7,5,0,2, 0.010583320062
7,5,0,7, 0.003369864804
7,5,1,2, 0.009856273930
7,5,1,7, 0.029447509376
7,5,2,0, 0.010583320062
7,5,2,1, 0.009856273930
7,5,2,4, 0.005154543609
7,5,2,5, 0.001591853889
7,5,2,6, 0.004741116965
7,5,2,9,-0.002172079788
7,5,4,2, 0.005154543609
7,5,4,7, 0.003377905738
7,5,5,2, 0.001591853889
7,5,5,7, 0.152608082603
7,5,6,2, 0.004741116965
7,5,6,7, 0.101353944495
7,5,7,0, 0.003369864804
7,5,7,1, 0.029447509376
7,5,7,4, 0.003377905738
7,5,7,5, 0.152608082603
7,5,7,6, 0.101353944495
7,5,9,2,-0.002172079788
7,6,0,2, 0.009856273930
7,6,0,7, 0.002549854154
7,6,1,2, 0.009126359049
7,6,1,7, 0.021312666419
7,6,2,0, 0.009856273930
7,6,2,1, 0.009126359049
7,6,2,4, 0.004719257985
7,6,2,5, 0.001346443634
7,6,2,6, 0.004299681290
7,6,2,9,-0.001820851544
7,6,4,2, 0.004719257985
7,6,4,7, 0.002630733689
7,6,5,2, 0.001346443634
7,6,5,7, 0.101353944495
7,6,6,2, 0.004299681290
7,6,6,7, 0.072461555243
7,6,7,0, 0.002549854154
7,6,7,1, 0.021312666419
7,6,7,4, 0.002630733689
7,6,7,5, 0.101353944495
7,6,7,6, 0.072461555243
7,6,9,2,-0.001820851544
7,7,0,0, 0.290121550310
7,7,0,1, 0.198419056881
7,7,0,4, 0.051122353422
7,7,0,5, 0.030677512675
7,7,0,6, 0.081312814938
7,7,0,9,-0.041507378097
7,7,1,0, 0.198419056881
7,7,1,1, 0.282767665049
7,7,1,4, 0.047784523771
7,7,1,5, 0.145998729592
7,7,1,6, 0.209285556488
7,7,1,9,-0.085883688036
7,7,2,2, 0.283489183709
7,7,2,7, 0.008668440030
7,7,3,3, 0.281792853160
7,7,3,8, 0.008234316127
7,7,4,0, 0.051122353422
7,7,4,1, 0.047784523771
7,7,4,4, 0.305139193369
7,7,4,5, 0.040055312366
7,7,4,6, 0.069401508818
7,7,4,9,-0.063289563251
7,7,5,0, 0.030677512675
7,7,5,1, 0.145998729592
7,7,5,4, 0.040055312366
7,7,5,5, 0.775037038942
7,7,5,6, 0.462081934851
7,7,6,0, 0.081312814938
7,7,6,1, 0.209285556488
7,7,6,4, 0.069401508818
7,7,6,5, 0.462081934851
7,7,6,6, 0.491073083906
7,7,7,2, 0.008668440030
7,7,7,7, 0.785718708997
7,7,8,3, 0.008234316127
7,7,8,8, 0.689508254834
7,7,9,0,-0.041507378097
7,7,9,1,-0.085883688036
7,7,9,4,-0.063289563251
7,7,9,9, 0.689508254834
7,8,2,3, 0.000848165275
7,8,2,8, 0.000217061952
7,8,3,2, 0.000848165275
7,8,3,7, 0.000217061952
7,8,7,3, 0.000217061952
7,8,7,8, 0.048105227081
7,8,8,2, 0.000217061952
7,8,8,7, 0.048105227081
7,9,0,2,-0.005154543609
7,9,0,7,-0.001700788336
7,9,1,2,-0.004719257985
7,9,1,7,-0.005281709422
7,9,2,0,-0.005154543609
7,9,2,1,-0.004719257985
7,9,2,4,-0.003320387215
7,9,2,5,-0.000971893732
7,9,2,6,-0.002500465279
7,9,2,9, 0.001441093119
7,9,4,2,-0.003320387215
7,9,4,7,-0.002079704355
7,9,5,2,-0.000971893732
7,9,6,2,-0.002500465279
7,9,7,0,-0.001700788336
7,9,7,1,-0.005281709422
7,9,7,4,-0.002079704355
7,9,7,9, 0.048105227081
7,9,9,2, 0.001441093119
7,9,9,7, 0.048105227081
8,0,0,3, 0.001591853889
8,0,0,8, 0.000232076739
8,0,1,3, 0.001346443634
8,0,1,8, 0.001044989292
8,0,3,0, 0.001591853889
8,0,3,1, 0.001346443634
8,0,3,4, 0.000971893732
8,0,3,5, 0.000188180963
8,0,3,6, 0.000634083080
8,0,3,9,-0.000263852931
8,0,4,3, 0.000971893732
8,0,4,8, 0.000298588369
8,0,5,3, 0.000188180963
8,0,5,8, 0.003369864804
8,0,6,3, 0.000634083080
8,0,6,8, 0.002549854154
8,0,8,0, 0.000232076739
8,0,8,1, 0.001044989292
8,0,8,4, 0.000298588369
8,0,8,5, 0.003369864804
8,0,8,6, 0.002549854154
8,0,8,9,-0.001700788336
8,0,9,3,-0.000263852931
8,0,9,8,-0.001700788336
8,1,0,3, 0.004741116965
8,1,0,8, 0.001044989292
8,1,1,3, 0.004299681290
8,1,1,8, 0.007044394206
8,1,3,0, 0.004741116965
8,1,3,1, 0.004299681290
8,1,3,4, 0.002500465279
8,1,3,5, 0.000634083080
8,1,3,6, 0.002043378053
8,1,3,9,-0.000871394365
8,1,4,3, 0.002500465279
8,1,4,8, 0.001163568176
8,1,5,3, 0.000634083080
8,1,5,8, 0.029447509376
8,1,6,3, 0.002043378053
8,1,6,8, 0.021312666419
8,1,8,0, 0.001044989292
8,1,8,1, 0.007044394206
8,1,8,4, 0.001163568176
8,1,8,5, 0.029447509376
8,1,8,6, 0.021312666419
8,1,8,9,-0.005281709422
8,1,9,3,-0.000871394365
8,1,9,8,-0.005281709422
8,2,2,3, 0.000217061952
8,2,2,8, 0.000014454777
8,2,3,2, 0.000217061952
8,2,3,7, 0.000014454777
8,2,7,3, 0.000014454777
8,2,7,8, 0.000217061952
8,2,8,2, 0.000014454777
8,2,8,7, 0.000217061952
8,3,0,0, 0.008865688010
8,3,0,1, 0.005801480715
8,3,0,4, 0.002172079788
8,3,0,5, 0.000758273136
8,3,0,6, 0.002332745322
8,3,0,9,-0.001086086879
8,3,1,0, 0.005801480715
8,3,1,1, 0.007164445143
8,3,1,4, 0.001820851544
8,3,1,5, 0.002332745322
8,3,1,6, 0.004310443348
8,3,1,9,-0.002116597998
8,3,2,2, 0.008234316127
8,3,2,7, 0.000207185131
8,3,3,3, 0.008668440030
8,3,3,8, 0.000236094685
8,3,4,0, 0.002172079788
8,3,4,1, 0.001820851544
8,3,4,4, 0.009458347294
8,3,4,5, 0.001086086879
8,3,4,6, 0.002116597998
8,3,4,9,-0.001746648039
8,3,5,0, 0.000758273136
8,3,5,1, 0.002332745322
8,3,5,4, 0.001086086879
8,3,5,5, 0.008865688010
8,3,5,6, 0.005801480715
8,3,5,9,-0.002172079788
8,3,6,0, 0.002332745322
8,3,6,1, 0.004310443348
8,3,6,4, 0.002116597998
8,3,6,5, 0.005801480715
8,3,6,6, 0.007164445143
8,3,6,9,-0.001820851544
8,3,7,2, 0.000207185131
8,3,7,7, 0.008234316127
8,3,8,3, 0.000236094685
8,3,8,8, 0.008668440030
8,3,9,0,-0.001086086879
8,3,9,1,-0.002116597998
8,3,9,4,-0.001746648039
8,3,9,5,-0.002172079788
8,3,9,6,-0.001820851544
8,3,9,9, 0.009458347294
8,4,0,3, 0.002172079788
8,4,0,8, 0.000298588369
8,4,1,3, 0.001820851544
8,4,1,8, 0.001163568176
8,4,3,0, 0.002172079788
8,4,3,1, 0.001820851544
8,4,3,4, 0.001441093119
8,4,3,5, 0.000263852931
8,4,3,6, 0.000871394365
8,4,3,9,-0.000376311858
8,4,4,3, 0.001441093119
8,4,4,8, 0.000405221411
8,4,5,3, 0.000263852931
8,4,5,8, 0.003377905738
8,4,6,3, 0.000871394365
8,4,6,8, 0.002630733689
8,4,8,0, 0.000298588369
8,4,8,1, 0.001163568176
8,4,8,4, 0.000405221411
8,4,8,5, 0.003377905738
8,4,8,6, 0.002630733689
8,4,8,9,-0.002079704355
8,4,9,3,-0.000376311858
8,4,9,8,-0.002079704355
8,5,0,3, 0.010583320062
8,5,0,8, 0.003369864804
8,5,1,3, 0.009856273930
8,5,1,8, 0.029447509376
8,5,3,0, 0.010583320062
8,5,3,1, 0.009856273930
8,5,3,4, 0.005154543609
8,5,3,5, 0.001591853889
8,5,3,6, 0.004741116965
8,5,3,9,-0.002172079788
8,5,4,3, 0.005154543609
8,5,4,8, 0.003377905738
8,5,5,3, 0.001591853889
8,5,5,8, 0.152608082603
8,5,6,3, 0.004741116965
8,5,6,8, 0.101353944495
8,5,8,0, 0.003369864804
8,5,8,1, 0.029447509376
8,5,8,4, 0.003377905738
8,5,8,5, 0.152608082603
8,5,8,6, 0.101353944495
8,5,9,3,-0.002172079788
8,6,0,3, 0.009856273930
8,6,0,8, 0.002549854154
8,6,1,3, 0.009126359049
8,6,1,8, 0.021312666419
8,6,3,0, 0.009856273930
8,6,3,1, 0.009126359049
8,6,3,4, 0.004719257985
8,6,3,5, 0.001346443634
8,6,3,6, 0.004299681290
8,6,3,9,-0.001820851544
8,6,4,3, 0.004719257985
8,6,4,8, 0.002630733689
8,6,5,3, 0.001346443634
8,6,5,8, 0.101353944495
8,6,6,3, 0.004299681290
8,6,6,8, 0.072461555243
8,6,8,0, 0.002549854154
8,6,8,1, 0.021312666419
8,6,8,4, 0.002630733689
8,6,8,5, 0.101353944495
8,6,8,6, 0.072461555243
8,6,9,3,-0.001820851544
8,7,2,3, 0.000848165275
8,7,2,8, 0.000217061952
8,7,3,2, 0.000848165275
8,7,3,7, 0.000217061952
8,7,7,3, 0.000217061952
8,7,7,8, 0.048105227081
8,7,8,2, 0.000217061952
8,7,8,7, 0.048105227081
8,8,0,0, 0.290121550310
8,8,0,1, 0.198419056881
8,8,0,4, 0.051122353422
8,8,0,5, 0.030677512675
8,8,0,6, 0.081312814938
8,8,0,9,-0.041507378097
8,8,1,0, 0.198419056881
8,8,1,1, 0.282767665049
8,8,1,4, 0.047784523771
8,8,1,5, 0.145998729592
8,8,1,6, 0.209285556488
8,8,1,9,-0.085883688036
8,8,2,2, 0.281792853160
8,8,2,7, 0.008234316127
8,8,3,3, 0.283489183709
8,8,3,8, 0.008668440030
8,8,4,0, 0.051122353422
8,8,4,1, 0.047784523771
8,8,4,4, 0.305139193369
8,8,4,5, 0.040055312366
8,8,4,6, 0.069401508818
8,8,4,9,-0.063289563251
8,8,5,0, 0.030677512675
8,8,5,1, 0.145998729592
8,8,5,4, 0.040055312366
8,8,5,5, 0.775037038942
8,8,5,6, 0.462081934851
8,8,6,0, 0.081312814938
8,8,6,1, 0.209285556488
8,8,6,4, 0.069401508818
8,8,6,5, 0.462081934851
8,8,6,6, 0.491073083906
8,8,7,2, 0.008234316127
8,8,7,7, 0.689508254834
8,8,8,3, 0.008668440030
8,8,8,8, 0.785718708997
8,8,9,0,-0.041507378097
8,8,9,1,-0.085883688036
8,8,9,4,-0.063289563251
8,8,9,9, 0.689508254834
8,9,0,3,-0.005154543609
8,9,0,8,-0.001700788336
8,9,1,3,-0.004719257985
8,9,1,8,-0.005281709422
8,9,3,0,-0.005154543609
8,9,3,1,-0.004719257985
8,9,3,4,-0.003320387215
8,9,3,5,-0.000971893732
8,9,3,6,-0.002500465279
8,9,3,9, 0.001441093119
8,9,4,3,-0.003320387215
8,9,4,8,-0.002079704355
8,9,5,3,-0.000971893732
8,9,6,3,-0.002500465279
8,9,8,0,-0.001700788336
8,9,8,1,-0.005281709422
8,9,8,4,-0.002079704355
8,9,8,9, 0.048105227081
8,9,9,3, 0.001441093119
8,9,9,8, 0.048105227081
9,0,0,0,-0.043305500658
9,0,0,1,-0.027914665156
9,0,0,4,-0.011843143644
9,0,0,5,-0.003891194737
9,0,0,6,-0.011398704653
9,0,0,9, 0.005702803556
9,0,1,0,-0.027914665156
9,0,1,1,-0.033739022116
9,0,1,4,-0.009626161311
9,0,1,5,-0.011694994601
9,0,1,6,-0.020601086119
9,0,1,9, 0.011025519042
9,0,2,2,-0.040055312366
9,0,2,7,-0.001086086879
9,0,3,3,-0.040055312366
9,0,3,8,-0.001086086879
9,0,4,0,-0.011843143644
9,0,4,1,-0.009626161311
9,0,4,4,-0.047241621579
9,0,4,5,-0.005679134774
9,0,4,6,-0.010735699899
9,0,4,9, 0.009306219933
9,0,5,0,-0.003891194737
9,0,5,1,-0.011694994601
9,0,5,4,-0.005679134774
9,0,5,5,-0.044903006298
9,0,5,6,-0.028801342001
9,0,5,9, 0.012716497670
9,0,6,0,-0.011398704653
9,0,6,1,-0.020601086119
9,0,6,4,-0.010735699899
9,0,6,5,-0.028801342001
9,0,6,6,-0.034351922991
9,0,6,9, 0.010125792344
9,0,7,2,-0.001086086879
9,0,7,7,-0.041507378097
9,0,8,3,-0.001086086879
9,0,8,8,-0.041507378097
9,0,9,0, 0.005702803556
9,0,9,1, 0.011025519042
9,0,9,4, 0.009306219933
9,0,9,5, 0.012716497670
9,0,9,6, 0.010125792344
9,0,9,9,-0.049077046779
9,1,0,0,-0.073506407508
9,1,0,1,-0.048845625013
9,1,0,4,-0.019016177612
9,1,0,5,-0.007514346580
9,1,0,6,-0.020462490487
9,1,0,9, 0.011025519042
9,1,1,0,-0.048845625013
9,1,1,1,-0.062357102188
9,1,1,4,-0.016517033415
9,1,1,5,-0.024193780215
9,1,1,6,-0.040089911339
9,1,1,9, 0.023576561904
9,1,2,2,-0.069401508818
9,1,2,7,-0.002116597998
9,1,3,3,-0.069401508818
9,1,3,8,-0.002116597998
9,1,4,0,-0.019016177612
9,1,4,1,-0.016517033415
9,1,4,4,-0.080588715128
9,1,4,5,-0.010735699899
9,1,4,6,-0.019286269329
9,1,4,9, 0.017618970514
9,1,5,0,-0.007514346580
9,1,5,1,-0.024193780215
9,1,5,4,-0.010735699899
9,1,5,5,-0.092672587032
9,1,5,6,-0.058285480914
9,1,5,9, 0.036838297416
9,1,6,0,-0.020462490487
9,1,6,1,-0.040089911339
9,1,6,4,-0.019286269329
9,1,6,5,-0.058285480914
9,1,6,6,-0.067266675351
9,1,6,9, 0.027176134901
9,1,7,2,-0.002116597998
9,1,7,7,-0.085883688036
9,1,8,3,-0.002116597998
9,1,8,8,-0.085883688036
9,1,9,0, 0.011025519042
9,1,9,1, 0.023576561904
9,1,9,4, 0.017618970514
9,1,9,5, 0.036838297416
9,1,9,6, 0.027176134901
9,1,9,9,-0.097588733254
9,2,0,2,-0.003377905738
9,2,0,7,-0.000263852931
9,2,1,2,-0.002630733689
9,2,1,7,-0.000871394365
9,2,2,0,-0.003377905738
9,2,2,1,-0.002630733689
9,2,2,4,-0.002079704355
9,2,2,5,-0.000298588369
9,2,2,6,-0.001163568176
9,2,2,9, 0.000405221411
9,2,4,2,-0.002079704355
9,2,4,7,-0.000376311858
9,2,5,2,-0.000298588369
9,2,5,7,-0.002172079788
9,2,6,2,-0.001163568176
9,2,6,7,-0.001820851544
9,2,7,0,-0.000263852931
9,2,7,1,-0.000871394365
9,2,7,4,-0.000376311858
9,2,7,5,-0.002172079788
9,2,7,6,-0.001820851544
9,2,7,9, 0.001441093119
9,2,9,2, 0.000405221411
9,2,9,7, 0.001441093119
9,3,0,3,-0.003377905738
9,3,0,8,-0.000263852931
9,3,1,3,-0.002630733689
9,3,1,8,-0.000871394365
9,3,3,0,-0.003377905738
9,3,3,1,-0.002630733689
9,3,3,4,-0.002079704355
9,3,3,5,-0.000298588369
9,3,3,6,-0.001163568176
9,3,3,9, 0.000405221411
9,3,4,3,-0.002079704355
9,3,4,8,-0.000376311858
9,3,5,3,-0.000298588369
9,3,5,8,-0.002172079788
9,3,6,3,-0.001163568176
9,3,6,8,-0.001820851544
9,3,8,0,-0.000263852931
9,3,8,1,-0.000871394365
9,3,8,4,-0.000376311858
9,3,8,5,-0.002172079788
9,3,8,6,-0.001820851544
9,3,8,9, 0.001441093119
9,3,9,3, 0.000405221411
9,3,9,8, 0.001441093119
9,4,0,0,-0.068673481117
9,4,0,1,-0.044337922692
9,4,0,4,-0.020112796414
9,4,0,5,-0.006289574974
9,4,0,6,-0.018273495075
9,4,0,9, 0.009306219933
9,4,1,0,-0.044337922692
9,4,1,1,-0.053218562351
9,4,1,4,-0.016266695795
9,4,1,5,-0.018273495075
9,4,1,6,-0.032406497348
9,4,1,9, 0.017618970514
9,4,2,2,-0.063289563251
9,4,2,7,-0.001746648039
9,4,3,3,-0.063289563251
9,4,3,8,-0.001746648039
9,4,4,0,-0.020112796414
9,4,4,1,-0.016266695795
9,4,4,4,-0.076525346429
9,4,4,5,-0.009306219933
9,4,4,6,-0.017618970514
9,4,4,9, 0.015343416926
9,4,5,0,-0.006289574974
9,4,5,1,-0.018273495075
9,4,5,4,-0.009306219933
9,4,5,5,-0.068673481117
9,4,5,6,-0.044337922692
9,4,5,9, 0.020112796414
9,4,6,0,-0.018273495075
9,4,6,1,-0.032406497348
9,4,6,4,-0.017618970514
9,4,6,5,-0.044337922692
9,4,6,6,-0.053218562351
9,4,6,9, 0.016266695795
9,4,7,2,-0.001746648039
9,4,7,7,-0.063289563251
9,4,8,3,-0.001746648039
9,4,8,8,-0.063289563251
9,4,9,0, 0.009306219933
9,4,9,1, 0.017618970514
9,4,9,4, 0.015343416926
9,4,9,5, 0.020112796414
9,4,9,6, 0.016266695795
9,4,9,9,-0.076525346429
9,5,0,0,-0.056034389296
9,5,0,1,-0.037448155884
9,5,0,4,-0.020682679593
9,5,0,5,-0.008037885849
9,5,0,6,-0.017635173250
9,5,0,9, 0.012716497670
9,5,1,0,-0.037448155884
9,5,1,1,-0.044674679649
9,5,1,4,-0.018606968383
9,5,1,5,-0.016750166565
9,5,1,6,-0.026527071840
9,5,1,9, 0.036838297416
9,5,2,2,-0.051122353422
9,5,2,7,-0.002172079788
9,5,3,3,-0.051122353422
9,5,3,8,-0.002172079788
9,5,4,0,-0.020682679593
9,5,4,1,-0.018606968383
9,5,4,4,-0.065863085067
9,5,4,5,-0.011843143644
9,5,4,6,-0.019016177612
9,5,4,9, 0.020112796414
9,5,5,0,-0.008037885849
9,5,5,1,-0.016750166565
9,5,5,4,-0.011843143644
9,5,5,9, 0.152608082603
9,5,6,0,-0.017635173250
9,5,6,1,-0.026527071840
9,5,6,4,-0.019016177612
9,5,6,9, 0.101353944495
9,5,7,2,-0.002172079788
9,5,8,3,-0.002172079788
9,5,9,0, 0.012716497670
9,5,9,1, 0.036838297416
9,5,9,4, 0.020112796414
9,5,9,5, 0.152608082603
9,5,9,6, 0.101353944495
9,6,0,0,-0.052107879544
9,6,0,1,-0.034434744236
9,6,0,4,-0.018606968383
9,6,0,5,-0.006443782887
9,6,0,6,-0.015650553221
9,6,0,9, 0.010125792344
9,6,1,0,-0.034434744236
9,6,1,1,-0.040321222266
9,6,1,4,-0.016344602348
9,6,1,5,-0.012725954348
9,6,1,6,-0.022777681323
9,6,1,9, 0.027176134901
9,6,2,2,-0.047784523771
9,6,2,7,-0.001820851544
9,6,3,3,-0.047784523771
9,6,3,8,-0.001820851544
9,6,4,0,-0.018606968383
9,6,4,1,-0.016344602348
9,6,4,4,-0.060314220106
9,6,4,5,-0.009626161311
9,6,4,6,-0.016517033415
9,6,4,9, 0.016266695795
9,6,5,0,-0.006443782887
9,6,5,1,-0.012725954348
9,6,5,4,-0.009626161311
9,6,5,9, 0.101353944495
9,6,6,0,-0.015650553221
9,6,6,1,-0.022777681323
9,6,6,4,-0.016517033415
9,6,6,9, 0.072461555243
9,6,7,2,-0.001820851544
9,6,8,3,-0.001820851544
9,6,9,0, 0.010125792344
9,6,9,1, 0.027176134901
9,6,9,4, 0.016266695795
9,6,9,5, 0.101353944495
9,6,9,6, 0.072461555243
9,7,0,2,-0.005154543609
9,7,0,7,-0.001700788336
9,7,1,2,-0.004719257985
9,7,1,7,-0.005281709422
9,7,2,0,-0.005154543609
9,7,2,1,-0.004719257985
9,7,2,4,-0.003320387215
9,7,2,5,-0.000971893732
9,7,2,6,-0.002500465279
9,7,2,9, 0.001441093119
9,7,4,2,-0.003320387215
9,7,4,7,-0.002079704355
9,7,5,2,-0.000971893732
9,7,6,2,-0.002500465279
9,7,7,0,-0.001700788336
9,7,7,1,-0.005281709422
9,7,7,4,-0.002079704355
9,7,7,9, 0.048105227081
9,7,9,2, 0.001441093119
9,7,9,7, 0.048105227081
9,8,0,3,-0.005154543609
9,8,0,8,-0.001700788336
9,8,1,3,-0.004719257985
9,8,1,8,-0.005281709422
9,8,3,0,-0.005154543609
9,8,3,1,-0.004719257985
9,8,3,4,-0.003320387215
9,8,3,5,-0.000971893732
9,8,3,6,-0.002500465279
9,8,3,9, 0.001441093119
9,8,4,3,-0.003320387215
9,8,4,8,-0.002079704355
9,8,5,3,-0.000971893732
9,8,6,3,-0.002500465279
9,8,8,0,-0.001700788336
9,8,8,1,-0.005281709422
9,8,8,4,-0.002079704355
9,8,8,9, 0.048105227081
9,8,9,3, 0.001441093119
9,8,9,8, 0.048105227081
9,9,0,0, 0.317236590685
9,9,0,1, 0.215609700544
9,9,0,4, 0.065863085067
9,9,0,5, 0.034792142443
9,9,0,6, 0.089827590701
9,9,0,9,-0.049077046779
9,9,1,0, 0.215609700544
9,9,1,1, 0.297759163639
9,9,1,4, 0.060314220106
9,9,1,5, 0.149223194911
9,9,1,6, 0.215100874944
9,9,1,9,-0.097588733254
9,9,2,2, 0.305139193369
9,9,2,7, 0.009458347294
9,9,3,3, 0.305139193369
9,9,3,8, 0.009458347294
9,9,4,0, 0.065863085067
9,9,4,1, 0.060314220106
9,9,4,4, 0.341515221695
9,9,4,5, 0.047241621579
9,9,4,6, 0.080588715128
9,9,4,9,-0.076525346429
9,9,5,0, 0.034792142443
9,9,5,1, 0.149223194911
9,9,5,4, 0.047241621579
9,9,5,5, 0.775037038942
9,9,5,6, 0.462081934851
9,9,6,0, 0.089827590701
9,9,6,1, 0.215100874944
9,9,6,4, 0.080588715128
9,9,6,5, 0.462081934851
9,9,6,6, 0.491073083906
9,9,7,2, 0.009458347294
9,9,7,7, 0.689508254834
9,9,8,3, 0.009458347294
9,9,8,8, 0.689508254834
9,9,9,0,-0.049077046779
9,9,9,1,-0.097588733254
9,9,9,4,-0.076525346429
9,9,9,9, 0.785718708997
