0,0,0,0, 0.897251802255
0,0,0,1, 0.504699283325
0,0,0,5, 0.305480518276
0,0,0,6, 0.363055815011
0,0,0,9,-0.408790835951
0,0,1,0, 0.504699283325
0,0,1,1, 0.507364877272
0,0,1,5, 0.280511627033
0,0,1,6, 0.396824150762
0,0,1,9,-0.194692463541
0,0,2,2, 0.775037038942
0,0,2,7, 0.212624122279
0,0,3,3, 0.775037038942
0,0,3,8, 0.212624122279
0,0,4,4, 0.775037038942
0,0,4,5, 0.303869527825
0,0,4,6, 0.116249651785
0,0,4,9,-0.332679518587
0,0,5,0, 0.305480518276
0,0,5,1, 0.280511627033
0,0,5,4, 0.303869527825
0,0,5,5, 0.528655605267
0,0,5,6, 0.342287305755
0,0,5,9,-0.142873295896
0,0,6,0, 0.363055815011
0,0,6,1, 0.396824150762
0,0,6,4, 0.116249651785
0,0,6,5, 0.342287305755
0,0,6,6, 0.416781527642
0,0,6,9,-0.117294517277
0,0,7,2, 0.212624122279
0,0,7,7, 0.490457684884
0,0,8,3, 0.212624122279
0,0,8,8, 0.490457684884
0,0,9,0,-0.408790835951
0,0,9,1,-0.194692463541
0,0,9,4,-0.332679518587
0,0,9,5,-0.142873295896
0,0,9,6,-0.117294517277
0,0,9,9, 0.578969194504
0,1,0,0, 0.504699283325
0,1,0,1, 0.300015949963
0,1,0,5, 0.182375653025
0,1,0,6, 0.216760223256
0,1,0,9,-0.233009668236
0,1,1,0, 0.300015949963
0,1,1,1, 0.324022459289
0,1,1,5, 0.177876276315
0,1,1,6, 0.255123162716
0,1,1,9,-0.112007343541
0,1,2,2, 0.462081934851
0,1,2,7, 0.131547877001
0,1,3,3, 0.462081934851
0,1,3,8, 0.131547877001
0,1,4,4, 0.462081934851
0,1,4,5, 0.188666088292
0,1,4,6, 0.072795424011
0,1,4,9,-0.197449136218
0,1,5,0, 0.182375653025
0,1,5,1, 0.177876276315
0,1,5,4, 0.188666088292
0,1,5,5, 0.342287305755
0,1,5,6, 0.221305280110
0,1,5,9,-0.075412875547
0,1,6,0, 0.216760223256
0,1,6,1, 0.255123162716
0,1,6,4, 0.072795424011
0,1,6,5, 0.221305280110
0,1,6,6, 0.272530516342
0,1,6,9,-0.062379681088
0,1,7,2, 0.131547877001
0,1,7,7, 0.323047126591
0,1,8,3, 0.131547877001
0,1,8,8, 0.323047126591
0,1,9,0,-0.233009668236
0,1,9,1,-0.112007343541
0,1,9,4,-0.197449136218
0,1,9,5,-0.075412875547
0,1,9,6,-0.062379681088
0,1,9,9, 0.358449691843
0,2,0,2, 0.152608082603
0,2,0,7, 0.038642824539
0,2,1,2, 0.101353944495
0,2,1,7, 0.037459930304
0,2,2,0, 0.152608082603
0,2,2,1, 0.101353944495
0,2,2,5, 0.047154174686
0,2,2,6, 0.071340473525
0,2,2,9,-0.068946840709
0,2,4,7, 0.039875770297
0,2,5,2, 0.047154174686
0,2,5,7, 0.051420873576
0,2,6,2, 0.071340473525
0,2,6,7, 0.042045520182
0,2,7,0, 0.038642824539
0,2,7,1, 0.037459930304
0,2,7,4, 0.039875770297
0,2,7,5, 0.051420873576
0,2,7,6, 0.042045520182
0,2,7,9,-0.031629142197
0,2,9,2,-0.068946840709
0,2,9,7,-0.031629142197
0,3,0,3, 0.152608082603
0,3,0,8, 0.038642824539
0,3,1,3, 0.101353944495
0,3,1,8, 0.037459930304
0,3,3,0, 0.152608082603
0,3,3,1, 0.101353944495
0,3,3,5, 0.047154174686
0,3,3,6, 0.071340473525
0,3,3,9,-0.068946840709
0,3,4,8, 0.039875770297
0,3,5,3, 0.047154174686
0,3,5,8, 0.051420873576
0,3,6,3, 0.071340473525
0,3,6,8, 0.042045520182
0,3,8,0, 0.038642824539
0,3,8,1, 0.037459930304
0,3,8,4, 0.039875770297
0,3,8,5, 0.051420873576
0,3,8,6, 0.042045520182
0,3,8,9,-0.031629142197
0,3,9,3,-0.068946840709
0,3,9,8,-0.031629142197
0,4,0,4, 0.152608082603
0,4,0,5, 0.054883671702
0,4,0,6, 0.021043059005
0,4,0,9,-0.064918280447
0,4,1,4, 0.101353944495
0,4,1,5, 0.056136814117
0,4,1,6, 0.029093395522
0,4,1,9,-0.033147290823
0,4,2,7, 0.039875770297
0,4,3,8, 0.039875770297
0,4,4,0, 0.152608082603
0,4,4,1, 0.101353944495
0,4,4,5, 0.096243822692
0,4,4,6, 0.076395868384
0,4,4,9,-0.103329334587
0,4,5,0, 0.054883671702
0,4,5,1, 0.056136814117
0,4,5,4, 0.096243822692
0,4,5,5, 0.142873295896
0,4,5,6, 0.075412875547
0,4,5,9,-0.043050714150
0,4,6,0, 0.021043059005
0,4,6,1, 0.029093395522
0,4,6,4, 0.076395868384
0,4,6,5, 0.075412875547
0,4,6,6, 0.053475567299
0,4,6,9,-0.023730887980
0,4,7,2, 0.039875770297
0,4,7,7, 0.120093167800
0,4,8,3, 0.039875770297
0,4,8,8, 0.120093167800
0,4,9,0,-0.064918280447
0,4,9,1,-0.033147290823
0,4,9,4,-0.103329334587
0,4,9,5,-0.043050714150
0,4,9,6,-0.023730887980
0,4,9,9, 0.139545919232
0,5,0,0, 0.305480518276
0,5,0,1, 0.182375653025
0,5,0,4, 0.054883671702
0,5,0,5, 0.138200967873
0,5,0,6, 0.141212099126
0,5,0,9,-0.165634651624
0,5,1,0, 0.182375653025
0,5,1,1, 0.197424243208
0,5,1,4, 0.040198954676
0,5,1,5, 0.141212099126
0,5,1,6, 0.171075495242
0,5,1,9,-0.077874593390
0,5,2,2, 0.274336060886
0,5,2,7, 0.097903174605
0,5,3,3, 0.274336060886
0,5,3,8, 0.097903174605
0,5,4,0, 0.054883671702
0,5,4,1, 0.040198954676
0,5,4,4, 0.295312357187
0,5,4,5, 0.165634651624
0,5,4,6, 0.077874593390
0,5,4,9,-0.163428686499
0,5,5,0, 0.138200967873
0,5,5,1, 0.141212099126
0,5,5,4, 0.165634651624
0,5,5,5, 0.305480518276
0,5,5,6, 0.182375653025
0,5,5,9,-0.054883671702
0,5,6,0, 0.141212099126
0,5,6,1, 0.171075495242
0,5,6,4, 0.077874593390
0,5,6,5, 0.182375653025
0,5,6,6, 0.197424243208
0,5,6,9,-0.040198954676
0,5,7,2, 0.097903174605
0,5,7,7, 0.274336060886
0,5,8,3, 0.097903174605
0,5,8,8, 0.274336060886
0,5,9,0,-0.165634651624
0,5,9,1,-0.077874593390
0,5,9,4,-0.163428686499
0,5,9,5,-0.054883671702
0,5,9,6,-0.040198954676
0,5,9,9, 0.295312357187
0,6,0,0, 0.363055815011
0,6,0,1, 0.216760223256
0,6,0,4, 0.021043059005
0,6,0,5, 0.141212099126
0,6,0,6, 0.160335985314
0,6,0,9,-0.176487262609
0,6,1,0, 0.216760223256
0,6,1,1, 0.235678330968
0,6,1,4, 0.015793219967
0,6,1,5, 0.140895771026
0,6,1,6, 0.192188887501
0,6,1,9,-0.084226748173
0,6,2,2, 0.332913563428
0,6,2,7, 0.102237246932
0,6,3,3, 0.332913563428
0,6,3,8, 0.102237246932
0,6,4,0, 0.021043059005
0,6,4,1, 0.015793219967
0,6,4,4, 0.335110129424
0,6,4,5, 0.153409816222
0,6,4,6, 0.065220911109
0,6,4,9,-0.157215855918
0,6,5,0, 0.141212099126
0,6,5,1, 0.140895771026
0,6,5,4, 0.153409816222
0,6,5,5, 0.280511627033
0,6,5,6, 0.177876276315
0,6,5,9,-0.056136814117
0,6,6,0, 0.160335985314
0,6,6,1, 0.192188887501
0,6,6,4, 0.065220911109
0,6,6,5, 0.177876276315
0,6,6,6, 0.211455300375
0,6,6,9,-0.045156059199
0,6,7,2, 0.102237246932
0,6,7,7, 0.263340731201
0,6,8,3, 0.102237246932
0,6,8,8, 0.263340731201
0,6,9,0,-0.176487262609
0,6,9,1,-0.084226748173
0,6,9,4,-0.157215855918
0,6,9,5,-0.056136814117
0,6,9,6,-0.045156059199
0,6,9,9, 0.286653807483
0,7,0,2, 0.038642824539
0,7,0,7, 0.021521078624
0,7,1,2, 0.028048007103
0,7,1,7, 0.025989573618
0,7,2,0, 0.038642824539
0,7,2,1, 0.028048007103
0,7,2,4, 0.017124086774
0,7,2,5, 0.020753161026
0,7,2,6, 0.023017445303
0,7,2,9,-0.026443306277
0,7,4,2, 0.017124086774
0,7,4,7, 0.029011736029
0,7,5,2, 0.020753161026
0,7,5,7, 0.047154174686
0,7,6,2, 0.023017445303
0,7,6,7, 0.033166078741
0,7,7,0, 0.021521078624
0,7,7,1, 0.025989573618
0,7,7,4, 0.029011736029
0,7,7,5, 0.047154174686
0,7,7,6, 0.033166078741
0,7,7,9,-0.015010619883
0,7,9,2,-0.026443306277
0,7,9,7,-0.015010619883
0,8,0,3, 0.038642824539
0,8,0,8, 0.021521078624
0,8,1,3, 0.028048007103
0,8,1,8, 0.025989573618
0,8,3,0, 0.038642824539
0,8,3,1, 0.028048007103
0,8,3,4, 0.017124086774
0,8,3,5, 0.020753161026
0,8,3,6, 0.023017445303
0,8,3,9,-0.026443306277
0,8,4,3, 0.017124086774
0,8,4,8, 0.029011736029
0,8,5,3, 0.020753161026
0,8,5,8, 0.047154174686
0,8,6,3, 0.023017445303
0,8,6,8, 0.033166078741
0,8,8,0, 0.021521078624
0,8,8,1, 0.025989573618
0,8,8,4, 0.029011736029
0,8,8,5, 0.047154174686
0,8,8,6, 0.033166078741
0,8,8,9,-0.015010619883
0,8,9,3,-0.026443306277
0,8,9,8,-0.015010619883
0,9,0,0,-0.408790835951
0,9,0,1,-0.233009668236
0,9,0,4,-0.064918280447
0,9,0,5,-0.165634651624
0,9,0,6,-0.176487262609
0,9,0,9, 0.217909171995
0,9,1,0,-0.233009668236
0,9,1,1,-0.235272959218
0,9,1,4,-0.042559869374
0,9,1,5,-0.153409816222
0,9,1,6,-0.194957907388
0,9,1,9, 0.107815066867
0,9,2,2,-0.356188673747
0,9,2,7,-0.116552569779
0,9,3,3,-0.356188673747
0,9,3,8,-0.116552569779
0,9,4,0,-0.064918280447
0,9,4,1,-0.042559869374
0,9,4,4,-0.371307774276
0,9,4,5,-0.186235194409
0,9,4,6,-0.087525447738
0,9,4,9, 0.205121379600
0,9,5,0,-0.165634651624
0,9,5,1,-0.153409816222
0,9,5,4,-0.186235194409
0,9,5,5,-0.303869527825
0,9,5,6,-0.188666088292
0,9,5,9, 0.096243822692
0,9,6,0,-0.176487262609
0,9,6,1,-0.194957907388
0,9,6,4,-0.087525447738
0,9,6,5,-0.188666088292
0,9,6,6,-0.212505275099
0,9,6,9, 0.070763473160
0,9,7,2,-0.116552569779
0,9,7,7,-0.275953521915
0,9,8,3,-0.116552569779
0,9,8,8,-0.275953521915
0,9,9,0, 0.217909171995
0,9,9,1, 0.107815066867
0,9,9,4, 0.205121379600
0,9,9,5, 0.096243822692
0,9,9,6, 0.070763473160
0,9,9,9,-0.325177695817
1,0,0,0, 0.504699283325
1,0,0,1, 0.300015949963
1,0,0,5, 0.182375653025
1,0,0,6, 0.216760223256
1,0,0,9,-0.233009668236
1,0,1,0, 0.300015949963
1,0,1,1, 0.324022459289
1,0,1,5, 0.177876276315
1,0,1,6, 0.255123162716
1,0,1,9,-0.112007343541
1,0,2,2, 0.462081934851
1,0,2,7, 0.131547877001
1,0,3,3, 0.462081934851
1,0,3,8, 0.131547877001
1,0,4,4, 0.462081934851
1,0,4,5, 0.188666088292
1,0,4,6, 0.072795424011
1,0,4,9,-0.197449136218
1,0,5,0, 0.182375653025
1,0,5,1, 0.177876276315
1,0,5,4, 0.188666088292
1,0,5,5, 0.342287305755
1,0,5,6, 0.221305280110
1,0,5,9,-0.075412875547
1,0,6,0, 0.216760223256
1,0,6,1, 0.255123162716
1,0,6,4, 0.072795424011
1,0,6,5, 0.221305280110
1,0,6,6, 0.272530516342
1,0,6,9,-0.062379681088
1,0,7,2, 0.131547877001
1,0,7,7, 0.323047126591
1,0,8,3, 0.131547877001
1,0,8,8, 0.323047126591
1,0,9,0,-0.233009668236
1,0,9,1,-0.112007343541
1,0,9,4,-0.197449136218
1,0,9,5,-0.075412875547
1,0,9,6,-0.062379681088
1,0,9,9, 0.358449691843
1,1,0,0, 0.507364877272
1,1,0,1, 0.324022459289
1,1,0,5, 0.197424243208
1,1,0,6, 0.235678330968
1,1,0,9,-0.235272959218
1,1,1,0, 0.324022459289
1,1,1,1, 0.394125899248
1,1,1,5, 0.211455300375
1,1,1,6, 0.314693267079
1,1,1,9,-0.109739264818
1,1,2,2, 0.491073083906
1,1,2,7, 0.147392576816
1,1,3,3, 0.491073083906
1,1,3,8, 0.147392576816
1,1,4,4, 0.491073083906
1,1,4,5, 0.212505275099
1,1,4,6, 0.083379000367
1,1,4,9,-0.207039675556
1,1,5,0, 0.197424243208
1,1,5,1, 0.211455300375
1,1,5,4, 0.212505275099
1,1,5,5, 0.416781527642
1,1,5,6, 0.272530516342
1,1,5,9,-0.053475567299
1,1,6,0, 0.235678330968
1,1,6,1, 0.314693267079
1,1,6,4, 0.083379000367
1,1,6,5, 0.272530516342
1,1,6,6, 0.348728677729
1,1,6,9,-0.046051054509
1,1,7,2, 0.147392576816
1,1,7,7, 0.404555039886
1,1,8,3, 0.147392576816
1,1,8,8, 0.404555039886
1,1,9,0,-0.235272959218
1,1,9,1,-0.109739264818
1,1,9,4,-0.207039675556
1,1,9,5,-0.053475567299
1,1,9,6,-0.046051054509
1,1,9,9, 0.416912674785
1,2,0,2, 0.101353944495
1,2,0,7, 0.028048007103
1,2,1,2, 0.072461555243
1,2,1,7, 0.029798551131
1,2,2,0, 0.101353944495
1,2,2,1, 0.072461555243
1,2,2,5, 0.033166078741
1,2,2,6, 0.051183639670
1,2,2,9,-0.046266474273
1,2,4,7, 0.030189574977
1,2,5,2, 0.033166078741
1,2,5,7, 0.042045520182
1,2,6,2, 0.051183639670
1,2,6,7, 0.034462970241
1,2,7,0, 0.028048007103
1,2,7,1, 0.029798551131
1,2,7,4, 0.030189574977
1,2,7,5, 0.042045520182
1,2,7,6, 0.034462970241
1,2,7,9,-0.021888572484
1,2,9,2,-0.046266474273
1,2,9,7,-0.021888572484
1,3,0,3, 0.101353944495
1,3,0,8, 0.028048007103
1,3,1,3, 0.072461555243
1,3,1,8, 0.029798551131
1,3,3,0, 0.101353944495
1,3,3,1, 0.072461555243
1,3,3,5, 0.033166078741
1,3,3,6, 0.051183639670
1,3,3,9,-0.046266474273
1,3,4,8, 0.030189574977
1,3,5,3, 0.033166078741
1,3,5,8, 0.042045520182
1,3,6,3, 0.051183639670
1,3,6,8, 0.034462970241
1,3,8,0, 0.028048007103
1,3,8,1, 0.029798551131
1,3,8,4, 0.030189574977
1,3,8,5, 0.042045520182
1,3,8,6, 0.034462970241
1,3,8,9,-0.021888572484
1,3,9,3,-0.046266474273
1,3,9,8,-0.021888572484
1,4,0,4, 0.101353944495
1,4,0,5, 0.040198954676
1,4,0,6, 0.015793219967
1,4,0,9,-0.042559869374
1,4,1,4, 0.072461555243
1,4,1,5, 0.045156059199
1,4,1,6, 0.024576154756
1,4,1,9,-0.021090480918
1,4,2,7, 0.030189574977
1,4,3,8, 0.030189574977
1,4,4,0, 0.101353944495
1,4,4,1, 0.072461555243
1,4,4,5, 0.070763473160
1,4,4,6, 0.055169318251
1,4,4,9,-0.069202860520
1,4,5,0, 0.040198954676
1,4,5,1, 0.045156059199
1,4,5,4, 0.070763473160
1,4,5,5, 0.117294517277
1,4,5,6, 0.062379681088
1,4,5,9,-0.023730887980
1,4,6,0, 0.015793219967
1,4,6,1, 0.024576154756
1,4,6,4, 0.055169318251
1,4,6,5, 0.062379681088
1,4,6,6, 0.046051054509
1,4,6,9,-0.012287798925
1,4,7,2, 0.030189574977
1,4,7,7, 0.102083797828
1,4,8,3, 0.030189574977
1,4,8,8, 0.102083797828
1,4,9,0,-0.042559869374
1,4,9,1,-0.021090480918
1,4,9,4,-0.069202860520
1,4,9,5,-0.023730887980
1,4,9,6,-0.012287798925
1,4,9,9, 0.104989793667
1,5,0,0, 0.280511627033
1,5,0,1, 0.177876276315
1,5,0,4, 0.056136814117
1,5,0,5, 0.141212099126
1,5,0,6, 0.140895771026
1,5,0,9,-0.153409816222
1,5,1,0, 0.177876276315
1,5,1,1, 0.211455300375
1,5,1,4, 0.045156059199
1,5,1,5, 0.160335985314
1,5,1,6, 0.192188887501
1,5,1,9,-0.065220911109
1,5,2,2, 0.263340731201
1,5,2,7, 0.102237246932
1,5,3,3, 0.263340731201
1,5,3,8, 0.102237246932
1,5,4,0, 0.056136814117
1,5,4,1, 0.045156059199
1,5,4,4, 0.286653807483
1,5,4,5, 0.176487262609
1,5,4,6, 0.084226748173
1,5,4,9,-0.157215855918
1,5,5,0, 0.141212099126
1,5,5,1, 0.160335985314
1,5,5,4, 0.176487262609
1,5,5,5, 0.363055815011
1,5,5,6, 0.216760223256
1,5,5,9,-0.021043059005
1,5,6,0, 0.140895771026
1,5,6,1, 0.192188887501
1,5,6,4, 0.084226748173
1,5,6,5, 0.216760223256
1,5,6,6, 0.235678330968
1,5,6,9,-0.015793219967
1,5,7,2, 0.102237246932
1,5,7,7, 0.332913563428
1,5,8,3, 0.102237246932
1,5,8,8, 0.332913563428
1,5,9,0,-0.153409816222
1,5,9,1,-0.065220911109
1,5,9,4,-0.157215855918
1,5,9,5,-0.021043059005
1,5,9,6,-0.015793219967
1,5,9,9, 0.335110129424
1,6,0,0, 0.396824150762
1,6,0,1, 0.255123162716
1,6,0,4, 0.029093395522
1,6,0,5, 0.171075495242
1,6,0,6, 0.192188887501
1,6,0,9,-0.194957907388
1,6,1,0, 0.255123162716
1,6,1,1, 0.314693267079
1,6,1,4, 0.024576154756
1,6,1,5, 0.192188887501
1,6,1,6, 0.267769249284
1,6,1,9,-0.085827230656
1,6,2,2, 0.384345011891
1,6,2,7, 0.127945854637
1,6,3,3, 0.384345011891
1,6,3,8, 0.127945854637
1,6,4,0, 0.029093395522
1,6,4,1, 0.024576154756
1,6,4,4, 0.387940578128
1,6,4,5, 0.194957907388
1,6,4,6, 0.085827230656
1,6,4,9,-0.181594900041
1,6,5,0, 0.171075495242
1,6,5,1, 0.192188887501
1,6,5,4, 0.194957907388
1,6,5,5, 0.396824150762
1,6,5,6, 0.255123162716
1,6,5,9,-0.029093395522
1,6,6,0, 0.192188887501
1,6,6,1, 0.267769249284
1,6,6,4, 0.085827230656
1,6,6,5, 0.255123162716
1,6,6,6, 0.314693267079
1,6,6,9,-0.024576154756
1,6,7,2, 0.127945854637
1,6,7,7, 0.384345011891
1,6,8,3, 0.127945854637
1,6,8,8, 0.384345011891
1,6,9,0,-0.194957907388
1,6,9,1,-0.085827230656
1,6,9,4,-0.181594900041
1,6,9,5,-0.029093395522
1,6,9,6,-0.024576154756
1,6,9,9, 0.387940578128
1,7,0,2, 0.037459930304
1,7,0,7, 0.025989573618
1,7,1,2, 0.029798551131
1,7,1,7, 0.037377104599
1,7,2,0, 0.037459930304
1,7,2,1, 0.029798551131
1,7,2,4, 0.017991918844
1,7,2,5, 0.023017445303
1,7,2,6, 0.025217536987
1,7,2,9,-0.026217420475
1,7,4,2, 0.017991918844
1,7,4,7, 0.035740434079
1,7,5,2, 0.023017445303
1,7,5,7, 0.071340473525
1,7,6,2, 0.025217536987
1,7,6,7, 0.051183639670
1,7,7,0, 0.025989573618
1,7,7,1, 0.037377104599
1,7,7,4, 0.035740434079
1,7,7,5, 0.071340473525
1,7,7,6, 0.051183639670
1,7,7,9,-0.006904213792
1,7,9,2,-0.026217420475
1,7,9,7,-0.006904213792
1,8,0,3, 0.037459930304
1,8,0,8, 0.025989573618
1,8,1,3, 0.029798551131
1,8,1,8, 0.037377104599
1,8,3,0, 0.037459930304
1,8,3,1, 0.029798551131
1,8,3,4, 0.017991918844
1,8,3,5, 0.023017445303
1,8,3,6, 0.025217536987
1,8,3,9,-0.026217420475
1,8,4,3, 0.017991918844
1,8,4,8, 0.035740434079
1,8,5,3, 0.023017445303
1,8,5,8, 0.071340473525
1,8,6,3, 0.025217536987
1,8,6,8, 0.051183639670
1,8,8,0, 0.025989573618
1,8,8,1, 0.037377104599
1,8,8,4, 0.035740434079
1,8,8,5, 0.071340473525
1,8,8,6, 0.051183639670
1,8,8,9,-0.006904213792
1,8,9,3,-0.026217420475
1,8,9,8,-0.006904213792
1,9,0,0,-0.194692463541
1,9,0,1,-0.112007343541
1,9,0,4,-0.033147290823
1,9,0,5,-0.077874593390
1,9,0,6,-0.084226748173
1,9,0,9, 0.107815066867
1,9,1,0,-0.112007343541
1,9,1,1,-0.109739264818
1,9,1,4,-0.021090480918
1,9,1,5,-0.065220911109
1,9,1,6,-0.085827230656
1,9,1,9, 0.062290841722
1,9,2,2,-0.175017790065
1,9,2,7,-0.056944286748
1,9,3,3,-0.175017790065
1,9,3,8,-0.056944286748
1,9,4,0,-0.033147290823
1,9,4,1,-0.021090480918
1,9,4,4,-0.180188391922
1,9,4,5,-0.087525447738
1,9,4,6,-0.041819441257
1,9,4,9, 0.103930528209
1,9,5,0,-0.077874593390
1,9,5,1,-0.065220911109
1,9,5,4,-0.087525447738
1,9,5,5,-0.116249651785
1,9,5,6,-0.072795424011
1,9,5,9, 0.076395868384
1,9,6,0,-0.084226748173
1,9,6,1,-0.085827230656
1,9,6,4,-0.041819441257
1,9,6,5,-0.072795424011
1,9,6,6,-0.083379000367
1,9,6,9, 0.055169318251
1,9,7,2,-0.056944286748
1,9,7,7,-0.107583815157
1,9,8,3,-0.056944286748
1,9,8,8,-0.107583815157
1,9,9,0, 0.107815066867
1,9,9,1, 0.062290841722
1,9,9,4, 0.103930528209
1,9,9,5, 0.076395868384
1,9,9,6, 0.055169318251
1,9,9,9,-0.121814125983
2,0,0,2, 0.152608082603
2,0,0,7, 0.038642824539
2,0,1,2, 0.101353944495
2,0,1,7, 0.037459930304
2,0,2,0, 0.152608082603
2,0,2,1, 0.101353944495
2,0,2,5, 0.047154174686
2,0,2,6, 0.071340473525
2,0,2,9,-0.068946840709
2,0,4,7, 0.039875770297
2,0,5,2, 0.047154174686
2,0,5,7, 0.051420873576
2,0,6,2, 0.071340473525
2,0,6,7, 0.042045520182
2,0,7,0, 0.038642824539
2,0,7,1, 0.037459930304
2,0,7,4, 0.039875770297
2,0,7,5, 0.051420873576
2,0,7,6, 0.042045520182
2,0,7,9,-0.031629142197
2,0,9,2,-0.068946840709
2,0,9,7,-0.031629142197
2,1,0,2, 0.101353944495
2,1,0,7, 0.028048007103
2,1,1,2, 0.072461555243
2,1,1,7, 0.029798551131
2,1,2,0, 0.101353944495
2,1,2,1, 0.072461555243
2,1,2,5, 0.033166078741
2,1,2,6, 0.051183639670
2,1,2,9,-0.046266474273
2,1,4,7, 0.030189574977
2,1,5,2, 0.033166078741
2,1,5,7, 0.042045520182
2,1,6,2, 0.051183639670
2,1,6,7, 0.034462970241
2,1,7,0, 0.028048007103
2,1,7,1, 0.029798551131
2,1,7,4, 0.030189574977
2,1,7,5, 0.042045520182
2,1,7,6, 0.034462970241
2,1,7,9,-0.021888572484
2,1,9,2,-0.046266474273
2,1,9,7,-0.021888572484
2,2,0,0, 0.775037038942
2,2,0,1, 0.462081934851
2,2,0,5, 0.274336060886
2,2,0,6, 0.332913563428
2,2,0,9,-0.356188673747
2,2,1,0, 0.462081934851
2,2,1,1, 0.491073083906
2,2,1,5, 0.263340731201
2,2,1,6, 0.384345011891
2,2,1,9,-0.175017790065
2,2,2,2, 0.785718708997
2,2,2,7, 0.212462811786
2,2,3,3, 0.689508254834
2,2,3,8, 0.192150240634
2,2,4,4, 0.689508254834
2,2,4,5, 0.275953521915
2,2,4,6, 0.107583815157
2,2,4,9,-0.295304135310
2,2,5,0, 0.274336060886
2,2,5,1, 0.263340731201
2,2,5,4, 0.275953521915
2,2,5,5, 0.490457684884
2,2,5,6, 0.323047126591
2,2,5,9,-0.120093167800
2,2,6,0, 0.332913563428
2,2,6,1, 0.384345011891
2,2,6,4, 0.107583815157
2,2,6,5, 0.323047126591
2,2,6,6, 0.404555039886
2,2,6,9,-0.102083797828
2,2,7,2, 0.212462811786
2,2,7,7, 0.478531303762
2,2,8,3, 0.192150240634
2,2,8,8, 0.457316688263
2,2,9,0,-0.356188673747
2,2,9,1,-0.175017790065
2,2,9,4,-0.295304135310
2,2,9,5,-0.120093167800
2,2,9,6,-0.102083797828
2,2,9,9, 0.526045154104
2,3,2,3, 0.048105227081
2,3,2,8, 0.010156285576
2,3,3,2, 0.048105227081
2,3,3,7, 0.010156285576
2,3,7,3, 0.010156285576
2,3,7,8, 0.010607307749
2,3,8,2, 0.010156285576
2,3,8,7, 0.010607307749
2,4,0,7, 0.017124086774
2,4,1,7, 0.017991918844
2,4,2,4, 0.048105227081
2,4,2,5, 0.015010619883
2,4,2,6, 0.006904213792
2,4,2,9,-0.021274128039
2,4,4,2, 0.048105227081
2,4,4,7, 0.025514392730
2,4,5,2, 0.015010619883
2,4,5,7, 0.031629142197
2,4,6,2, 0.006904213792
2,4,6,7, 0.021888572484
2,4,7,0, 0.017124086774
2,4,7,1, 0.017991918844
2,4,7,4, 0.025514392730
2,4,7,5, 0.031629142197
2,4,7,6, 0.021888572484
2,4,7,9,-0.018396854191
2,4,9,2,-0.021274128039
2,4,9,7,-0.018396854191
2,5,0,2, 0.047154174686
2,5,0,7, 0.020753161026
2,5,1,2, 0.033166078741
2,5,1,7, 0.023017445303
2,5,2,0, 0.047154174686
2,5,2,1, 0.033166078741
2,5,2,4, 0.015010619883
2,5,2,5, 0.021521078624
2,5,2,6, 0.025989573618
2,5,2,9,-0.029011736029
2,5,4,2, 0.015010619883
2,5,4,7, 0.026443306277
2,5,5,2, 0.021521078624
2,5,5,7, 0.038642824539
2,5,6,2, 0.025989573618
2,5,6,7, 0.028048007103
2,5,7,0, 0.020753161026
2,5,7,1, 0.023017445303
2,5,7,4, 0.026443306277
2,5,7,5, 0.038642824539
2,5,7,6, 0.028048007103
2,5,7,9,-0.017124086774
2,5,9,2,-0.029011736029
2,5,9,7,-0.017124086774
2,6,0,2, 0.071340473525
2,6,0,7, 0.023017445303
2,6,1,2, 0.051183639670
2,6,1,7, 0.025217536987
2,6,2,0, 0.071340473525
2,6,2,1, 0.051183639670
2,6,2,4, 0.006904213792
2,6,2,5, 0.025989573618
2,6,2,6, 0.037377104599
2,6,2,9,-0.035740434079
2,6,4,2, 0.006904213792
2,6,4,7, 0.026217420475
2,6,5,2, 0.025989573618
2,6,5,7, 0.037459930304
2,6,6,2, 0.037377104599
2,6,6,7, 0.029798551131
2,6,7,0, 0.023017445303
2,6,7,1, 0.025217536987
2,6,7,4, 0.026217420475
2,6,7,5, 0.037459930304
2,6,7,6, 0.029798551131
2,6,7,9,-0.017991918844
2,6,9,2,-0.035740434079
2,6,9,7,-0.017991918844
2,7,0,0, 0.212624122279
2,7,0,1, 0.131547877001
2,7,0,4, 0.039875770297
2,7,0,5, 0.097903174605
2,7,0,6, 0.102237246932
2,7,0,9,-0.116552569779
2,7,1,0, 0.131547877001
2,7,1,1, 0.147392576816
2,7,1,4, 0.030189574977
2,7,1,5, 0.102237246932
2,7,1,6, 0.127945854637
2,7,1,9,-0.056944286748
2,7,2,2, 0.212462811786
2,7,2,7, 0.078505764231
2,7,3,3, 0.192150240634
2,7,3,8, 0.068892813508
2,7,4,0, 0.039875770297
2,7,4,1, 0.030189574977
2,7,4,4, 0.207508347788
2,7,4,5, 0.116552569779
2,7,4,6, 0.056944286748
2,7,4,9,-0.115629922495
2,7,5,0, 0.097903174605
2,7,5,1, 0.102237246932
2,7,5,4, 0.116552569779
2,7,5,5, 0.212624122279
2,7,5,6, 0.131547877001
2,7,5,9,-0.039875770297
2,7,6,0, 0.102237246932
2,7,6,1, 0.127945854637
2,7,6,4, 0.056944286748
2,7,6,5, 0.131547877001
2,7,6,6, 0.147392576816
2,7,6,9,-0.030189574977
2,7,7,2, 0.078505764231
2,7,7,7, 0.212462811786
2,7,8,3, 0.068892813508
2,7,8,8, 0.192150240634
2,7,9,0,-0.116552569779
2,7,9,1,-0.056944286748
2,7,9,4,-0.115629922495
2,7,9,5,-0.039875770297
2,7,9,6,-0.030189574977
2,7,9,9, 0.207508347788
2,8,2,3, 0.010156285576
2,8,2,8, 0.004806475361
2,8,3,2, 0.010156285576
2,8,3,7, 0.004806475361
2,8,7,3, 0.004806475361
2,8,7,8, 0.010156285576
2,8,8,2, 0.004806475361
2,8,8,7, 0.010156285576
2,9,0,2,-0.068946840709
2,9,0,7,-0.026443306277
2,9,1,2,-0.046266474273
2,9,1,7,-0.026217420475
2,9,2,0,-0.068946840709
2,9,2,1,-0.046266474273
2,9,2,4,-0.021274128039
2,9,2,5,-0.029011736029
2,9,2,6,-0.035740434079
2,9,2,9, 0.041711022562
2,9,4,2,-0.021274128039
2,9,4,7,-0.032098071840
2,9,5,2,-0.029011736029
2,9,5,7,-0.039875770297
2,9,6,2,-0.035740434079
2,9,6,7,-0.030189574977
2,9,7,0,-0.026443306277
2,9,7,1,-0.026217420475
2,9,7,4,-0.032098071840
2,9,7,5,-0.039875770297
2,9,7,6,-0.030189574977
2,9,7,9, 0.025514392730
2,9,9,2, 0.041711022562
2,9,9,7, 0.025514392730
3,0,0,3, 0.152608082603
3,0,0,8, 0.038642824539
3,0,1,3, 0.101353944495
3,0,1,8, 0.037459930304
3,0,3,0, 0.152608082603
3,0,3,1, 0.101353944495
3,0,3,5, 0.047154174686
3,0,3,6, 0.071340473525
3,0,3,9,-0.068946840709
3,0,4,8, 0.039875770297
3,0,5,3, 0.047154174686
3,0,5,8, 0.051420873576
3,0,6,3, 0.071340473525
3,0,6,8, 0.042045520182
3,0,8,0, 0.038642824539
3,0,8,1, 0.037459930304
3,0,8,4, 0.039875770297
3,0,8,5, 0.051420873576
3,0,8,6, 0.042045520182
3,0,8,9,-0.031629142197
3,0,9,3,-0.068946840709
3,0,9,8,-0.031629142197
3,1,0,3, 0.101353944495
3,1,0,8, 0.028048007103
3,1,1,3, 0.072461555243
3,1,1,8, 0.029798551131
3,1,3,0, 0.101353944495
3,1,3,1, 0.072461555243
3,1,3,5, 0.033166078741
3,1,3,6, 0.051183639670
3,1,3,9,-0.046266474273
3,1,4,8, 0.030189574977
3,1,5,3, 0.033166078741
3,1,5,8, 0.042045520182
3,1,6,3, 0.051183639670
3,1,6,8, 0.034462970241
3,1,8,0, 0.028048007103
3,1,8,1, 0.029798551131
3,1,8,4, 0.030189574977
3,1,8,5, 0.042045520182
3,1,8,6, 0.034462970241
3,1,8,9,-0.021888572484
3,1,9,3,-0.046266474273
3,1,9,8,-0.021888572484
3,2,2,3, 0.048105227081
3,2,2,8, 0.010156285576
3,2,3,2, 0.048105227081
3,2,3,7, 0.010156285576
3,2,7,3, 0.010156285576
3,2,7,8, 0.010607307749
3,2,8,2, 0.010156285576
3,2,8,7, 0.010607307749
3,3,0,0, 0.775037038942
3,3,0,1, 0.462081934851
3,3,0,5, 0.274336060886
3,3,0,6, 0.332913563428
3,3,0,9,-0.356188673747
3,3,1,0, 0.462081934851
3,3,1,1, 0.491073083906
3,3,1,5, 0.263340731201
3,3,1,6, 0.384345011891
3,3,1,9,-0.175017790065
3,3,2,2, 0.689508254834
3,3,2,7, 0.192150240634
3,3,3,3, 0.785718708997
3,3,3,8, 0.212462811786
3,3,4,4, 0.689508254834
3,3,4,5, 0.275953521915
3,3,4,6, 0.107583815157
3,3,4,9,-0.295304135310
3,3,5,0, 0.274336060886
3,3,5,1, 0.263340731201
3,3,5,4, 0.275953521915
3,3,5,5, 0.490457684884
3,3,5,6, 0.323047126591
3,3,5,9,-0.120093167800
3,3,6,0, 0.332913563428
3,3,6,1, 0.384345011891
3,3,6,4, 0.107583815157
3,3,6,5, 0.323047126591
3,3,6,6, 0.404555039886
3,3,6,9,-0.102083797828
3,3,7,2, 0.192150240634
3,3,7,7, 0.457316688263
3,3,8,3, 0.212462811786
3,3,8,8, 0.478531303762
3,3,9,0,-0.356188673747
3,3,9,1,-0.175017790065
3,3,9,4,-0.295304135310
3,3,9,5,-0.120093167800
3,3,9,6,-0.102083797828
3,3,9,9, 0.526045154104
3,4,0,8, 0.017124086774
3,4,1,8, 0.017991918844
3,4,3,4, 0.048105227081
3,4,3,5, 0.015010619883
3,4,3,6, 0.006904213792
3,4,3,9,-0.021274128039
3,4,4,3, 0.048105227081
3,4,4,8, 0.025514392730
3,4,5,3, 0.015010619883
3,4,5,8, 0.031629142197
3,4,6,3, 0.006904213792
3,4,6,8, 0.021888572484
3,4,8,0, 0.017124086774
3,4,8,1, 0.017991918844
3,4,8,4, 0.025514392730
3,4,8,5, 0.031629142197
3,4,8,6, 0.021888572484
3,4,8,9,-0.018396854191
3,4,9,3,-0.021274128039
3,4,9,8,-0.018396854191
3,5,0,3, 0.047154174686
3,5,0,8, 0.020753161026
3,5,1,3, 0.033166078741
3,5,1,8, 0.023017445303
3,5,3,0, 0.047154174686
3,5,3,1, 0.033166078741
3,5,3,4, 0.015010619883
3,5,3,5, 0.021521078624
3,5,3,6, 0.025989573618
3,5,3,9,-0.029011736029
3,5,4,3, 0.015010619883
3,5,4,8, 0.026443306277
3,5,5,3, 0.021521078624
3,5,5,8, 0.038642824539
3,5,6,3, 0.025989573618
3,5,6,8, 0.028048007103
3,5,8,0, 0.020753161026
3,5,8,1, 0.023017445303
3,5,8,4, 0.026443306277
3,5,8,5, 0.038642824539
3,5,8,6, 0.028048007103
3,5,8,9,-0.017124086774
3,5,9,3,-0.029011736029
3,5,9,8,-0.017124086774
3,6,0,3, 0.071340473525
3,6,0,8, 0.023017445303
3,6,1,3, 0.051183639670
3,6,1,8, 0.025217536987
3,6,3,0, 0.071340473525
3,6,3,1, 0.051183639670
3,6,3,4, 0.006904213792
3,6,3,5, 0.025989573618
3,6,3,6, 0.037377104599
3,6,3,9,-0.035740434079
3,6,4,3, 0.006904213792
3,6,4,8, 0.026217420475
3,6,5,3, 0.025989573618
3,6,5,8, 0.037459930304
3,6,6,3, 0.037377104599
3,6,6,8, 0.029798551131
3,6,8,0, 0.023017445303
3,6,8,1, 0.025217536987
3,6,8,4, 0.026217420475
3,6,8,5, 0.037459930304
3,6,8,6, 0.029798551131
3,6,8,9,-0.017991918844
3,6,9,3,-0.035740434079
3,6,9,8,-0.017991918844
3,7,2,3, 0.010156285576
3,7,2,8, 0.004806475361
3,7,3,2, 0.010156285576
3,7,3,7, 0.004806475361
3,7,7,3, 0.004806475361
3,7,7,8, 0.010156285576
3,7,8,2, 0.004806475361
3,7,8,7, 0.010156285576
3,8,0,0, 0.212624122279
3,8,0,1, 0.131547877001
3,8,0,4, 0.039875770297
3,8,0,5, 0.097903174605
3,8,0,6, 0.102237246932
3,8,0,9,-0.116552569779
3,8,1,0, 0.131547877001
3,8,1,1, 0.147392576816
3,8,1,4, 0.030189574977
3,8,1,5, 0.102237246932
3,8,1,6, 0.127945854637
3,8,1,9,-0.056944286748
3,8,2,2, 0.192150240634
3,8,2,7, 0.068892813508
3,8,3,3, 0.212462811786
3,8,3,8, 0.078505764231
3,8,4,0, 0.039875770297
3,8,4,1, 0.030189574977
3,8,4,4, 0.207508347788
3,8,4,5, 0.116552569779
3,8,4,6, 0.056944286748
3,8,4,9,-0.115629922495
3,8,5,0, 0.097903174605
3,8,5,1, 0.102237246932
3,8,5,4, 0.116552569779
3,8,5,5, 0.212624122279
3,8,5,6, 0.131547877001
3,8,5,9,-0.039875770297
3,8,6,0, 0.102237246932
3,8,6,1, 0.127945854637
3,8,6,4, 0.056944286748
3,8,6,5, 0.131547877001
3,8,6,6, 0.147392576816
3,8,6,9,-0.030189574977
3,8,7,2, 0.068892813508
3,8,7,7, 0.192150240634
3,8,8,3, 0.078505764231
3,8,8,8, 0.212462811786
3,8,9,0,-0.116552569779
3,8,9,1,-0.056944286748
3,8,9,4,-0.115629922495
3,8,9,5,-0.039875770297
3,8,9,6,-0.030189574977
3,8,9,9, 0.207508347788
3,9,0,3,-0.068946840709
3,9,0,8,-0.026443306277
3,9,1,3,-0.046266474273
3,9,1,8,-0.026217420475
3,9,3,0,-0.068946840709
3,9,3,1,-0.046266474273
3,9,3,4,-0.021274128039
3,9,3,5,-0.029011736029
3,9,3,6,-0.035740434079
3,9,3,9, 0.041711022562
3,9,4,3,-0.021274128039
3,9,4,8,-0.032098071840
3,9,5,3,-0.029011736029
3,9,5,8,-0.039875770297
3,9,6,3,-0.035740434079
3,9,6,8,-0.030189574977
3,9,8,0,-0.026443306277
3,9,8,1,-0.026217420475
3,9,8,4,-0.032098071840
3,9,8,5,-0.039875770297
3,9,8,6,-0.030189574977
3,9,8,9, 0.025514392730
3,9,9,3, 0.041711022562
3,9,9,8, 0.025514392730
4,0,0,4, 0.152608082603
4,0,0,5, 0.054883671702
4,0,0,6, 0.021043059005
4,0,0,9,-0.064918280447
4,0,1,4, 0.101353944495
4,0,1,5, 0.056136814117
4,0,1,6, 0.029093395522
4,0,1,9,-0.033147290823
4,0,2,7, 0.039875770297
4,0,3,8, 0.039875770297
4,0,4,0, 0.152608082603
4,0,4,1, 0.101353944495
4,0,4,5, 0.096243822692
4,0,4,6, 0.076395868384
4,0,4,9,-0.103329334587
4,0,5,0, 0.054883671702
4,0,5,1, 0.056136814117
4,0,5,4, 0.096243822692
4,0,5,5, 0.142873295896
4,0,5,6, 0.075412875547
4,0,5,9,-0.043050714150
4,0,6,0, 0.021043059005
4,0,6,1, 0.029093395522
4,0,6,4, 0.076395868384
4,0,6,5, 0.075412875547
4,0,6,6, 0.053475567299
4,0,6,9,-0.023730887980
4,0,7,2, 0.039875770297
4,0,7,7, 0.120093167800
4,0,8,3, 0.039875770297
4,0,8,8, 0.120093167800
4,0,9,0,-0.064918280447
4,0,9,1,-0.033147290823
4,0,9,4,-0.103329334587
4,0,9,5,-0.043050714150
4,0,9,6,-0.023730887980
4,0,9,9, 0.139545919232
4,1,0,4, 0.101353944495
4,1,0,5, 0.040198954676
4,1,0,6, 0.015793219967
4,1,0,9,-0.042559869374
4,1,1,4, 0.072461555243
4,1,1,5, 0.045156059199
4,1,1,6, 0.024576154756
4,1,1,9,-0.021090480918
4,1,2,7, 0.030189574977
4,1,3,8, 0.030189574977
4,1,4,0, 0.101353944495
4,1,4,1, 0.072461555243
4,1,4,5, 0.070763473160
4,1,4,6, 0.055169318251
4,1,4,9,-0.069202860520
4,1,5,0, 0.040198954676
4,1,5,1, 0.045156059199
4,1,5,4, 0.070763473160
4,1,5,5, 0.117294517277
4,1,5,6, 0.062379681088
4,1,5,9,-0.023730887980
4,1,6,0, 0.015793219967
4,1,6,1, 0.024576154756
4,1,6,4, 0.055169318251
4,1,6,5, 0.062379681088
4,1,6,6, 0.046051054509
4,1,6,9,-0.012287798925
4,1,7,2, 0.030189574977
4,1,7,7, 0.102083797828
4,1,8,3, 0.030189574977
4,1,8,8, 0.102083797828
4,1,9,0,-0.042559869374
4,1,9,1,-0.021090480918
4,1,9,4,-0.069202860520
4,1,9,5,-0.023730887980
4,1,9,6,-0.012287798925
4,1,9,9, 0.104989793667
4,2,0,7, 0.017124086774
4,2,1,7, 0.017991918844
4,2,2,4, 0.048105227081
4,2,2,5, 0.015010619883
4,2,2,6, 0.006904213792
4,2,2,9,-0.021274128039
4,2,4,2, 0.048105227081
4,2,4,7, 0.025514392730
4,2,5,2, 0.015010619883
4,2,5,7, 0.031629142197
4,2,6,2, 0.006904213792
4,2,6,7, 0.021888572484
4,2,7,0, 0.017124086774
4,2,7,1, 0.017991918844
4,2,7,4, 0.025514392730
4,2,7,5, 0.031629142197
4,2,7,6, 0.021888572484
4,2,7,9,-0.018396854191
4,2,9,2,-0.021274128039
4,2,9,7,-0.018396854191
4,3,0,8, 0.017124086774
4,3,1,8, 0.017991918844
4,3,3,4, 0.048105227081
4,3,3,5, 0.015010619883
4,3,3,6, 0.006904213792
4,3,3,9,-0.021274128039
4,3,4,3, 0.048105227081
4,3,4,8, 0.025514392730
4,3,5,3, 0.015010619883
4,3,5,8, 0.031629142197
4,3,6,3, 0.006904213792
4,3,6,8, 0.021888572484
4,3,8,0, 0.017124086774
4,3,8,1, 0.017991918844
4,3,8,4, 0.025514392730
4,3,8,5, 0.031629142197
4,3,8,6, 0.021888572484
4,3,8,9,-0.018396854191
4,3,9,3,-0.021274128039
4,3,9,8,-0.018396854191
4,4,0,0, 0.775037038942
4,4,0,1, 0.462081934851
4,4,0,5, 0.295312357187
4,4,0,6, 0.335110129424
4,4,0,9,-0.371307774276
4,4,1,0, 0.462081934851
4,4,1,1, 0.491073083906
4,4,1,5, 0.286653807483
4,4,1,6, 0.387940578128
4,4,1,9,-0.180188391922
4,4,2,2, 0.689508254834
4,4,2,7, 0.207508347788
4,4,3,3, 0.689508254834
4,4,3,8, 0.207508347788
4,4,4,4, 0.785718708997
4,4,4,5, 0.325177695817
4,4,4,6, 0.121814125983
4,4,4,9,-0.338642269249
4,4,5,0, 0.295312357187
4,4,5,1, 0.286653807483
4,4,5,4, 0.325177695817
4,4,5,5, 0.578969194504
4,4,5,6, 0.358449691843
4,4,5,9,-0.139545919232
4,4,6,0, 0.335110129424
4,4,6,1, 0.387940578128
4,4,6,4, 0.121814125983
4,4,6,5, 0.358449691843
4,4,6,6, 0.416912674785
4,4,6,9,-0.104989793667
4,4,7,2, 0.207508347788
4,4,7,7, 0.526045154104
4,4,8,3, 0.207508347788
4,4,8,8, 0.526045154104
4,4,9,0,-0.371307774276
4,4,9,1,-0.180188391922
4,4,9,4,-0.338642269249
4,4,9,5,-0.139545919232
4,4,9,6,-0.104989793667
4,4,9,9, 0.592287079660
4,5,0,0, 0.303869527825
4,5,0,1, 0.188666088292
4,5,0,4, 0.096243822692
4,5,0,5, 0.165634651624
4,5,0,6, 0.153409816222
4,5,0,9,-0.186235194409
4,5,1,0, 0.188666088292
4,5,1,1, 0.212505275099
4,5,1,4, 0.070763473160
4,5,1,5, 0.176487262609
4,5,1,6, 0.194957907388
4,5,1,9,-0.087525447738
4,5,2,2, 0.275953521915
4,5,2,7, 0.116552569779
4,5,3,3, 0.275953521915
4,5,3,8, 0.116552569779
4,5,4,0, 0.096243822692
4,5,4,1, 0.070763473160
4,5,4,4, 0.325177695817
4,5,4,5, 0.217909171995
4,5,4,6, 0.107815066867
4,5,4,9,-0.205121379600
4,5,5,0, 0.165634651624
4,5,5,1, 0.176487262609
4,5,5,4, 0.217909171995
4,5,5,5, 0.408790835951
4,5,5,6, 0.233009668236
4,5,5,9,-0.064918280447
4,5,6,0, 0.153409816222
4,5,6,1, 0.194957907388
4,5,6,4, 0.107815066867
4,5,6,5, 0.233009668236
4,5,6,6, 0.235272959218
4,5,6,9,-0.042559869374
4,5,7,2, 0.116552569779
4,5,7,7, 0.356188673747
4,5,8,3, 0.116552569779
4,5,8,8, 0.356188673747
4,5,9,0,-0.186235194409
4,5,9,1,-0.087525447738
4,5,9,4,-0.205121379600
4,5,9,5,-0.064918280447
4,5,9,6,-0.042559869374
4,5,9,9, 0.371307774276
4,6,0,0, 0.116249651785
4,6,0,1, 0.072795424011
4,6,0,4, 0.076395868384
4,6,0,5, 0.077874593390
4,6,0,6, 0.065220911109
4,6,0,9,-0.087525447738
4,6,1,0, 0.072795424011
4,6,1,1, 0.083379000367
4,6,1,4, 0.055169318251
4,6,1,5, 0.084226748173
4,6,1,6, 0.085827230656
4,6,1,9,-0.041819441257
4,6,2,2, 0.107583815157
4,6,2,7, 0.056944286748
4,6,3,3, 0.107583815157
4,6,3,8, 0.056944286748
4,6,4,0, 0.076395868384
4,6,4,1, 0.055169318251
4,6,4,4, 0.121814125983
4,6,4,5, 0.107815066867
4,6,4,6, 0.062290841722
4,6,4,9,-0.103930528209
4,6,5,0, 0.077874593390
4,6,5,1, 0.084226748173
4,6,5,4, 0.107815066867
4,6,5,5, 0.194692463541
4,6,5,6, 0.112007343541
4,6,5,9,-0.033147290823
4,6,6,0, 0.065220911109
4,6,6,1, 0.085827230656
4,6,6,4, 0.062290841722
4,6,6,5, 0.112007343541
4,6,6,6, 0.109739264818
4,6,6,9,-0.021090480918
4,6,7,2, 0.056944286748
4,6,7,7, 0.175017790065
4,6,8,3, 0.056944286748
4,6,8,8, 0.175017790065
4,6,9,0,-0.087525447738
4,6,9,1,-0.041819441257
4,6,9,4,-0.103930528209
4,6,9,5,-0.033147290823
4,6,9,6,-0.021090480918
4,6,9,9, 0.180188391922
4,7,0,2, 0.039875770297
4,7,0,7, 0.029011736029
4,7,1,2, 0.030189574977
4,7,1,7, 0.035740434079
4,7,2,0, 0.039875770297
4,7,2,1, 0.030189574977
4,7,2,4, 0.025514392730
4,7,2,5, 0.026443306277
4,7,2,6, 0.026217420475
4,7,2,9,-0.032098071840
4,7,4,2, 0.025514392730
4,7,4,7, 0.041711022562
4,7,5,2, 0.026443306277
4,7,5,7, 0.068946840709
4,7,6,2, 0.026217420475
4,7,6,7, 0.046266474273
4,7,7,0, 0.029011736029
4,7,7,1, 0.035740434079
4,7,7,4, 0.041711022562
4,7,7,5, 0.068946840709
4,7,7,6, 0.046266474273
4,7,7,9,-0.021274128039
4,7,9,2,-0.032098071840
4,7,9,7,-0.021274128039
4,8,0,3, 0.039875770297
4,8,0,8, 0.029011736029
4,8,1,3, 0.030189574977
4,8,1,8, 0.035740434079
4,8,3,0, 0.039875770297
4,8,3,1, 0.030189574977
4,8,3,4, 0.025514392730
4,8,3,5, 0.026443306277
4,8,3,6, 0.026217420475
4,8,3,9,-0.032098071840
4,8,4,3, 0.025514392730
4,8,4,8, 0.041711022562
4,8,5,3, 0.026443306277
4,8,5,8, 0.068946840709
4,8,6,3, 0.026217420475
4,8,6,8, 0.046266474273
4,8,8,0, 0.029011736029
4,8,8,1, 0.035740434079
4,8,8,4, 0.041711022562
4,8,8,5, 0.068946840709
4,8,8,6, 0.046266474273
4,8,8,9,-0.021274128039
4,8,9,3,-0.032098071840
4,8,9,8,-0.021274128039
4,9,0,0,-0.332679518587
4,9,0,1,-0.197449136218
4,9,0,4,-0.103329334587
4,9,0,5,-0.163428686499
4,9,0,6,-0.157215855918
4,9,0,9, 0.205121379600
4,9,1,0,-0.197449136218
4,9,1,1,-0.207039675556
4,9,1,4,-0.069202860520
4,9,1,5,-0.157215855918
4,9,1,6,-0.181594900041
4,9,1,9, 0.103930528209
4,9,2,2,-0.295304135310
4,9,2,7,-0.115629922495
4,9,3,3,-0.295304135310
4,9,3,8,-0.115629922495
4,9,4,0,-0.103329334587
4,9,4,1,-0.069202860520
4,9,4,4,-0.338642269249
4,9,4,5,-0.205121379600
4,9,4,6,-0.103930528209
4,9,4,9, 0.219501830607
4,9,5,0,-0.163428686499
4,9,5,1,-0.157215855918
4,9,5,4,-0.205121379600
4,9,5,5,-0.332679518587
4,9,5,6,-0.197449136218
4,9,5,9, 0.103329334587
4,9,6,0,-0.157215855918
4,9,6,1,-0.181594900041
4,9,6,4,-0.103930528209
4,9,6,5,-0.197449136218
4,9,6,6,-0.207039675556
4,9,6,9, 0.069202860520
4,9,7,2,-0.115629922495
4,9,7,7,-0.295304135310
4,9,8,3,-0.115629922495
4,9,8,8,-0.295304135310
4,9,9,0, 0.205121379600
4,9,9,1, 0.103930528209
4,9,9,4, 0.219501830607
4,9,9,5, 0.103329334587
4,9,9,6, 0.069202860520
4,9,9,9,-0.338642269249
5,0,0,0, 0.305480518276
5,0,0,1, 0.182375653025
5,0,0,4, 0.054883671702
5,0,0,5, 0.138200967873
5,0,0,6, 0.141212099126
5,0,0,9,-0.165634651624
5,0,1,0, 0.182375653025
5,0,1,1, 0.197424243208
5,0,1,4, 0.040198954676
5,0,1,5, 0.141212099126
5,0,1,6, 0.171075495242
5,0,1,9,-0.077874593390
5,0,2,2, 0.274336060886
5,0,2,7, 0.097903174605
5,0,3,3, 0.274336060886
5,0,3,8, 0.097903174605
5,0,4,0, 0.054883671702
5,0,4,1, 0.040198954676
5,0,4,4, 0.295312357187
5,0,4,5, 0.165634651624
5,0,4,6, 0.077874593390
5,0,4,9,-0.163428686499
5,0,5,0, 0.138200967873
5,0,5,1, 0.141212099126
5,0,5,4, 0.165634651624
5,0,5,5, 0.305480518276
5,0,5,6, 0.182375653025
5,0,5,9,-0.054883671702
5,0,6,0, 0.141212099126
5,0,6,1, 0.171075495242
5,0,6,4, 0.077874593390
5,0,6,5, 0.182375653025
5,0,6,6, 0.197424243208
5,0,6,9,-0.040198954676
5,0,7,2, 0.097903174605
5,0,7,7, 0.274336060886
5,0,8,3, 0.097903174605
5,0,8,8, 0.274336060886
5,0,9,0,-0.165634651624
5,0,9,1,-0.077874593390
5,0,9,4,-0.163428686499
5,0,9,5,-0.054883671702
5,0,9,6,-0.040198954676
5,0,9,9, 0.295312357187
5,1,0,0, 0.280511627033
5,1,0,1, 0.177876276315
5,1,0,4, 0.056136814117
5,1,0,5, 0.141212099126
5,1,0,6, 0.140895771026
5,1,0,9,-0.153409816222
5,1,1,0, 0.177876276315
5,1,1,1, 0.211455300375
5,1,1,4, 0.045156059199
5,1,1,5, 0.160335985314
5,1,1,6, 0.192188887501
5,1,1,9,-0.065220911109
5,1,2,2, 0.263340731201
5,1,2,7, 0.102237246932
5,1,3,3, 0.263340731201
5,1,3,8, 0.102237246932
5,1,4,0, 0.056136814117
5,1,4,1, 0.045156059199
5,1,4,4, 0.286653807483
5,1,4,5, 0.176487262609
5,1,4,6, 0.084226748173
5,1,4,9,-0.157215855918
5,1,5,0, 0.141212099126
5,1,5,1, 0.160335985314
5,1,5,4, 0.176487262609
5,1,5,5, 0.363055815011
5,1,5,6, 0.216760223256
5,1,5,9,-0.021043059005
5,1,6,0, 0.140895771026
5,1,6,1, 0.192188887501
5,1,6,4, 0.084226748173
5,1,6,5, 0.216760223256
5,1,6,6, 0.235678330968
5,1,6,9,-0.015793219967
5,1,7,2, 0.102237246932
5,1,7,7, 0.332913563428
5,1,8,3, 0.102237246932
5,1,8,8, 0.332913563428
5,1,9,0,-0.153409816222
5,1,9,1,-0.065220911109
5,1,9,4,-0.157215855918
5,1,9,5,-0.021043059005
5,1,9,6,-0.015793219967
5,1,9,9, 0.335110129424
5,2,0,2, 0.047154174686
5,2,0,7, 0.020753161026
5,2,1,2, 0.033166078741
5,2,1,7, 0.023017445303
5,2,2,0, 0.047154174686
5,2,2,1, 0.033166078741
5,2,2,4, 0.015010619883
5,2,2,5, 0.021521078624
5,2,2,6, 0.025989573618
5,2,2,9,-0.029011736029
5,2,4,2, 0.015010619883
5,2,4,7, 0.026443306277
5,2,5,2, 0.021521078624
5,2,5,7, 0.038642824539
5,2,6,2, 0.025989573618
5,2,6,7, 0.028048007103
5,2,7,0, 0.020753161026
5,2,7,1, 0.023017445303
5,2,7,4, 0.026443306277
5,2,7,5, 0.038642824539
5,2,7,6, 0.028048007103
5,2,7,9,-0.017124086774
5,2,9,2,-0.029011736029
5,2,9,7,-0.017124086774
5,3,0,3, 0.047154174686
5,3,0,8, 0.020753161026
5,3,1,3, 0.033166078741
5,3,1,8, 0.023017445303
5,3,3,0, 0.047154174686
5,3,3,1, 0.033166078741
5,3,3,4, 0.015010619883
5,3,3,5, 0.021521078624
5,3,3,6, 0.025989573618
5,3,3,9,-0.029011736029
5,3,4,3, 0.015010619883
5,3,4,8, 0.026443306277
5,3,5,3, 0.021521078624
5,3,5,8, 0.038642824539
5,3,6,3, 0.025989573618
5,3,6,8, 0.028048007103
5,3,8,0, 0.020753161026
5,3,8,1, 0.023017445303
5,3,8,4, 0.026443306277
5,3,8,5, 0.038642824539
5,3,8,6, 0.028048007103
5,3,8,9,-0.017124086774
5,3,9,3,-0.029011736029
5,3,9,8,-0.017124086774
5,4,0,0, 0.303869527825
5,4,0,1, 0.188666088292
5,4,0,4, 0.096243822692
5,4,0,5, 0.165634651624
5,4,0,6, 0.153409816222
5,4,0,9,-0.186235194409
5,4,1,0, 0.188666088292
5,4,1,1, 0.212505275099
5,4,1,4, 0.070763473160
5,4,1,5, 0.176487262609
5,4,1,6, 0.194957907388
5,4,1,9,-0.087525447738
5,4,2,2, 0.275953521915
5,4,2,7, 0.116552569779
5,4,3,3, 0.275953521915
5,4,3,8, 0.116552569779
5,4,4,0, 0.096243822692
5,4,4,1, 0.070763473160
5,4,4,4, 0.325177695817
5,4,4,5, 0.217909171995
5,4,4,6, 0.107815066867
5,4,4,9,-0.205121379600
5,4,5,0, 0.165634651624
5,4,5,1, 0.176487262609
5,4,5,4, 0.217909171995
5,4,5,5, 0.408790835951
5,4,5,6, 0.233009668236
5,4,5,9,-0.064918280447
5,4,6,0, 0.153409816222
5,4,6,1, 0.194957907388
5,4,6,4, 0.107815066867
5,4,6,5, 0.233009668236
5,4,6,6, 0.235272959218
5,4,6,9,-0.042559869374
5,4,7,2, 0.116552569779
5,4,7,7, 0.356188673747
5,4,8,3, 0.116552569779
5,4,8,8, 0.356188673747
5,4,9,0,-0.186235194409
5,4,9,1,-0.087525447738
5,4,9,4,-0.205121379600
5,4,9,5,-0.064918280447
5,4,9,6,-0.042559869374
5,4,9,9, 0.371307774276
5,5,0,0, 0.528655605267
5,5,0,1, 0.342287305755
5,5,0,4, 0.142873295896
5,5,0,5, 0.305480518276
5,5,0,6, 0.280511627033
5,5,0,9,-0.303869527825
5,5,1,0, 0.342287305755
5,5,1,1, 0.416781527642
5,5,1,4, 0.117294517277
5,5,1,5, 0.363055815011
5,5,1,6, 0.396824150762
5,5,1,9,-0.116249651785
5,5,2,2, 0.490457684884
5,5,2,7, 0.212624122279
5,5,3,3, 0.490457684884
5,5,3,8, 0.212624122279
5,5,4,0, 0.142873295896
5,5,4,1, 0.117294517277
5,5,4,4, 0.578969194504
5,5,4,5, 0.408790835951
5,5,4,6, 0.194692463541
5,5,4,9,-0.332679518587
5,5,5,0, 0.305480518276
5,5,5,1, 0.363055815011
5,5,5,4, 0.408790835951
5,5,5,5, 0.897251802255
5,5,5,6, 0.504699283325
5,5,6,0, 0.280511627033
5,5,6,1, 0.396824150762
5,5,6,4, 0.194692463541
5,5,6,5, 0.504699283325
5,5,6,6, 0.507364877272
5,5,7,2, 0.212624122279
5,5,7,7, 0.775037038942
5,5,8,3, 0.212624122279
5,5,8,8, 0.775037038942
5,5,9,0,-0.303869527825
5,5,9,1,-0.116249651785
5,5,9,4,-0.332679518587
5,5,9,9, 0.775037038942
5,6,0,0, 0.342287305755
5,6,0,1, 0.221305280110
5,6,0,4, 0.075412875547
5,6,0,5, 0.182375653025
5,6,0,6, 0.177876276315
5,6,0,9,-0.188666088292
5,6,1,0, 0.221305280110
5,6,1,1, 0.272530516342
5,6,1,4, 0.062379681088
5,6,1,5, 0.216760223256
5,6,1,6, 0.255123162716
5,6,1,9,-0.072795424011
5,6,2,2, 0.323047126591
5,6,2,7, 0.131547877001
5,6,3,3, 0.323047126591
5,6,3,8, 0.131547877001
5,6,4,0, 0.075412875547
5,6,4,1, 0.062379681088
5,6,4,4, 0.358449691843
5,6,4,5, 0.233009668236
5,6,4,6, 0.112007343541
5,6,4,9,-0.197449136218
5,6,5,0, 0.182375653025
5,6,5,1, 0.216760223256
5,6,5,4, 0.233009668236
5,6,5,5, 0.504699283325
5,6,5,6, 0.300015949963
5,6,6,0, 0.177876276315
5,6,6,1, 0.255123162716
5,6,6,4, 0.112007343541
5,6,6,5, 0.300015949963
5,6,6,6, 0.324022459289
5,6,7,2, 0.131547877001
5,6,7,7, 0.462081934851
5,6,8,3, 0.131547877001
5,6,8,8, 0.462081934851
5,6,9,0,-0.188666088292
5,6,9,1,-0.072795424011
5,6,9,4,-0.197449136218
5,6,9,9, 0.462081934851
5,7,0,2, 0.051420873576
5,7,0,7, 0.047154174686
5,7,1,2, 0.042045520182
5,7,1,7, 0.071340473525
5,7,2,0, 0.051420873576
5,7,2,1, 0.042045520182
5,7,2,4, 0.031629142197
5,7,2,5, 0.038642824539
5,7,2,6, 0.037459930304
5,7,2,9,-0.039875770297
5,7,4,2, 0.031629142197
5,7,4,7, 0.068946840709
5,7,5,2, 0.038642824539
5,7,5,7, 0.152608082603
5,7,6,2, 0.037459930304
5,7,6,7, 0.101353944495
5,7,7,0, 0.047154174686
5,7,7,1, 0.071340473525
5,7,7,4, 0.068946840709
5,7,7,5, 0.152608082603
5,7,7,6, 0.101353944495
5,7,9,2,-0.039875770297
5,8,0,3, 0.051420873576
5,8,0,8, 0.047154174686
5,8,1,3, 0.042045520182
5,8,1,8, 0.071340473525
5,8,3,0, 0.051420873576
5,8,3,1, 0.042045520182
5,8,3,4, 0.031629142197
5,8,3,5, 0.038642824539
5,8,3,6, 0.037459930304
5,8,3,9,-0.039875770297
5,8,4,3, 0.031629142197
5,8,4,8, 0.068946840709
5,8,5,3, 0.038642824539
5,8,5,8, 0.152608082603
5,8,6,3, 0.037459930304
5,8,6,8, 0.101353944495
5,8,8,0, 0.047154174686
5,8,8,1, 0.071340473525
5,8,8,4, 0.068946840709
5,8,8,5, 0.152608082603
5,8,8,6, 0.101353944495
5,8,9,3,-0.039875770297
5,9,0,0,-0.142873295896
5,9,0,1,-0.075412875547
5,9,0,4,-0.043050714150
5,9,0,5,-0.054883671702
5,9,0,6,-0.056136814117
5,9,0,9, 0.096243822692
5,9,1,0,-0.075412875547
5,9,1,1,-0.053475567299
5,9,1,4,-0.023730887980
5,9,1,5,-0.021043059005
5,9,1,6,-0.029093395522
5,9,1,9, 0.076395868384
5,9,2,2,-0.120093167800
5,9,2,7,-0.039875770297
5,9,3,3,-0.120093167800
5,9,3,8,-0.039875770297
5,9,4,0,-0.043050714150
5,9,4,1,-0.023730887980
5,9,4,4,-0.139545919232
5,9,4,5,-0.064918280447
5,9,4,6,-0.033147290823
5,9,4,9, 0.103329334587
5,9,5,0,-0.054883671702
5,9,5,1,-0.021043059005
5,9,5,4,-0.064918280447
5,9,5,9, 0.152608082603
5,9,6,0,-0.056136814117
5,9,6,1,-0.029093395522
5,9,6,4,-0.033147290823
5,9,6,9, 0.101353944495
5,9,7,2,-0.039875770297
5,9,8,3,-0.039875770297
5,9,9,0, 0.096243822692
5,9,9,1, 0.076395868384
5,9,9,4, 0.103329334587
5,9,9,5, 0.152608082603
5,9,9,6, 0.101353944495
6,0,0,0, 0.363055815011
6,0,0,1, 0.216760223256
6,0,0,4, 0.021043059005
6,0,0,5, 0.141212099126
6,0,0,6, 0.160335985314
6,0,0,9,-0.176487262609
6,0,1,0, 0.216760223256
6,0,1,1, 0.235678330968
6,0,1,4, 0.015793219967
6,0,1,5, 0.140895771026
6,0,1,6, 0.192188887501
6,0,1,9,-0.084226748173
6,0,2,2, 0.332913563428
6,0,2,7, 0.102237246932
6,0,3,3, 0.332913563428
6,0,3,8, 0.102237246932
6,0,4,0, 0.021043059005
6,0,4,1, 0.015793219967
6,0,4,4, 0.335110129424
6,0,4,5, 0.153409816222
6,0,4,6, 0.065220911109
6,0,4,9,-0.157215855918
6,0,5,0, 0.141212099126
6,0,5,1, 0.140895771026
6,0,5,4, 0.153409816222
6,0,5,5, 0.280511627033
6,0,5,6, 0.177876276315
6,0,5,9,-0.056136814117
6,0,6,0, 0.160335985314
6,0,6,1, 0.192188887501
6,0,6,4, 0.065220911109
6,0,6,5, 0.177876276315
6,0,6,6, 0.211455300375
6,0,6,9,-0.045156059199
6,0,7,2, 0.102237246932
6,0,7,7, 0.263340731201
6,0,8,3, 0.102237246932
6,0,8,8, 0.263340731201
6,0,9,0,-0.176487262609
6,0,9,1,-0.084226748173
6,0,9,4,-0.157215855918
6,0,9,5,-0.056136814117
6,0,9,6,-0.045156059199
6,0,9,9, 0.286653807483
6,1,0,0, 0.396824150762
6,1,0,1, 0.255123162716
6,1,0,4, 0.029093395522
6,1,0,5, 0.171075495242
6,1,0,6, 0.192188887501
6,1,0,9,-0.194957907388
6,1,1,0, 0.255123162716
6,1,1,1, 0.314693267079
6,1,1,4, 0.024576154756
6,1,1,5, 0.192188887501
6,1,1,6, 0.267769249284
6,1,1,9,-0.085827230656
6,1,2,2, 0.384345011891
6,1,2,7, 0.127945854637
6,1,3,3, 0.384345011891
6,1,3,8, 0.127945854637
6,1,4,0, 0.029093395522
6,1,4,1, 0.024576154756
6,1,4,4, 0.387940578128
6,1,4,5, 0.194957907388
6,1,4,6, 0.085827230656
6,1,4,9,-0.181594900041
6,1,5,0, 0.171075495242
6,1,5,1, 0.192188887501
6,1,5,4, 0.194957907388
6,1,5,5, 0.396824150762
6,1,5,6, 0.255123162716
6,1,5,9,-0.029093395522
6,1,6,0, 0.192188887501
6,1,6,1, 0.267769249284
6,1,6,4, 0.085827230656
6,1,6,5, 0.255123162716
6,1,6,6, 0.314693267079
6,1,6,9,-0.024576154756
6,1,7,2, 0.127945854637
6,1,7,7, 0.384345011891
6,1,8,3, 0.127945854637
6,1,8,8, 0.384345011891
6,1,9,0,-0.194957907388
6,1,9,1,-0.085827230656
6,1,9,4,-0.181594900041
6,1,9,5,-0.029093395522
6,1,9,6,-0.024576154756
6,1,9,9, 0.387940578128
6,2,0,2, 0.071340473525
6,2,0,7, 0.023017445303
6,2,1,2, 0.051183639670
6,2,1,7, 0.025217536987
6,2,2,0, 0.071340473525
6,2,2,1, 0.051183639670
6,2,2,4, 0.006904213792
6,2,2,5, 0.025989573618
6,2,2,6, 0.037377104599
6,2,2,9,-0.035740434079
6,2,4,2, 0.006904213792
6,2,4,7, 0.026217420475
6,2,5,2, 0.025989573618
6,2,5,7, 0.037459930304
6,2,6,2, 0.037377104599
6,2,6,7, 0.029798551131
6,2,7,0, 0.023017445303
6,2,7,1, 0.025217536987
6,2,7,4, 0.026217420475
6,2,7,5, 0.037459930304
6,2,7,6, 0.029798551131
6,2,7,9,-0.017991918844
6,2,9,2,-0.035740434079
6,2,9,7,-0.017991918844
6,3,0,3, 0.071340473525
6,3,0,8, 0.023017445303
6,3,1,3, 0.051183639670
6,3,1,8, 0.025217536987
6,3,3,0, 0.071340473525
6,3,3,1, 0.051183639670
6,3,3,4, 0.006904213792
6,3,3,5, 0.025989573618
6,3,3,6, 0.037377104599
6,3,3,9,-0.035740434079
6,3,4,3, 0.006904213792
6,3,4,8, 0.026217420475
6,3,5,3, 0.025989573618
6,3,5,8, 0.037459930304
6,3,6,3, 0.037377104599
6,3,6,8, 0.029798551131
6,3,8,0, 0.023017445303
6,3,8,1, 0.025217536987
6,3,8,4, 0.026217420475
6,3,8,5, 0.037459930304
6,3,8,6, 0.029798551131
6,3,8,9,-0.017991918844
6,3,9,3,-0.035740434079
6,3,9,8,-0.017991918844
6,4,0,0, 0.116249651785
6,4,0,1, 0.072795424011
6,4,0,4, 0.076395868384
6,4,0,5, 0.077874593390
6,4,0,6, 0.065220911109
6,4,0,9,-0.087525447738
6,4,1,0, 0.072795424011
6,4,1,1, 0.083379000367
6,4,1,4, 0.055169318251
6,4,1,5, 0.084226748173
6,4,1,6, 0.085827230656
6,4,1,9,-0.041819441257
6,4,2,2, 0.107583815157
6,4,2,7, 0.056944286748
6,4,3,3, 0.107583815157
6,4,3,8, 0.056944286748
6,4,4,0, 0.076395868384
6,4,4,1, 0.055169318251
6,4,4,4, 0.121814125983
6,4,4,5, 0.107815066867
6,4,4,6, 0.062290841722
6,4,4,9,-0.103930528209
6,4,5,0, 0.077874593390
6,4,5,1, 0.084226748173
6,4,5,4, 0.107815066867
6,4,5,5, 0.194692463541
6,4,5,6, 0.112007343541
6,4,5,9,-0.033147290823
6,4,6,0, 0.065220911109
6,4,6,1, 0.085827230656
6,4,6,4, 0.062290841722
6,4,6,5, 0.112007343541
6,4,6,6, 0.109739264818
6,4,6,9,-0.021090480918
6,4,7,2, 0.056944286748
6,4,7,7, 0.175017790065
6,4,8,3, 0.056944286748
6,4,8,8, 0.175017790065
6,4,9,0,-0.087525447738
6,4,9,1,-0.041819441257
6,4,9,4,-0.103930528209
6,4,9,5,-0.033147290823
6,4,9,6,-0.021090480918
6,4,9,9, 0.180188391922
6,5,0,0, 0.342287305755
6,5,0,1, 0.221305280110
6,5,0,4, 0.075412875547
6,5,0,5, 0.182375653025
6,5,0,6, 0.177876276315
6,5,0,9,-0.188666088292
6,5,1,0, 0.221305280110
6,5,1,1, 0.272530516342
6,5,1,4, 0.062379681088
6,5,1,5, 0.216760223256
6,5,1,6, 0.255123162716
6,5,1,9,-0.072795424011
6,5,2,2, 0.323047126591
6,5,2,7, 0.131547877001
6,5,3,3, 0.323047126591
6,5,3,8, 0.131547877001
6,5,4,0, 0.075412875547
6,5,4,1, 0.062379681088
6,5,4,4, 0.358449691843
6,5,4,5, 0.233009668236
6,5,4,6, 0.112007343541
6,5,4,9,-0.197449136218
6,5,5,0, 0.182375653025
6,5,5,1, 0.216760223256
6,5,5,4, 0.233009668236
6,5,5,5, 0.504699283325
6,5,5,6, 0.300015949963
6,5,6,0, 0.177876276315
6,5,6,1, 0.255123162716
6,5,6,4, 0.112007343541
6,5,6,5, 0.300015949963
6,5,6,6, 0.324022459289
6,5,7,2, 0.131547877001
6,5,7,7, 0.462081934851
6,5,8,3, 0.131547877001
6,5,8,8, 0.462081934851
6,5,9,0,-0.188666088292
6,5,9,1,-0.072795424011
6,5,9,4,-0.197449136218
6,5,9,9, 0.462081934851
6,6,0,0, 0.416781527642
6,6,0,1, 0.272530516342
6,6,0,4, 0.053475567299
6,6,0,5, 0.197424243208
6,6,0,6, 0.211455300375
6,6,0,9,-0.212505275099
6,6,1,0, 0.272530516342
6,6,1,1, 0.348728677729
6,6,1,4, 0.046051054509
6,6,1,5, 0.235678330968
6,6,1,6, 0.314693267079
6,6,1,9,-0.083379000367
6,6,2,2, 0.404555039886
6,6,2,7, 0.147392576816
6,6,3,3, 0.404555039886
6,6,3,8, 0.147392576816
6,6,4,0, 0.053475567299
6,6,4,1, 0.046051054509
6,6,4,4, 0.416912674785
6,6,4,5, 0.235272959218
6,6,4,6, 0.109739264818
6,6,4,9,-0.207039675556
6,6,5,0, 0.197424243208
6,6,5,1, 0.235678330968
6,6,5,4, 0.235272959218
6,6,5,5, 0.507364877272
6,6,5,6, 0.324022459289
6,6,6,0, 0.211455300375
6,6,6,1, 0.314693267079
6,6,6,4, 0.109739264818
6,6,6,5, 0.324022459289
6,6,6,6, 0.394125899248
6,6,7,2, 0.147392576816
6,6,7,7, 0.491073083906
6,6,8,3, 0.147392576816
6,6,8,8, 0.491073083906
6,6,9,0,-0.212505275099
6,6,9,1,-0.083379000367
6,6,9,4,-0.207039675556
6,6,9,9, 0.491073083906
6,7,0,2, 0.042045520182
6,7,0,7, 0.033166078741
6,7,1,2, 0.034462970241
6,7,1,7, 0.051183639670
6,7,2,0, 0.042045520182
6,7,2,1, 0.034462970241
6,7,2,4, 0.021888572484
6,7,2,5, 0.028048007103
6,7,2,6, 0.029798551131
6,7,2,9,-0.030189574977
6,7,4,2, 0.021888572484
6,7,4,7, 0.046266474273
6,7,5,2, 0.028048007103
6,7,5,7, 0.101353944495
6,7,6,2, 0.029798551131
6,7,6,7, 0.072461555243
6,7,7,0, 0.033166078741
6,7,7,1, 0.051183639670
6,7,7,4, 0.046266474273
6,7,7,5, 0.101353944495
6,7,7,6, 0.072461555243
6,7,9,2,-0.030189574977
6,8,0,3, 0.042045520182
6,8,0,8, 0.033166078741
6,8,1,3, 0.034462970241
6,8,1,8, 0.051183639670
6,8,3,0, 0.042045520182
6,8,3,1, 0.034462970241
6,8,3,4, 0.021888572484
6,8,3,5, 0.028048007103
6,8,3,6, 0.029798551131
6,8,3,9,-0.030189574977
6,8,4,3, 0.021888572484
6,8,4,8, 0.046266474273
6,8,5,3, 0.028048007103
6,8,5,8, 0.101353944495
6,8,6,3, 0.029798551131
6,8,6,8, 0.072461555243
6,8,8,0, 0.033166078741
6,8,8,1, 0.051183639670
6,8,8,4, 0.046266474273
6,8,8,5, 0.101353944495
6,8,8,6, 0.072461555243
6,8,9,3,-0.030189574977
6,9,0,0,-0.117294517277
6,9,0,1,-0.062379681088
6,9,0,4,-0.023730887980
6,9,0,5,-0.040198954676
6,9,0,6,-0.045156059199
6,9,0,9, 0.070763473160
6,9,1,0,-0.062379681088
6,9,1,1,-0.046051054509
6,9,1,4,-0.012287798925
6,9,1,5,-0.015793219967
6,9,1,6,-0.024576154756
6,9,1,9, 0.055169318251
6,9,2,2,-0.102083797828
6,9,2,7,-0.030189574977
6,9,3,3,-0.102083797828
6,9,3,8,-0.030189574977
6,9,4,0,-0.023730887980
6,9,4,1,-0.012287798925
6,9,4,4,-0.104989793667
6,9,4,5,-0.042559869374
6,9,4,6,-0.021090480918
6,9,4,9, 0.069202860520
6,9,5,0,-0.040198954676
6,9,5,1,-0.015793219967
6,9,5,4,-0.042559869374
6,9,5,9, 0.101353944495
6,9,6,0,-0.045156059199
6,9,6,1,-0.024576154756
6,9,6,4,-0.021090480918
6,9,6,9, 0.072461555243
6,9,7,2,-0.030189574977
6,9,8,3,-0.030189574977
6,9,9,0, 0.070763473160
6,9,9,1, 0.055169318251
6,9,9,4, 0.069202860520
6,9,9,5, 0.101353944495
6,9,9,6, 0.072461555243
7,0,0,2, 0.038642824539
7,0,0,7, 0.021521078624
7,0,1,2, 0.028048007103
7,0,1,7, 0.025989573618
7,0,2,0, 0.038642824539
7,0,2,1, 0.028048007103
7,0,2,4, 0.017124086774
7,0,2,5, 0.020753161026
7,0,2,6, 0.023017445303
7,0,2,9,-0.026443306277
7,0,4,2, 0.017124086774
7,0,4,7, 0.029011736029
7,0,5,2, 0.020753161026
7,0,5,7, 0.047154174686
7,0,6,2, 0.023017445303
7,0,6,7, 0.033166078741
7,0,7,0, 0.021521078624
7,0,7,1, 0.025989573618
7,0,7,4, 0.029011736029
7,0,7,5, 0.047154174686
7,0,7,6, 0.033166078741
7,0,7,9,-0.015010619883
7,0,9,2,-0.026443306277
7,0,9,7,-0.015010619883
7,1,0,2, 0.037459930304
7,1,0,7, 0.025989573618
7,1,1,2, 0.029798551131
7,1,1,7, 0.037377104599
7,1,2,0, 0.037459930304
7,1,2,1, 0.029798551131
7,1,2,4, 0.017991918844
7,1,2,5, 0.023017445303
7,1,2,6, 0.025217536987
7,1,2,9,-0.026217420475
7,1,4,2, 0.017991918844
7,1,4,7, 0.035740434079
7,1,5,2, 0.023017445303
7,1,5,7, 0.071340473525
7,1,6,2, 0.025217536987
7,1,6,7, 0.051183639670
7,1,7,0, 0.025989573618
7,1,7,1, 0.037377104599
7,1,7,4, 0.035740434079
7,1,7,5, 0.071340473525
7,1,7,6, 0.051183639670
7,1,7,9,-0.006904213792
7,1,9,2,-0.026217420475
7,1,9,7,-0.006904213792
7,2,0,0, 0.212624122279
7,2,0,1, 0.131547877001
7,2,0,4, 0.039875770297
7,2,0,5, 0.097903174605
7,2,0,6, 0.102237246932
7,2,0,9,-0.116552569779
7,2,1,0, 0.131547877001
7,2,1,1, 0.147392576816
7,2,1,4, 0.030189574977
7,2,1,5, 0.102237246932
7,2,1,6, 0.127945854637
7,2,1,9,-0.056944286748
7,2,2,2, 0.212462811786
7,2,2,7, 0.078505764231
7,2,3,3, 0.192150240634
7,2,3,8, 0.068892813508
7,2,4,0, 0.039875770297
7,2,4,1, 0.030189574977
7,2,4,4, 0.207508347788
7,2,4,5, 0.116552569779
7,2,4,6, 0.056944286748
7,2,4,9,-0.115629922495
7,2,5,0, 0.097903174605
7,2,5,1, 0.102237246932
7,2,5,4, 0.116552569779
7,2,5,5, 0.212624122279
7,2,5,6, 0.131547877001
7,2,5,9,-0.039875770297
7,2,6,0, 0.102237246932
7,2,6,1, 0.127945854637
7,2,6,4, 0.056944286748
7,2,6,5, 0.131547877001
7,2,6,6, 0.147392576816
7,2,6,9,-0.030189574977
7,2,7,2, 0.078505764231
7,2,7,7, 0.212462811786
7,2,8,3, 0.068892813508
7,2,8,8, 0.192150240634
7,2,9,0,-0.116552569779
7,2,9,1,-0.056944286748
7,2,9,4,-0.115629922495
7,2,9,5,-0.039875770297
7,2,9,6,-0.030189574977
7,2,9,9, 0.207508347788
7,3,2,3, 0.010156285576
7,3,2,8, 0.004806475361
7,3,3,2, 0.010156285576
7,3,3,7, 0.004806475361
7,3,7,3, 0.004806475361
7,3,7,8, 0.010156285576
7,3,8,2, 0.004806475361
7,3,8,7, 0.010156285576
7,4,0,2, 0.039875770297
7,4,0,7, 0.029011736029
7,4,1,2, 0.030189574977
7,4,1,7, 0.035740434079
7,4,2,0, 0.039875770297
7,4,2,1, 0.030189574977
7,4,2,4, 0.025514392730
7,4,2,5, 0.026443306277
7,4,2,6, 0.026217420475
7,4,2,9,-0.032098071840
7,4,4,2, 0.025514392730
7,4,4,7, 0.041711022562
7,4,5,2, 0.026443306277
7,4,5,7, 0.068946840709
7,4,6,2, 0.026217420475
7,4,6,7, 0.046266474273
7,4,7,0, 0.029011736029
7,4,7,1, 0.035740434079
7,4,7,4, 0.041711022562
7,4,7,5, 0.068946840709
7,4,7,6, 0.046266474273
7,4,7,9,-0.021274128039
7,4,9,2,-0.032098071840
7,4,9,7,-0.021274128039
7,5,0,2, 0.051420873576
7,5,0,7, 0.047154174686
7,5,1,2, 0.042045520182
7,5,1,7, 0.071340473525
7,5,2,0, 0.051420873576
7,5,2,1, 0.042045520182
7,5,2,4, 0.031629142197
7,5,2,5, 0.038642824539
7,5,2,6, 0.037459930304
7,5,2,9,-0.039875770297
7,5,4,2, 0.031629142197
7,5,4,7, 0.068946840709
7,5,5,2, 0.038642824539
7,5,5,7, 0.152608082603
7,5,6,2, 0.037459930304
7,5,6,7, 0.101353944495
7,5,7,0, 0.047154174686
7,5,7,1, 0.071340473525
7,5,7,4, 0.068946840709
7,5,7,5, 0.152608082603
7,5,7,6, 0.101353944495
7,5,9,2,-0.039875770297
7,6,0,2, 0.042045520182
7,6,0,7, 0.033166078741
7,6,1,2, 0.034462970241
7,6,1,7, 0.051183639670
7,6,2,0, 0.042045520182
7,6,2,1, 0.034462970241
7,6,2,4, 0.021888572484
7,6,2,5, 0.028048007103
7,6,2,6, 0.029798551131
7,6,2,9,-0.030189574977
7,6,4,2, 0.021888572484
7,6,4,7, 0.046266474273
7,6,5,2, 0.028048007103
7,6,5,7, 0.101353944495
7,6,6,2, 0.029798551131
7,6,6,7, 0.072461555243
7,6,7,0, 0.033166078741
7,6,7,1, 0.051183639670
7,6,7,4, 0.046266474273
7,6,7,5, 0.101353944495
7,6,7,6, 0.072461555243
7,6,9,2,-0.030189574977
7,7,0,0, 0.490457684884
7,7,0,1, 0.323047126591
7,7,0,4, 0.120093167800
7,7,0,5, 0.274336060886
7,7,0,6, 0.263340731201
7,7,0,9,-0.275953521915
7,7,1,0, 0.323047126591
7,7,1,1, 0.404555039886
7,7,1,4, 0.102083797828
7,7,1,5, 0.332913563428
7,7,1,6, 0.384345011891
7,7,1,9,-0.107583815157
7,7,2,2, 0.478531303762
7,7,2,7, 0.212462811786
7,7,3,3, 0.457316688263
7,7,3,8, 0.192150240634
7,7,4,0, 0.120093167800
7,7,4,1, 0.102083797828
7,7,4,4, 0.526045154104
7,7,4,5, 0.356188673747
7,7,4,6, 0.175017790065
7,7,4,9,-0.295304135310
7,7,5,0, 0.274336060886
7,7,5,1, 0.332913563428
7,7,5,4, 0.356188673747
7,7,5,5, 0.775037038942
7,7,5,6, 0.462081934851
7,7,6,0, 0.263340731201
7,7,6,1, 0.384345011891
7,7,6,4, 0.175017790065
7,7,6,5, 0.462081934851
7,7,6,6, 0.491073083906
7,7,7,2, 0.212462811786
7,7,7,7, 0.785718708997
7,7,8,3, 0.192150240634
7,7,8,8, 0.689508254834
7,7,9,0,-0.275953521915
7,7,9,1,-0.107583815157
7,7,9,4,-0.295304135310
7,7,9,9, 0.689508254834
7,8,2,3, 0.010607307749
7,8,2,8, 0.010156285576
7,8,3,2, 0.010607307749
7,8,3,7, 0.010156285576
7,8,7,3, 0.010156285576
7,8,7,8, 0.048105227081
7,8,8,2, 0.010156285576
7,8,8,7, 0.048105227081
7,9,0,2,-0.031629142197
7,9,0,7,-0.015010619883
7,9,1,2,-0.021888572484
7,9,1,7,-0.006904213792
7,9,2,0,-0.031629142197
7,9,2,1,-0.021888572484
7,9,2,4,-0.018396854191
7,9,2,5,-0.017124086774
7,9,2,6,-0.017991918844
7,9,2,9, 0.025514392730
7,9,4,2,-0.018396854191
7,9,4,7,-0.021274128039
7,9,5,2,-0.017124086774
7,9,6,2,-0.017991918844
7,9,7,0,-0.015010619883
7,9,7,1,-0.006904213792
7,9,7,4,-0.021274128039
7,9,7,9, 0.048105227081
7,9,9,2, 0.025514392730
7,9,9,7, 0.048105227081
8,0,0,3, 0.038642824539
8,0,0,8, 0.021521078624
8,0,1,3, 0.028048007103
8,0,1,8, 0.025989573618
8,0,3,0, 0.038642824539
8,0,3,1, 0.028048007103
8,0,3,4, 0.017124086774
8,0,3,5, 0.020753161026
8,0,3,6, 0.023017445303
8,0,3,9,-0.026443306277
8,0,4,3, 0.017124086774
8,0,4,8, 0.029011736029
8,0,5,3, 0.020753161026
8,0,5,8, 0.047154174686
8,0,6,3, 0.023017445303
8,0,6,8, 0.033166078741
8,0,8,0, 0.021521078624
8,0,8,1, 0.025989573618
8,0,8,4, 0.029011736029
8,0,8,5, 0.047154174686
8,0,8,6, 0.033166078741
8,0,8,9,-0.015010619883
8,0,9,3,-0.026443306277
8,0,9,8,-0.015010619883
8,1,0,3, 0.037459930304
8,1,0,8, 0.025989573618
8,1,1,3, 0.029798551131
8,1,1,8, 0.037377104599
8,1,3,0, 0.037459930304
8,1,3,1, 0.029798551131
8,1,3,4, 0.017991918844
8,1,3,5, 0.023017445303
8,1,3,6, 0.025217536987
8,1,3,9,-0.026217420475
8,1,4,3, 0.017991918844
8,1,4,8, 0.035740434079
8,1,5,3, 0.023017445303
8,1,5,8, 0.071340473525
8,1,6,3, 0.025217536987
8,1,6,8, 0.051183639670
8,1,8,0, 0.025989573618
8,1,8,1, 0.037377104599
8,1,8,4, 0.035740434079
8,1,8,5, 0.071340473525
8,1,8,6, 0.051183639670
8,1,8,9,-0.006904213792
8,1,9,3,-0.026217420475
8,1,9,8,-0.006904213792
8,2,2,3, 0.010156285576
8,2,2,8, 0.004806475361
8,2,3,2, 0.010156285576
8,2,3,7, 0.004806475361
8,2,7,3, 0.004806475361
8,2,7,8, 0.010156285576
8,2,8,2, 0.004806475361
8,2,8,7, 0.010156285576
8,3,0,0, 0.212624122279
8,3,0,1, 0.131547877001
8,3,0,4, 0.039875770297
8,3,0,5, 0.097903174605
8,3,0,6, 0.102237246932
8,3,0,9,-0.116552569779
8,3,1,0, 0.131547877001
8,3,1,1, 0.147392576816
8,3,1,4, 0.030189574977
8,3,1,5, 0.102237246932
8,3,1,6, 0.127945854637
8,3,1,9,-0.056944286748
8,3,2,2, 0.192150240634
8,3,2,7, 0.068892813508
8,3,3,3, 0.212462811786
8,3,3,8, 0.078505764231
8,3,4,0, 0.039875770297
8,3,4,1, 0.030189574977
8,3,4,4, 0.207508347788
8,3,4,5, 0.116552569779
8,3,4,6, 0.056944286748
8,3,4,9,-0.115629922495
8,3,5,0, 0.097903174605
8,3,5,1, 0.102237246932
8,3,5,4, 0.116552569779
8,3,5,5, 0.212624122279
8,3,5,6, 0.131547877001
8,3,5,9,-0.039875770297
8,3,6,0, 0.102237246932
8,3,6,1, 0.127945854637
8,3,6,4, 0.056944286748
8,3,6,5, 0.131547877001
8,3,6,6, 0.147392576816
8,3,6,9,-0.030189574977
8,3,7,2, 0.068892813508
8,3,7,7, 0.192150240634
8,3,8,3, 0.078505764231
8,3,8,8, 0.212462811786
8,3,9,0,-0.116552569779
8,3,9,1,-0.056944286748
8,3,9,4,-0.115629922495
8,3,9,5,-0.039875770297
8,3,9,6,-0.030189574977
8,3,9,9, 0.207508347788
8,4,0,3, 0.039875770297
8,4,0,8, 0.029011736029
8,4,1,3, 0.030189574977
8,4,1,8, 0.035740434079
8,4,3,0, 0.039875770297
8,4,3,1, 0.030189574977
8,4,3,4, 0.025514392730
8,4,3,5, 0.026443306277
8,4,3,6, 0.026217420475
8,4,3,9,-0.032098071840
8,4,4,3, 0.025514392730
8,4,4,8, 0.041711022562
8,4,5,3, 0.026443306277
8,4,5,8, 0.068946840709
8,4,6,3, 0.026217420475
8,4,6,8, 0.046266474273
8,4,8,0, 0.029011736029
8,4,8,1, 0.035740434079
8,4,8,4, 0.041711022562
8,4,8,5, 0.068946840709
8,4,8,6, 0.046266474273
8,4,8,9,-0.021274128039
8,4,9,3,-0.032098071840
8,4,9,8,-0.021274128039
8,5,0,3, 0.051420873576
8,5,0,8, 0.047154174686
8,5,1,3, 0.042045520182
8,5,1,8, 0.071340473525
8,5,3,0, 0.051420873576
8,5,3,1, 0.042045520182
8,5,3,4, 0.031629142197
8,5,3,5, 0.038642824539
8,5,3,6, 0.037459930304
8,5,3,9,-0.039875770297
8,5,4,3, 0.031629142197
8,5,4,8, 0.068946840709
8,5,5,3, 0.038642824539
8,5,5,8, 0.152608082603
8,5,6,3, 0.037459930304
8,5,6,8, 0.101353944495
8,5,8,0, 0.047154174686
8,5,8,1, 0.071340473525
8,5,8,4, 0.068946840709
8,5,8,5, 0.152608082603
8,5,8,6, 0.101353944495
8,5,9,3,-0.039875770297
8,6,0,3, 0.042045520182
8,6,0,8, 0.033166078741
8,6,1,3, 0.034462970241
8,6,1,8, 0.051183639670
8,6,3,0, 0.042045520182
8,6,3,1, 0.034462970241
8,6,3,4, 0.021888572484
8,6,3,5, 0.028048007103
8,6,3,6, 0.029798551131
8,6,3,9,-0.030189574977
8,6,4,3, 0.021888572484
8,6,4,8, 0.046266474273
8,6,5,3, 0.028048007103
8,6,5,8, 0.101353944495
8,6,6,3, 0.029798551131
8,6,6,8, 0.072461555243
8,6,8,0, 0.033166078741
8,6,8,1, 0.051183639670
8,6,8,4, 0.046266474273
8,6,8,5, 0.101353944495
8,6,8,6, 0.072461555243
8,6,9,3,-0.030189574977
8,7,2,3, 0.010607307749
8,7,2,8, 0.010156285576
8,7,3,2, 0.010607307749
8,7,3,7, 0.010156285576
8,7,7,3, 0.010156285576
8,7,7,8, 0.048105227081
8,7,8,2, 0.010156285576
8,7,8,7, 0.048105227081
8,8,0,0, 0.490457684884
8,8,0,1, 0.323047126591
8,8,0,4, 0.120093167800
8,8,0,5, 0.274336060886
8,8,0,6, 0.263340731201
8,8,0,9,-0.275953521915
8,8,1,0, 0.323047126591
8,8,1,1, 0.404555039886
8,8,1,4, 0.102083797828
8,8,1,5, 0.332913563428
8,8,1,6, 0.384345011891
8,8,1,9,-0.107583815157
8,8,2,2, 0.457316688263
8,8,2,7, 0.192150240634
8,8,3,3, 0.478531303762
8,8,3,8, 0.212462811786
8,8,4,0, 0.120093167800
8,8,4,1, 0.102083797828
8,8,4,4, 0.526045154104
8,8,4,5, 0.356188673747
8,8,4,6, 0.175017790065
8,8,4,9,-0.295304135310
8,8,5,0, 0.274336060886
8,8,5,1, 0.332913563428
8,8,5,4, 0.356188673747
8,8,5,5, 0.775037038942
8,8,5,6, 0.462081934851
8,8,6,0, 0.263340731201
8,8,6,1, 0.384345011891
8,8,6,4, 0.175017790065
8,8,6,5, 0.462081934851
8,8,6,6, 0.491073083906
8,8,7,2, 0.192150240634
8,8,7,7, 0.689508254834
8,8,8,3, 0.212462811786
8,8,8,8, 0.785718708997
8,8,9,0,-0.275953521915
8,8,9,1,-0.107583815157
8,8,9,4,-0.295304135310
8,8,9,9, 0.689508254834
8,9,0,3,-0.031629142197
8,9,0,8,-0.015010619883
8,9,1,3,-0.021888572484
8,9,1,8,-0.006904213792
8,9,3,0,-0.031629142197
8,9,3,1,-0.021888572484
8,9,3,4,-0.018396854191
8,9,3,5,-0.017124086774
8,9,3,6,-0.017991918844
8,9,3,9, 0.025514392730
8,9,4,3,-0.018396854191
8,9,4,8,-0.021274128039
8,9,5,3,-0.017124086774
8,9,6,3,-0.017991918844
8,9,8,0,-0.015010619883
8,9,8,1,-0.006904213792
8,9,8,4,-0.021274128039
8,9,8,9, 0.048105227081
8,9,9,3, 0.025514392730
8,9,9,8, 0.048105227081
9,0,0,0,-0.408790835951
9,0,0,1,-0.233009668236
9,0,0,4,-0.064918280447
9,0,0,5,-0.165634651624
9,0,0,6,-0.176487262609
9,0,0,9, 0.217909171995
9,0,1,0,-0.233009668236
9,0,1,1,-0.235272959218
9,0,1,4,-0.042559869374
9,0,1,5,-0.153409816222
9,0,1,6,-0.194957907388
9,0,1,9, 0.107815066867
9,0,2,2,-0.356188673747
9,0,2,7,-0.116552569779
9,0,3,3,-0.356188673747
9,0,3,8,-0.116552569779
9,0,4,0,-0.064918280447
9,0,4,1,-0.042559869374
9,0,4,4,-0.371307774276
9,0,4,5,-0.186235194409
9,0,4,6,-0.087525447738
9,0,4,9, 0.205121379600
9,0,5,0,-0.165634651624
9,0,5,1,-0.153409816222
9,0,5,4,-0.186235194409
9,0,5,5,-0.303869527825
9,0,5,6,-0.188666088292
9,0,5,9, 0.096243822692
9,0,6,0,-0.176487262609
9,0,6,1,-0.194957907388
9,0,6,4,-0.087525447738
9,0,6,5,-0.188666088292
9,0,6,6,-0.212505275099
9,0,6,9, 0.070763473160
9,0,7,2,-0.116552569779
9,0,7,7,-0.275953521915
9,0,8,3,-0.116552569779
9,0,8,8,-0.275953521915
9,0,9,0, 0.217909171995
9,0,9,1, 0.107815066867
9,0,9,4, 0.205121379600
9,0,9,5, 0.096243822692
9,0,9,6, 0.070763473160
9,0,9,9,-0.325177695817
9,1,0,0,-0.194692463541
9,1,0,1,-0.112007343541
9,1,0,4,-0.033147290823
9,1,0,5,-0.077874593390
9,1,0,6,-0.084226748173
9,1,0,9, 0.107815066867
9,1,1,0,-0.112007343541
9,1,1,1,-0.109739264818
9,1,1,4,-0.021090480918
9,1,1,5,-0.065220911109
9,1,1,6,-0.085827230656
9,1,1,9, 0.062290841722
9,1,2,2,-0.175017790065
9,1,2,7,-0.056944286748
9,1,3,3,-0.175017790065
9,1,3,8,-0.056944286748
9,1,4,0,-0.033147290823
9,1,4,1,-0.021090480918
9,1,4,4,-0.180188391922
9,1,4,5,-0.087525447738
9,1,4,6,-0.041819441257
9,1,4,9, 0.103930528209
9,1,5,0,-0.077874593390
9,1,5,1,-0.065220911109
9,1,5,4,-0.087525447738
9,1,5,5,-0.116249651785
9,1,5,6,-0.072795424011
9,1,5,9, 0.076395868384
9,1,6,0,-0.084226748173
9,1,6,1,-0.085827230656
9,1,6,4,-0.041819441257
9,1,6,5,-0.072795424011
9,1,6,6,-0.083379000367
9,1,6,9, 0.055169318251
9,1,7,2,-0.056944286748
9,1,7,7,-0.107583815157
9,1,8,3,-0.056944286748
9,1,8,8,-0.107583815157
9,1,9,0, 0.107815066867
9,1,9,1, 0.062290841722
9,1,9,4, 0.103930528209
9,1,9,5, 0.076395868384
9,1,9,6, 0.055169318251
9,1,9,9,-0.121814125983
9,2,0,2,-0.068946840709
9,2,0,7,-0.026443306277
9,2,1,2,-0.046266474273
9,2,1,7,-0.026217420475
9,2,2,0,-0.068946840709
9,2,2,1,-0.046266474273
9,2,2,4,-0.021274128039
9,2,2,5,-0.029011736029
9,2,2,6,-0.035740434079
9,2,2,9, 0.041711022562
9,2,4,2,-0.021274128039
9,2,4,7,-0.032098071840
9,2,5,2,-0.029011736029
9,2,5,7,-0.039875770297
9,2,6,2,-0.035740434079
9,2,6,7,-0.030189574977
9,2,7,0,-0.026443306277
9,2,7,1,-0.026217420475
9,2,7,4,-0.032098071840
9,2,7,5,-0.039875770297
9,2,7,6,-0.030189574977
9,2,7,9, 0.025514392730
9,2,9,2, 0.041711022562
9,2,9,7, 0.025514392730
9,3,0,3,-0.068946840709
9,3,0,8,-0.026443306277
9,3,1,3,-0.046266474273
9,3,1,8,-0.026217420475
9,3,3,0,-0.068946840709
9,3,3,1,-0.046266474273
9,3,3,4,-0.021274128039
9,3,3,5,-0.029011736029
9,3,3,6,-0.035740434079
9,3,3,9, 0.041711022562
9,3,4,3,-0.021274128039
9,3,4,8,-0.032098071840
9,3,5,3,-0.029011736029
9,3,5,8,-0.039875770297
9,3,6,3,-0.035740434079
9,3,6,8,-0.030189574977
9,3,8,0,-0.026443306277
9,3,8,1,-0.026217420475
9,3,8,4,-0.032098071840
9,3,8,5,-0.039875770297
9,3,8,6,-0.030189574977
9,3,8,9, 0.025514392730
9,3,9,3, 0.041711022562
9,3,9,8, 0.025514392730
9,4,0,0,-0.332679518587
9,4,0,1,-0.197449136218
9,4,0,4,-0.103329334587
9,4,0,5,-0.163428686499
9,4,0,6,-0.157215855918
9,4,0,9, 0.205121379600
9,4,1,0,-0.197449136218
9,4,1,1,-0.207039675556
9,4,1,4,-0.069202860520
9,4,1,5,-0.157215855918
9,4,1,6,-0.181594900041
9,4,1,9, 0.103930528209
9,4,2,2,-0.295304135310
9,4,2,7,-0.115629922495
9,4,3,3,-0.295304135310
9,4,3,8,-0.115629922495
9,4,4,0,-0.103329334587
9,4,4,1,-0.069202860520
9,4,4,4,-0.338642269249
9,4,4,5,-0.205121379600
9,4,4,6,-0.103930528209
9,4,4,9, 0.219501830607
9,4,5,0,-0.163428686499
9,4,5,1,-0.157215855918
9,4,5,4,-0.205121379600
9,4,5,5,-0.332679518587
9,4,5,6,-0.197449136218
9,4,5,9, 0.103329334587
9,4,6,0,-0.157215855918
9,4,6,1,-0.181594900041
9,4,6,4,-0.103930528209
9,4,6,5,-0.197449136218
9,4,6,6,-0.207039675556
9,4,6,9, 0.069202860520
9,4,7,2,-0.115629922495
9,4,7,7,-0.295304135310
9,4,8,3,-0.115629922495
9,4,8,8,-0.295304135310
9,4,9,0, 0.205121379600
9,4,9,1, 0.103930528209
9,4,9,4, 0.219501830607
9,4,9,5, 0.103329334587
9,4,9,6, 0.069202860520
9,4,9,9,-0.338642269249
9,5,0,0,-0.142873295896
9,5,0,1,-0.075412875547
9,5,0,4,-0.043050714150
9,5,0,5,-0.054883671702
9,5,0,6,-0.056136814117
9,5,0,9, 0.096243822692
9,5,1,0,-0.075412875547
9,5,1,1,-0.053475567299
9,5,1,4,-0.023730887980
9,5,1,5,-0.021043059005
9,5,1,6,-0.029093395522
9,5,1,9, 0.076395868384
9,5,2,2,-0.120093167800
9,5,2,7,-0.039875770297
9,5,3,3,-0.120093167800
9,5,3,8,-0.039875770297
9,5,4,0,-0.043050714150
9,5,4,1,-0.023730887980
9,5,4,4,-0.139545919232
9,5,4,5,-0.064918280447
9,5,4,6,-0.033147290823
9,5,4,9, 0.103329334587
9,5,5,0,-0.054883671702
9,5,5,1,-0.021043059005
9,5,5,4,-0.064918280447
9,5,5,9, 0.152608082603
9,5,6,0,-0.056136814117
9,5,6,1,-0.029093395522
9,5,6,4,-0.033147290823
9,5,6,9, 0.101353944495
9,5,7,2,-0.039875770297
9,5,8,3,-0.039875770297
9,5,9,0, 0.096243822692
9,5,9,1, 0.076395868384
9,5,9,4, 0.103329334587
9,5,9,5, 0.152608082603
9,5,9,6, 0.101353944495
9,6,0,0,-0.117294517277
9,6,0,1,-0.062379681088
9,6,0,4,-0.023730887980
9,6,0,5,-0.040198954676
9,6,0,6,-0.045156059199
9,6,0,9, 0.070763473160
9,6,1,0,-0.062379681088
9,6,1,1,-0.046051054509
9,6,1,4,-0.012287798925
9,6,1,5,-0.015793219967
9,6,1,6,-0.024576154756
9,6,1,9, 0.055169318251
9,6,2,2,-0.102083797828
9,6,2,7,-0.030189574977
9,6,3,3,-0.102083797828
9,6,3,8,-0.030189574977
9,6,4,0,-0.023730887980
9,6,4,1,-0.012287798925
9,6,4,4,-0.104989793667
9,6,4,5,-0.042559869374
9,6,4,6,-0.021090480918
9,6,4,9, 0.069202860520
9,6,5,0,-0.040198954676
9,6,5,1,-0.015793219967
9,6,5,4,-0.042559869374
9,6,5,9, 0.101353944495
9,6,6,0,-0.045156059199
9,6,6,1,-0.024576154756
9,6,6,4,-0.021090480918
9,6,6,9, 0.072461555243
9,6,7,2,-0.030189574977
9,6,8,3,-0.030189574977
9,6,9,0, 0.070763473160
9,6,9,1, 0.055169318251
9,6,9,4, 0.069202860520
9,6,9,5, 0.101353944495
9,6,9,6, 0.072461555243
9,7,0,2,-0.031629142197
9,7,0,7,-0.015010619883
9,7,1,2,-0.021888572484
9,7,1,7,-0.006904213792
9,7,2,0,-0.031629142197
9,7,2,1,-0.021888572484
9,7,2,4,-0.018396854191
9,7,2,5,-0.017124086774
9,7,2,6,-0.017991918844
9,7,2,9, 0.025514392730
9,7,4,2,-0.018396854191
9,7,4,7,-0.021274128039
9,7,5,2,-0.017124086774
9,7,6,2,-0.017991918844
9,7,7,0,-0.015010619883
9,7,7,1,-0.006904213792
9,7,7,4,-0.021274128039
9,7,7,9, 0.048105227081
9,7,9,2, 0.025514392730
9,7,9,7, 0.048105227081
9,8,0,3,-0.031629142197
9,8,0,8,-0.015010619883
9,8,1,3,-0.021888572484
9,8,1,8,-0.006904213792
9,8,3,0,-0.031629142197
9,8,3,1,-0.021888572484
9,8,3,4,-0.018396854191
9,8,3,5,-0.017124086774
9,8,3,6,-0.017991918844
9,8,3,9, 0.025514392730
9,8,4,3,-0.018396854191
9,8,4,8,-0.021274128039
9,8,5,3,-0.017124086774
9,8,6,3,-0.017991918844
9,8,8,0,-0.015010619883
9,8,8,1,-0.006904213792
9,8,8,4,-0.021274128039
9,8,8,9, 0.048105227081
9,8,9,3, 0.025514392730
9,8,9,8, 0.048105227081
9,9,0,0, 0.578969194504
9,9,0,1, 0.358449691843
9,9,0,4, 0.139545919232
9,9,0,5, 0.295312357187
9,9,0,6, 0.286653807483
9,9,0,9,-0.325177695817
9,9,1,0, 0.358449691843
9,9,1,1, 0.416912674785
9,9,1,4, 0.104989793667
9,9,1,5, 0.335110129424
9,9,1,6, 0.387940578128
9,9,1,9,-0.121814125983
9,9,2,2, 0.526045154104
9,9,2,7, 0.207508347788
9,9,3,3, 0.526045154104
9,9,3,8, 0.207508347788
9,9,4,0, 0.139545919232
9,9,4,1, 0.104989793667
9,9,4,4, 0.592287079660
9,9,4,5, 0.371307774276
9,9,4,6, 0.180188391922
9,9,4,9,-0.338642269249
9,9,5,0, 0.295312357187
9,9,5,1, 0.335110129424
9,9,5,4, 0.371307774276
9,9,5,5, 0.775037038942
9,9,5,6, 0.462081934851
9,9,6,0, 0.286653807483
9,9,6,1, 0.387940578128
9,9,6,4, 0.180188391922
9,9,6,5, 0.462081934851
9,9,6,6, 0.491073083906
9,9,7,2, 0.207508347788
9,9,7,7, 0.689508254834
9,9,8,3, 0.207508347788
9,9,8,8, 0.689508254834
9,9,9,0,-0.325177695817
9,9,9,1,-0.121814125983
9,9,9,4,-0.338642269249
9,9,9,9, 0.785718708997
