0,0,0,0, 0.897251802255
0,0,0,1, 0.504699283325
0,0,0,5, 0.562379630940
0,0,0,6, 0.442961881575
0,0,0,9,-0.563406768443
0,0,1,0, 0.504699283325
0,0,1,1, 0.507364877272
0,0,1,5, 0.394120193669
0,0,1,6, 0.460202308720
0,0,1,9,-0.200316104868
0,0,2,2, 0.775037038942
0,0,2,7, 0.463166502633
0,0,3,3, 0.775037038942
0,0,3,8, 0.463166502633
0,0,4,4, 0.775037038942
0,0,4,5, 0.395425778437
0,0,4,6, 0.089806982409
0,0,4,9,-0.011984843796
0,0,5,0, 0.562379630940
0,0,5,1, 0.394120193669
0,0,5,4, 0.395425778437
0,0,5,5, 0.694641670585
0,0,5,6, 0.423005380073
0,0,5,9,-0.169243725288
0,0,6,0, 0.442961881575
0,0,6,1, 0.460202308720
0,0,6,4, 0.089806982409
0,0,6,5, 0.423005380073
0,0,6,6, 0.467402873475
0,0,6,9,-0.123874706694
0,0,7,2, 0.463166502633
0,0,7,7, 0.625394115167
0,0,8,3, 0.463166502633
0,0,8,8, 0.625394115167
0,0,9,0,-0.563406768443
0,0,9,1,-0.200316104868
0,0,9,4,-0.011984843796
0,0,9,5,-0.169243725288
0,0,9,6,-0.123874706694
0,0,9,9, 0.713333340929
0,1,0,0, 0.504699283325
0,1,0,1, 0.300015949963
0,1,0,5, 0.326652327549
0,1,0,6, 0.263774241507
0,1,0,9,-0.306990732254
0,1,1,0, 0.300015949963
0,1,1,1, 0.324022459289
0,1,1,5, 0.242066844282
0,1,1,6, 0.294699061653
0,1,1,9,-0.106671742468
0,1,2,2, 0.462081934851
0,1,2,7, 0.280584898781
0,1,3,3, 0.462081934851
0,1,3,8, 0.280584898781
0,1,4,4, 0.462081934851
0,1,4,5, 0.240169931945
0,1,4,6, 0.056176573038
0,1,4,9, 0.001190467858
0,1,5,0, 0.326652327549
0,1,5,1, 0.242066844282
0,1,5,4, 0.240169931945
0,1,5,5, 0.423005380073
0,1,5,6, 0.262615078009
0,1,5,9,-0.075819088526
0,1,6,0, 0.263774241507
0,1,6,1, 0.294699061653
0,1,6,4, 0.056176573038
0,1,6,5, 0.262615078009
0,1,6,6, 0.301596852583
0,1,6,9,-0.058517173919
0,1,7,2, 0.280584898781
0,1,7,7, 0.393576224403
0,1,8,3, 0.280584898781
0,1,8,8, 0.393576224403
0,1,9,0,-0.306990732254
0,1,9,1,-0.106671742468
0,1,9,4, 0.001190467858
0,1,9,5,-0.075819088526
0,1,9,6,-0.058517173919
0,1,9,9, 0.421318842541
0,2,0,2, 0.152608082603
0,2,0,7, 0.087877588406
0,2,1,2, 0.101353944495
0,2,1,7, 0.067483395519
0,2,2,0, 0.152608082603
0,2,2,1, 0.101353944495
0,2,2,5, 0.093512754338
0,2,2,6, 0.088197904801
0,2,2,9,-0.106264205663
0,2,4,7, 0.059805901459
0,2,5,2, 0.093512754338
0,2,5,7, 0.095024978855
0,2,6,2, 0.088197904801
0,2,6,7, 0.069878035184
0,2,7,0, 0.087877588406
0,2,7,1, 0.067483395519
0,2,7,4, 0.059805901459
0,2,7,5, 0.095024978855
0,2,7,6, 0.069878035184
0,2,7,9,-0.046373894132
0,2,9,2,-0.106264205663
0,2,9,7,-0.046373894132
0,3,0,3, 0.152608082603
0,3,0,8, 0.087877588406
0,3,1,3, 0.101353944495
0,3,1,8, 0.067483395519
0,3,3,0, 0.152608082603
0,3,3,1, 0.101353944495
0,3,3,5, 0.093512754338
0,3,3,6, 0.088197904801
0,3,3,9,-0.106264205663
0,3,4,8, 0.059805901459
0,3,5,3, 0.093512754338
0,3,5,8, 0.095024978855
0,3,6,3, 0.088197904801
0,3,6,8, 0.069878035184
0,3,8,0, 0.087877588406
0,3,8,1, 0.067483395519
0,3,8,4, 0.059805901459
0,3,8,5, 0.095024978855
0,3,8,6, 0.069878035184
0,3,8,9,-0.046373894132
0,3,9,3,-0.106264205663
0,3,9,8,-0.046373894132
0,4,0,4, 0.152608082603
0,4,0,5, 0.074688633936
0,4,0,6, 0.016265698988
0,4,0,9,-0.008176010687
0,4,1,4, 0.101353944495
0,4,1,5, 0.060331651075
0,4,1,6, 0.021800089649
0,4,1,9, 0.013706515101
0,4,2,7, 0.059805901459
0,4,3,8, 0.059805901459
0,4,4,0, 0.152608082603
0,4,4,1, 0.101353944495
0,4,4,5, 0.145901769542
0,4,4,6, 0.090668811339
0,4,4,9,-0.055067731231
0,4,5,0, 0.074688633936
0,4,5,1, 0.060331651075
0,4,5,4, 0.145901769542
0,4,5,5, 0.169243725288
0,4,5,6, 0.075819088526
0,4,5,9, 0.010714775357
0,4,6,0, 0.016265698988
0,4,6,1, 0.021800089649
0,4,6,4, 0.090668811339
0,4,6,5, 0.075819088526
0,4,6,6, 0.042026895933
0,4,6,9, 0.020065816274
0,4,7,2, 0.059805901459
0,4,7,7, 0.135373868347
0,4,8,3, 0.059805901459
0,4,8,8, 0.135373868347
0,4,9,0,-0.008176010687
0,4,9,1, 0.013706515101
0,4,9,4,-0.055067731231
0,4,9,5, 0.010714775357
0,4,9,6, 0.020065816274
0,4,9,9, 0.097503446843
0,5,0,0, 0.562379630940
0,5,0,1, 0.326652327549
0,5,0,4, 0.074688633936
0,5,0,5, 0.401409200240
0,5,0,6, 0.295709476831
0,5,0,9,-0.344917833381
0,5,1,0, 0.326652327549
0,5,1,1, 0.340493627750
0,5,1,4, 0.051825886941
0,5,1,5, 0.295709476831
0,5,1,6, 0.321955036545
0,5,1,9,-0.108282947194
0,5,2,2, 0.497042153705
0,5,2,7, 0.332493881488
0,5,3,3, 0.497042153705
0,5,3,8, 0.332493881488
0,5,4,0, 0.074688633936
0,5,4,1, 0.051825886941
0,5,4,4, 0.519986011259
0,5,4,5, 0.344917833381
0,5,4,6, 0.108282947194
0,5,4,9,-0.021945646209
0,5,5,0, 0.401409200240
0,5,5,1, 0.295709476831
0,5,5,4, 0.344917833381
0,5,5,5, 0.562379630940
0,5,5,6, 0.326652327549
0,5,5,9,-0.074688633936
0,5,6,0, 0.295709476831
0,5,6,1, 0.321955036545
0,5,6,4, 0.108282947194
0,5,6,5, 0.326652327549
0,5,6,6, 0.340493627750
0,5,6,9,-0.051825886941
0,5,7,2, 0.332493881488
0,5,7,7, 0.497042153705
0,5,8,3, 0.332493881488
0,5,8,8, 0.497042153705
0,5,9,0,-0.344917833381
0,5,9,1,-0.108282947194
0,5,9,4,-0.021945646209
0,5,9,5,-0.074688633936
0,5,9,6,-0.051825886941
0,5,9,9, 0.519986011259
0,6,0,0, 0.442961881575
0,6,0,1, 0.263774241507
0,6,0,4, 0.016265698988
0,6,0,5, 0.295709476831
0,6,0,6, 0.234070846076
0,6,0,9,-0.268640386348
0,6,1,0, 0.263774241507
0,6,1,1, 0.285640266991
0,6,1,4, 0.012171342894
0,6,1,5, 0.221381641631
0,6,1,6, 0.263450329304
0,6,1,9,-0.089846913252
0,6,2,2, 0.405807541430
0,6,2,7, 0.254103593582
0,6,3,3, 0.405807541430
0,6,3,8, 0.254103593582
0,6,4,0, 0.016265698988
0,6,4,1, 0.012171342894
0,6,4,4, 0.406880204714
0,6,4,5, 0.228497730446
0,6,4,6, 0.060541737961
0,6,4,9,-0.002164410812
0,6,5,0, 0.295709476831
0,6,5,1, 0.221381641631
0,6,5,4, 0.228497730446
0,6,5,5, 0.394120193669
0,6,5,6, 0.242066844282
0,6,5,9,-0.060331651075
0,6,6,0, 0.234070846076
0,6,6,1, 0.263450329304
0,6,6,4, 0.060541737961
0,6,6,5, 0.242066844282
0,6,6,6, 0.273172546751
0,6,6,9,-0.045829410296
0,6,7,2, 0.254103593582
0,6,7,7, 0.365788916489
0,6,8,3, 0.254103593582
0,6,8,8, 0.365788916489
0,6,9,0,-0.268640386348
0,6,9,1,-0.089846913252
0,6,9,4,-0.002164410812
0,6,9,5,-0.060331651075
0,6,9,6,-0.045829410296
0,6,9,9, 0.385287265437
0,7,0,2, 0.087877588406
0,7,0,7, 0.068703147742
0,7,1,2, 0.060555991948
0,7,1,7, 0.058316988974
0,7,2,0, 0.087877588406
0,7,2,1, 0.060555991948
0,7,2,4, 0.025936190955
0,7,2,5, 0.068038476311
0,7,2,6, 0.056045485288
0,7,2,9,-0.060946430448
0,7,4,2, 0.025936190955
0,7,4,7, 0.065334728837
0,7,5,2, 0.068038476311
0,7,5,7, 0.093512754338
0,7,6,2, 0.056045485288
0,7,6,7, 0.064022264832
0,7,7,0, 0.068703147742
0,7,7,1, 0.058316988974
0,7,7,4, 0.065334728837
0,7,7,5, 0.093512754338
0,7,7,6, 0.064022264832
0,7,7,9,-0.021072723301
0,7,9,2,-0.060946430448
0,7,9,7,-0.021072723301
0,8,0,3, 0.087877588406
0,8,0,8, 0.068703147742
0,8,1,3, 0.060555991948
0,8,1,8, 0.058316988974
0,8,3,0, 0.087877588406
0,8,3,1, 0.060555991948
0,8,3,4, 0.025936190955
0,8,3,5, 0.068038476311
0,8,3,6, 0.056045485288
0,8,3,9,-0.060946430448
0,8,4,3, 0.025936190955
0,8,4,8, 0.065334728837
0,8,5,3, 0.068038476311
0,8,5,8, 0.093512754338
0,8,6,3, 0.056045485288
0,8,6,8, 0.064022264832
0,8,8,0, 0.068703147742
0,8,8,1, 0.058316988974
0,8,8,4, 0.065334728837
0,8,8,5, 0.093512754338
0,8,8,6, 0.064022264832
0,8,8,9,-0.021072723301
0,8,9,3,-0.060946430448
0,8,9,8,-0.021072723301
0,9,0,0,-0.563406768443
0,9,0,1,-0.306990732254
0,9,0,4,-0.008176010687
0,9,0,5,-0.344917833381
0,9,0,6,-0.268640386348
0,9,0,9, 0.370161441207
0,9,1,0,-0.306990732254
0,9,1,1,-0.293452189703
0,9,1,4,-0.001296317006
0,9,1,5,-0.228497730446
0,9,1,6,-0.263061356474
0,9,1,9, 0.142152545313
0,9,2,2,-0.479809966274
0,9,2,7,-0.282138829111
0,9,3,3,-0.479809966274
0,9,3,8,-0.282138829111
0,9,4,0,-0.008176010687
0,9,4,1,-0.001296317006
0,9,4,4,-0.458060508077
0,9,4,5,-0.229769342868
0,9,4,6,-0.051630700756
0,9,4,9, 0.030003046531
0,9,5,0,-0.344917833381
0,9,5,1,-0.228497730446
0,9,5,4,-0.229769342868
0,9,5,5,-0.395425778437
0,9,5,6,-0.240169931945
0,9,5,9, 0.145901769542
0,9,6,0,-0.268640386348
0,9,6,1,-0.263061356474
0,9,6,4,-0.051630700756
0,9,6,5,-0.240169931945
0,9,6,6,-0.261995929182
0,9,6,9, 0.101785982567
0,9,7,2,-0.282138829111
0,9,7,7,-0.353891911171
0,9,8,3,-0.282138829111
0,9,8,8,-0.353891911171
0,9,9,0, 0.370161441207
0,9,9,1, 0.142152545313
0,9,9,4, 0.030003046531
0,9,9,5, 0.145901769542
0,9,9,6, 0.101785982567
0,9,9,9,-0.414448700333
1,0,0,0, 0.504699283325
1,0,0,1, 0.300015949963
1,0,0,5, 0.326652327549
1,0,0,6, 0.263774241507
1,0,0,9,-0.306990732254
1,0,1,0, 0.300015949963
1,0,1,1, 0.324022459289
1,0,1,5, 0.242066844282
1,0,1,6, 0.294699061653
1,0,1,9,-0.106671742468
1,0,2,2, 0.462081934851
1,0,2,7, 0.280584898781
1,0,3,3, 0.462081934851
1,0,3,8, 0.280584898781
1,0,4,4, 0.462081934851
1,0,4,5, 0.240169931945
1,0,4,6, 0.056176573038
1,0,4,9, 0.001190467858
1,0,5,0, 0.326652327549
1,0,5,1, 0.242066844282
1,0,5,4, 0.240169931945
1,0,5,5, 0.423005380073
1,0,5,6, 0.262615078009
1,0,5,9,-0.075819088526
1,0,6,0, 0.263774241507
1,0,6,1, 0.294699061653
1,0,6,4, 0.056176573038
1,0,6,5, 0.262615078009
1,0,6,6, 0.301596852583
1,0,6,9,-0.058517173919
1,0,7,2, 0.280584898781
1,0,7,7, 0.393576224403
1,0,8,3, 0.280584898781
1,0,8,8, 0.393576224403
1,0,9,0,-0.306990732254
1,0,9,1,-0.106671742468
1,0,9,4, 0.001190467858
1,0,9,5,-0.075819088526
1,0,9,6,-0.058517173919
1,0,9,9, 0.421318842541
1,1,0,0, 0.507364877272
1,1,0,1, 0.324022459289
1,1,0,5, 0.340493627750
1,1,0,6, 0.285640266991
1,1,0,9,-0.293452189703
1,1,1,0, 0.324022459289
1,1,1,1, 0.394125899248
1,1,1,5, 0.273172546751
1,1,1,6, 0.360489860631
1,1,1,9,-0.093443948516
1,1,2,2, 0.491073083906
1,1,2,7, 0.304856374487
1,1,3,3, 0.491073083906
1,1,3,8, 0.304856374487
1,1,4,4, 0.491073083906
1,1,4,5, 0.261995929182
1,1,4,6, 0.064225216547
1,1,4,9, 0.014286210975
1,1,5,0, 0.340493627750
1,1,5,1, 0.273172546751
1,1,5,4, 0.261995929182
1,1,5,5, 0.467402873475
1,1,5,6, 0.301596852583
1,1,5,9,-0.042026895933
1,1,6,0, 0.285640266991
1,1,6,1, 0.360489860631
1,1,6,4, 0.064225216547
1,1,6,5, 0.301596852583
1,1,6,6, 0.374911039674
1,1,6,9,-0.035641643262
1,1,7,2, 0.304856374487
1,1,7,7, 0.452890258692
1,1,8,3, 0.304856374487
1,1,8,8, 0.452890258692
1,1,9,0,-0.293452189703
1,1,9,1,-0.093443948516
1,1,9,4, 0.014286210975
1,1,9,5,-0.042026895933
1,1,9,6,-0.035641643262
1,1,9,9, 0.459343980827
1,2,0,2, 0.101353944495
1,2,0,7, 0.060555991948
1,2,1,2, 0.072461555243
1,2,1,7, 0.050553010152
1,2,2,0, 0.101353944495
1,2,2,1, 0.072461555243
1,2,2,5, 0.064022264832
1,2,2,6, 0.063143966569
1,2,2,9,-0.068098137010
1,2,4,7, 0.043821613245
1,2,5,2, 0.064022264832
1,2,5,7, 0.069878035184
1,2,6,2, 0.063143966569
1,2,6,7, 0.053166040579
1,2,7,0, 0.060555991948
1,2,7,1, 0.050553010152
1,2,7,4, 0.043821613245
1,2,7,5, 0.069878035184
1,2,7,6, 0.053166040579
1,2,7,9,-0.026983857494
1,2,9,2,-0.068098137010
1,2,9,7,-0.026983857494
1,3,0,3, 0.101353944495
1,3,0,8, 0.060555991948
1,3,1,3, 0.072461555243
1,3,1,8, 0.050553010152
1,3,3,0, 0.101353944495
1,3,3,1, 0.072461555243
1,3,3,5, 0.064022264832
1,3,3,6, 0.063143966569
1,3,3,9,-0.068098137010
1,3,4,8, 0.043821613245
1,3,5,3, 0.064022264832
1,3,5,8, 0.069878035184
1,3,6,3, 0.063143966569
1,3,6,8, 0.053166040579
1,3,8,0, 0.060555991948
1,3,8,1, 0.050553010152
1,3,8,4, 0.043821613245
1,3,8,5, 0.069878035184
1,3,8,6, 0.053166040579
1,3,8,9,-0.026983857494
1,3,9,3,-0.068098137010
1,3,9,8,-0.026983857494
1,4,0,4, 0.101353944495
1,4,0,5, 0.051825886941
1,4,0,6, 0.012171342894
1,4,0,9,-0.001296317006
1,4,1,4, 0.072461555243
1,4,1,5, 0.045829410296
1,4,1,6, 0.018338546711
1,4,1,9, 0.014690770719
1,4,2,7, 0.043821613245
1,4,3,8, 0.043821613245
1,4,4,0, 0.101353944495
1,4,4,1, 0.072461555243
1,4,4,5, 0.101785982567
1,4,4,6, 0.065089066221
1,4,4,9,-0.028604139937
1,4,5,0, 0.051825886941
1,4,5,1, 0.045829410296
1,4,5,4, 0.101785982567
1,4,5,5, 0.123874706694
1,4,5,6, 0.058517173919
1,4,5,9, 0.020065816274
1,4,6,0, 0.012171342894
1,4,6,1, 0.018338546711
1,4,6,4, 0.065089066221
1,4,6,5, 0.058517173919
1,4,6,6, 0.035641643262
1,4,6,9, 0.021303047677
1,4,7,2, 0.043821613245
1,4,7,7, 0.105436497621
1,4,8,3, 0.043821613245
1,4,8,8, 0.105436497621
1,4,9,0,-0.001296317006
1,4,9,1, 0.014690770719
1,4,9,4,-0.028604139937
1,4,9,5, 0.020065816274
1,4,9,6, 0.021303047677
1,4,9,9, 0.076224705753
1,5,0,0, 0.394120193669
1,5,0,1, 0.242066844282
1,5,0,4, 0.060331651075
1,5,0,5, 0.295709476831
1,5,0,6, 0.221381641631
1,5,0,9,-0.228497730446
1,5,1,0, 0.242066844282
1,5,1,1, 0.273172546751
1,5,1,4, 0.045829410296
1,5,1,5, 0.234070846076
1,5,1,6, 0.263450329304
1,5,1,9,-0.060541737961
1,5,2,2, 0.365788916489
1,5,2,7, 0.254103593582
1,5,3,3, 0.365788916489
1,5,3,8, 0.254103593582
1,5,4,0, 0.060331651075
1,5,4,1, 0.045829410296
1,5,4,4, 0.385287265437
1,5,4,5, 0.268640386348
1,5,4,6, 0.089846913252
1,5,4,9,-0.002164410812
1,5,5,0, 0.295709476831
1,5,5,1, 0.234070846076
1,5,5,4, 0.268640386348
1,5,5,5, 0.442961881575
1,5,5,6, 0.263774241507
1,5,5,9,-0.016265698988
1,5,6,0, 0.221381641631
1,5,6,1, 0.263450329304
1,5,6,4, 0.089846913252
1,5,6,5, 0.263774241507
1,5,6,6, 0.285640266991
1,5,6,9,-0.012171342894
1,5,7,2, 0.254103593582
1,5,7,7, 0.405807541430
1,5,8,3, 0.254103593582
1,5,8,8, 0.405807541430
1,5,9,0,-0.228497730446
1,5,9,1,-0.060541737961
1,5,9,4,-0.002164410812
1,5,9,5,-0.016265698988
1,5,9,6,-0.012171342894
1,5,9,9, 0.406880204714
1,6,0,0, 0.460202308720
1,6,0,1, 0.294699061653
1,6,0,4, 0.021800089649
1,6,0,5, 0.321955036545
1,6,0,6, 0.263450329304
1,6,0,9,-0.263061356474
1,6,1,0, 0.294699061653
1,6,1,1, 0.360489860631
1,6,1,4, 0.018338546711
1,6,1,5, 0.263450329304
1,6,1,6, 0.338198702339
1,6,1,9,-0.075398747439
1,6,2,2, 0.445544336346
1,6,2,7, 0.288328415998
1,6,3,3, 0.445544336346
1,6,3,8, 0.288328415998
1,6,4,0, 0.021800089649
1,6,4,1, 0.018338546711
1,6,4,4, 0.447261663798
1,6,4,5, 0.263061356474
1,6,4,6, 0.075398747439
1,6,4,9, 0.012159303492
1,6,5,0, 0.321955036545
1,6,5,1, 0.263450329304
1,6,5,4, 0.263061356474
1,6,5,5, 0.460202308720
1,6,5,6, 0.294699061653
1,6,5,9,-0.021800089649
1,6,6,0, 0.263450329304
1,6,6,1, 0.338198702339
1,6,6,4, 0.075398747439
1,6,6,5, 0.294699061653
1,6,6,6, 0.360489860631
1,6,6,9,-0.018338546711
1,6,7,2, 0.288328415998
1,6,7,7, 0.445544336346
1,6,8,3, 0.288328415998
1,6,8,8, 0.445544336346
1,6,9,0,-0.263061356474
1,6,9,1,-0.075398747439
1,6,9,4, 0.012159303492
1,6,9,5,-0.021800089649
1,6,9,6,-0.018338546711
1,6,9,9, 0.447261663798
1,7,0,2, 0.067483395519
1,7,0,7, 0.058316988974
1,7,1,2, 0.050553010152
1,7,1,7, 0.055754875329
1,7,2,0, 0.067483395519
1,7,2,1, 0.050553010152
1,7,2,4, 0.022924794513
1,7,2,5, 0.056045485288
1,7,2,6, 0.047524714702
1,7,2,9,-0.043502286461
1,7,4,2, 0.022924794513
1,7,4,7, 0.059593123871
1,7,5,2, 0.056045485288
1,7,5,7, 0.088197904801
1,7,6,2, 0.047524714702
1,7,6,7, 0.063143966569
1,7,7,0, 0.058316988974
1,7,7,1, 0.055754875329
1,7,7,4, 0.059593123871
1,7,7,5, 0.088197904801
1,7,7,6, 0.063143966569
1,7,7,9,-0.005386570627
1,7,9,2,-0.043502286461
1,7,9,7,-0.005386570627
1,8,0,3, 0.067483395519
1,8,0,8, 0.058316988974
1,8,1,3, 0.050553010152
1,8,1,8, 0.055754875329
1,8,3,0, 0.067483395519
1,8,3,1, 0.050553010152
1,8,3,4, 0.022924794513
1,8,3,5, 0.056045485288
1,8,3,6, 0.047524714702
1,8,3,9,-0.043502286461
1,8,4,3, 0.022924794513
1,8,4,8, 0.059593123871
1,8,5,3, 0.056045485288
1,8,5,8, 0.088197904801
1,8,6,3, 0.047524714702
1,8,6,8, 0.063143966569
1,8,8,0, 0.058316988974
1,8,8,1, 0.055754875329
1,8,8,4, 0.059593123871
1,8,8,5, 0.088197904801
1,8,8,6, 0.063143966569
1,8,8,9,-0.005386570627
1,8,9,3,-0.043502286461
1,8,9,8,-0.005386570627
1,9,0,0,-0.200316104868
1,9,0,1,-0.106671742468
1,9,0,4, 0.013706515101
1,9,0,5,-0.108282947194
1,9,0,6,-0.089846913252
1,9,0,9, 0.142152545313
1,9,1,0,-0.106671742468
1,9,1,1,-0.093443948516
1,9,1,4, 0.014690770719
1,9,1,5,-0.060541737961
1,9,1,6,-0.075398747439
1,9,1,9, 0.070468243809
1,9,2,2,-0.176458430224
1,9,2,7,-0.092058230699
1,9,3,3,-0.176458430224
1,9,3,8,-0.092058230699
1,9,4,0, 0.013706515101
1,9,4,1, 0.014690770719
1,9,4,4,-0.152239048619
1,9,4,5,-0.051630700756
1,9,4,6,-0.001633633472
1,9,4,9, 0.021357598331
1,9,5,0,-0.108282947194
1,9,5,1,-0.060541737961
1,9,5,4,-0.051630700756
1,9,5,5,-0.089806982409
1,9,5,6,-0.056176573038
1,9,5,9, 0.090668811339
1,9,6,0,-0.089846913252
1,9,6,1,-0.075398747439
1,9,6,4,-0.001633633472
1,9,6,5,-0.056176573038
1,9,6,6,-0.064225216547
1,9,6,9, 0.065089066221
1,9,7,2,-0.092058230699
1,9,7,7,-0.083084229585
1,9,8,3,-0.092058230699
1,9,8,8,-0.083084229585
1,9,9,0, 0.142152545313
1,9,9,1, 0.070468243809
1,9,9,4, 0.021357598331
1,9,9,5, 0.090668811339
1,9,9,6, 0.065089066221
1,9,9,9,-0.093987539194
2,0,0,2, 0.152608082603
2,0,0,7, 0.087877588406
2,0,1,2, 0.101353944495
2,0,1,7, 0.067483395519
2,0,2,0, 0.152608082603
2,0,2,1, 0.101353944495
2,0,2,5, 0.093512754338
2,0,2,6, 0.088197904801
2,0,2,9,-0.106264205663
2,0,4,7, 0.059805901459
2,0,5,2, 0.093512754338
2,0,5,7, 0.095024978855
2,0,6,2, 0.088197904801
2,0,6,7, 0.069878035184
2,0,7,0, 0.087877588406
2,0,7,1, 0.067483395519
2,0,7,4, 0.059805901459
2,0,7,5, 0.095024978855
2,0,7,6, 0.069878035184
2,0,7,9,-0.046373894132
2,0,9,2,-0.106264205663
2,0,9,7,-0.046373894132
2,1,0,2, 0.101353944495
2,1,0,7, 0.060555991948
2,1,1,2, 0.072461555243
2,1,1,7, 0.050553010152
2,1,2,0, 0.101353944495
2,1,2,1, 0.072461555243
2,1,2,5, 0.064022264832
2,1,2,6, 0.063143966569
2,1,2,9,-0.068098137010
2,1,4,7, 0.043821613245
2,1,5,2, 0.064022264832
2,1,5,7, 0.069878035184
2,1,6,2, 0.063143966569
2,1,6,7, 0.053166040579
2,1,7,0, 0.060555991948
2,1,7,1, 0.050553010152
2,1,7,4, 0.043821613245
2,1,7,5, 0.069878035184
2,1,7,6, 0.053166040579
2,1,7,9,-0.026983857494
2,1,9,2,-0.068098137010
2,1,9,7,-0.026983857494
2,2,0,0, 0.775037038942
2,2,0,1, 0.462081934851
2,2,0,5, 0.497042153705
2,2,0,6, 0.405807541430
2,2,0,9,-0.479809966274
2,2,1,0, 0.462081934851
2,2,1,1, 0.491073083906
2,2,1,5, 0.365788916489
2,2,1,6, 0.445544336346
2,2,1,9,-0.176458430224
2,2,2,2, 0.785718708997
2,2,2,7, 0.466690086701
2,2,3,3, 0.689508254834
2,2,3,8, 0.414811393874
2,2,4,4, 0.689508254834
2,2,4,5, 0.353891911171
2,2,4,6, 0.083084229585
2,2,4,9,-0.005469906549
2,2,5,0, 0.497042153705
2,2,5,1, 0.365788916489
2,2,5,4, 0.353891911171
2,2,5,5, 0.625394115167
2,2,5,6, 0.393576224403
2,2,5,9,-0.135373868347
2,2,6,0, 0.405807541430
2,2,6,1, 0.445544336346
2,2,6,4, 0.083084229585
2,2,6,5, 0.393576224403
2,2,6,6, 0.452890258692
2,2,6,9,-0.105436497621
2,2,7,2, 0.466690086701
2,2,7,7, 0.620648280586
2,2,8,3, 0.414811393874
2,2,8,8, 0.569492421335
2,2,9,0,-0.479809966274
2,2,9,1,-0.176458430224
2,2,9,4,-0.005469906549
2,2,9,5,-0.135373868347
2,2,9,6,-0.105436497621
2,2,9,9, 0.631534923732
2,3,2,3, 0.048105227081
2,3,2,8, 0.025939346413
2,3,3,2, 0.048105227081
2,3,3,7, 0.025939346413
2,3,7,3, 0.025939346413
2,3,7,8, 0.025577929626
2,3,8,2, 0.025939346413
2,3,8,7, 0.025577929626
2,4,0,7, 0.025936190955
2,4,1,7, 0.022924794513
2,4,2,4, 0.048105227081
2,4,2,5, 0.021072723301
2,4,2,6, 0.005386570627
2,4,2,9,-0.006039898526
2,4,4,2, 0.048105227081
2,4,4,7, 0.041270813143
2,4,5,2, 0.021072723301
2,4,5,7, 0.046373894132
2,4,6,2, 0.005386570627
2,4,6,7, 0.026983857494
2,4,7,0, 0.025936190955
2,4,7,1, 0.022924794513
2,4,7,4, 0.041270813143
2,4,7,5, 0.046373894132
2,4,7,6, 0.026983857494
2,4,7,9,-0.005682616892
2,4,9,2,-0.006039898526
2,4,9,7,-0.005682616892
2,5,0,2, 0.093512754338
2,5,0,7, 0.068038476311
2,5,1,2, 0.064022264832
2,5,1,7, 0.056045485288
2,5,2,0, 0.093512754338
2,5,2,1, 0.064022264832
2,5,2,4, 0.021072723301
2,5,2,5, 0.068703147742
2,5,2,6, 0.058316988974
2,5,2,9,-0.065334728837
2,5,4,2, 0.021072723301
2,5,4,7, 0.060946430448
2,5,5,2, 0.068703147742
2,5,5,7, 0.087877588406
2,5,6,2, 0.058316988974
2,5,6,7, 0.060555991948
2,5,7,0, 0.068038476311
2,5,7,1, 0.056045485288
2,5,7,4, 0.060946430448
2,5,7,5, 0.087877588406
2,5,7,6, 0.060555991948
2,5,7,9,-0.025936190955
2,5,9,2,-0.065334728837
2,5,9,7,-0.025936190955
2,6,0,2, 0.088197904801
2,6,0,7, 0.056045485288
2,6,1,2, 0.063143966569
2,6,1,7, 0.047524714702
2,6,2,0, 0.088197904801
2,6,2,1, 0.063143966569
2,6,2,4, 0.005386570627
2,6,2,5, 0.058316988974
2,6,2,6, 0.055754875329
2,6,2,9,-0.059593123871
2,6,4,2, 0.005386570627
2,6,4,7, 0.043502286461
2,6,5,2, 0.058316988974
2,6,5,7, 0.067483395519
2,6,6,2, 0.055754875329
2,6,6,7, 0.050553010152
2,6,7,0, 0.056045485288
2,6,7,1, 0.047524714702
2,6,7,4, 0.043502286461
2,6,7,5, 0.067483395519
2,6,7,6, 0.050553010152
2,6,7,9,-0.022924794513
2,6,9,2,-0.059593123871
2,6,9,7,-0.022924794513
2,7,0,0, 0.463166502633
2,7,0,1, 0.280584898781
2,7,0,4, 0.059805901459
2,7,0,5, 0.332493881488
2,7,0,6, 0.254103593582
2,7,0,9,-0.282138829111
2,7,1,0, 0.280584898781
2,7,1,1, 0.304856374487
2,7,1,4, 0.043821613245
2,7,1,5, 0.254103593582
2,7,1,6, 0.288328415998
2,7,1,9,-0.092058230699
2,7,2,2, 0.466690086701
2,7,2,7, 0.315655065266
2,7,3,3, 0.414811393874
2,7,3,8, 0.277003424621
2,7,4,0, 0.059805901459
2,7,4,1, 0.043821613245
2,7,4,4, 0.430142860603
2,7,4,5, 0.282138829111
2,7,4,6, 0.092058230699
2,7,4,9,-0.016732552913
2,7,5,0, 0.332493881488
2,7,5,1, 0.254103593582
2,7,5,4, 0.282138829111
2,7,5,5, 0.463166502633
2,7,5,6, 0.280584898781
2,7,5,9,-0.059805901459
2,7,6,0, 0.254103593582
2,7,6,1, 0.288328415998
2,7,6,4, 0.092058230699
2,7,6,5, 0.280584898781
2,7,6,6, 0.304856374487
2,7,6,9,-0.043821613245
2,7,7,2, 0.315655065266
2,7,7,7, 0.466690086701
2,7,8,3, 0.277003424621
2,7,8,8, 0.414811393874
2,7,9,0,-0.282138829111
2,7,9,1,-0.092058230699
2,7,9,4,-0.016732552913
2,7,9,5,-0.059805901459
2,7,9,6,-0.043821613245
2,7,9,9, 0.430142860603
2,8,2,3, 0.025939346413
2,8,2,8, 0.019325820322
2,8,3,2, 0.025939346413
2,8,3,7, 0.019325820322
2,8,7,3, 0.019325820322
2,8,7,8, 0.025939346413
2,8,8,2, 0.019325820322
2,8,8,7, 0.025939346413
2,9,0,2,-0.106264205663
2,9,0,7,-0.060946430448
2,9,1,2,-0.068098137010
2,9,1,7,-0.043502286461
2,9,2,0,-0.106264205663
2,9,2,1,-0.068098137010
2,9,2,4,-0.006039898526
2,9,2,5,-0.065334728837
2,9,2,6,-0.059593123871
2,9,2,9, 0.078073015829
2,9,4,2,-0.006039898526
2,9,4,7,-0.039421375184
2,9,5,2,-0.065334728837
2,9,5,7,-0.059805901459
2,9,6,2,-0.059593123871
2,9,6,7,-0.043821613245
2,9,7,0,-0.060946430448
2,9,7,1,-0.043502286461
2,9,7,4,-0.039421375184
2,9,7,5,-0.059805901459
2,9,7,6,-0.043821613245
2,9,7,9, 0.041270813143
2,9,9,2, 0.078073015829
2,9,9,7, 0.041270813143
3,0,0,3, 0.152608082603
3,0,0,8, 0.087877588406
3,0,1,3, 0.101353944495
3,0,1,8, 0.067483395519
3,0,3,0, 0.152608082603
3,0,3,1, 0.101353944495
3,0,3,5, 0.093512754338
3,0,3,6, 0.088197904801
3,0,3,9,-0.106264205663
3,0,4,8, 0.059805901459
3,0,5,3, 0.093512754338
3,0,5,8, 0.095024978855
3,0,6,3, 0.088197904801
3,0,6,8, 0.069878035184
3,0,8,0, 0.087877588406
3,0,8,1, 0.067483395519
3,0,8,4, 0.059805901459
3,0,8,5, 0.095024978855
3,0,8,6, 0.069878035184
3,0,8,9,-0.046373894132
3,0,9,3,-0.106264205663
3,0,9,8,-0.046373894132
3,1,0,3, 0.101353944495
3,1,0,8, 0.060555991948
3,1,1,3, 0.072461555243
3,1,1,8, 0.050553010152
3,1,3,0, 0.101353944495
3,1,3,1, 0.072461555243
3,1,3,5, 0.064022264832
3,1,3,6, 0.063143966569
3,1,3,9,-0.068098137010
3,1,4,8, 0.043821613245
3,1,5,3, 0.064022264832
3,1,5,8, 0.069878035184
3,1,6,3, 0.063143966569
3,1,6,8, 0.053166040579
3,1,8,0, 0.060555991948
3,1,8,1, 0.050553010152
3,1,8,4, 0.043821613245
3,1,8,5, 0.069878035184
3,1,8,6, 0.053166040579
3,1,8,9,-0.026983857494
3,1,9,3,-0.068098137010
3,1,9,8,-0.026983857494
3,2,2,3, 0.048105227081
3,2,2,8, 0.025939346413
3,2,3,2, 0.048105227081
3,2,3,7, 0.025939346413
3,2,7,3, 0.025939346413
3,2,7,8, 0.025577929626
3,2,8,2, 0.025939346413
3,2,8,7, 0.025577929626
3,3,0,0, 0.775037038942
3,3,0,1, 0.462081934851
3,3,0,5, 0.497042153705
3,3,0,6, 0.405807541430
3,3,0,9,-0.479809966274
3,3,1,0, 0.462081934851
3,3,1,1, 0.491073083906
3,3,1,5, 0.365788916489
3,3,1,6, 0.445544336346
3,3,1,9,-0.176458430224
3,3,2,2, 0.689508254834
3,3,2,7, 0.414811393874
3,3,3,3, 0.785718708997
3,3,3,8, 0.466690086701
3,3,4,4, 0.689508254834
3,3,4,5, 0.353891911171
3,3,4,6, 0.083084229585
3,3,4,9,-0.005469906549
3,3,5,0, 0.497042153705
3,3,5,1, 0.365788916489
3,3,5,4, 0.353891911171
3,3,5,5, 0.625394115167
3,3,5,6, 0.393576224403
3,3,5,9,-0.135373868347
3,3,6,0, 0.405807541430
3,3,6,1, 0.445544336346
3,3,6,4, 0.083084229585
3,3,6,5, 0.393576224403
3,3,6,6, 0.452890258692
3,3,6,9,-0.105436497621
3,3,7,2, 0.414811393874
3,3,7,7, 0.569492421335
3,3,8,3, 0.466690086701
3,3,8,8, 0.620648280586
3,3,9,0,-0.479809966274
3,3,9,1,-0.176458430224
3,3,9,4,-0.005469906549
3,3,9,5,-0.135373868347
3,3,9,6,-0.105436497621
3,3,9,9, 0.631534923732
3,4,0,8, 0.025936190955
3,4,1,8, 0.022924794513
3,4,3,4, 0.048105227081
3,4,3,5, 0.021072723301
3,4,3,6, 0.005386570627
3,4,3,9,-0.006039898526
3,4,4,3, 0.048105227081
3,4,4,8, 0.041270813143
3,4,5,3, 0.021072723301
3,4,5,8, 0.046373894132
3,4,6,3, 0.005386570627
3,4,6,8, 0.026983857494
3,4,8,0, 0.025936190955
3,4,8,1, 0.022924794513
3,4,8,4, 0.041270813143
3,4,8,5, 0.046373894132
3,4,8,6, 0.026983857494
3,4,8,9,-0.005682616892
3,4,9,3,-0.006039898526
3,4,9,8,-0.005682616892
3,5,0,3, 0.093512754338
3,5,0,8, 0.068038476311
3,5,1,3, 0.064022264832
3,5,1,8, 0.056045485288
3,5,3,0, 0.093512754338
3,5,3,1, 0.064022264832
3,5,3,4, 0.021072723301
3,5,3,5, 0.068703147742
3,5,3,6, 0.058316988974
3,5,3,9,-0.065334728837
3,5,4,3, 0.021072723301
3,5,4,8, 0.060946430448
3,5,5,3, 0.068703147742
3,5,5,8, 0.087877588406
3,5,6,3, 0.058316988974
3,5,6,8, 0.060555991948
3,5,8,0, 0.068038476311
3,5,8,1, 0.056045485288
3,5,8,4, 0.060946430448
3,5,8,5, 0.087877588406
3,5,8,6, 0.060555991948
3,5,8,9,-0.025936190955
3,5,9,3,-0.065334728837
3,5,9,8,-0.025936190955
3,6,0,3, 0.088197904801
3,6,0,8, 0.056045485288
3,6,1,3, 0.063143966569
3,6,1,8, 0.047524714702
3,6,3,0, 0.088197904801
3,6,3,1, 0.063143966569
3,6,3,4, 0.005386570627
3,6,3,5, 0.058316988974
3,6,3,6, 0.055754875329
3,6,3,9,-0.059593123871
3,6,4,3, 0.005386570627
3,6,4,8, 0.043502286461
3,6,5,3, 0.058316988974
3,6,5,8, 0.067483395519
3,6,6,3, 0.055754875329
3,6,6,8, 0.050553010152
3,6,8,0, 0.056045485288
3,6,8,1, 0.047524714702
3,6,8,4, 0.043502286461
3,6,8,5, 0.067483395519
3,6,8,6, 0.050553010152
3,6,8,9,-0.022924794513
3,6,9,3,-0.059593123871
3,6,9,8,-0.022924794513
3,7,2,3, 0.025939346413
3,7,2,8, 0.019325820322
3,7,3,2, 0.025939346413
3,7,3,7, 0.019325820322
3,7,7,3, 0.019325820322
3,7,7,8, 0.025939346413
3,7,8,2, 0.019325820322
3,7,8,7, 0.025939346413
3,8,0,0, 0.463166502633
3,8,0,1, 0.280584898781
3,8,0,4, 0.059805901459
3,8,0,5, 0.332493881488
3,8,0,6, 0.254103593582
3,8,0,9,-0.282138829111
3,8,1,0, 0.280584898781
3,8,1,1, 0.304856374487
3,8,1,4, 0.043821613245
3,8,1,5, 0.254103593582
3,8,1,6, 0.288328415998
3,8,1,9,-0.092058230699
3,8,2,2, 0.414811393874
3,8,2,7, 0.277003424621
3,8,3,3, 0.466690086701
3,8,3,8, 0.315655065266
3,8,4,0, 0.059805901459
3,8,4,1, 0.043821613245
3,8,4,4, 0.430142860603
3,8,4,5, 0.282138829111
3,8,4,6, 0.092058230699
3,8,4,9,-0.016732552913
3,8,5,0, 0.332493881488
3,8,5,1, 0.254103593582
3,8,5,4, 0.282138829111
3,8,5,5, 0.463166502633
3,8,5,6, 0.280584898781
3,8,5,9,-0.059805901459
3,8,6,0, 0.254103593582
3,8,6,1, 0.288328415998
3,8,6,4, 0.092058230699
3,8,6,5, 0.280584898781
3,8,6,6, 0.304856374487
3,8,6,9,-0.043821613245
3,8,7,2, 0.277003424621
3,8,7,7, 0.414811393874
3,8,8,3, 0.315655065266
3,8,8,8, 0.466690086701
3,8,9,0,-0.282138829111
3,8,9,1,-0.092058230699
3,8,9,4,-0.016732552913
3,8,9,5,-0.059805901459
3,8,9,6,-0.043821613245
3,8,9,9, 0.430142860603
3,9,0,3,-0.106264205663
3,9,0,8,-0.060946430448
3,9,1,3,-0.068098137010
3,9,1,8,-0.043502286461
3,9,3,0,-0.106264205663
3,9,3,1,-0.068098137010
3,9,3,4,-0.006039898526
3,9,3,5,-0.065334728837
3,9,3,6,-0.059593123871
3,9,3,9, 0.078073015829
3,9,4,3,-0.006039898526
3,9,4,8,-0.039421375184
3,9,5,3,-0.065334728837
3,9,5,8,-0.059805901459
3,9,6,3,-0.059593123871
3,9,6,8,-0.043821613245
3,9,8,0,-0.060946430448
3,9,8,1,-0.043502286461
3,9,8,4,-0.039421375184
3,9,8,5,-0.059805901459
3,9,8,6,-0.043821613245
3,9,8,9, 0.041270813143
3,9,9,3, 0.078073015829
3,9,9,8, 0.041270813143
4,0,0,4, 0.152608082603
4,0,0,5, 0.074688633936
4,0,0,6, 0.016265698988
4,0,0,9,-0.008176010687
4,0,1,4, 0.101353944495
4,0,1,5, 0.060331651075
4,0,1,6, 0.021800089649
4,0,1,9, 0.013706515101
4,0,2,7, 0.059805901459
4,0,3,8, 0.059805901459
4,0,4,0, 0.152608082603
4,0,4,1, 0.101353944495
4,0,4,5, 0.145901769542
4,0,4,6, 0.090668811339
4,0,4,9,-0.055067731231
4,0,5,0, 0.074688633936
4,0,5,1, 0.060331651075
4,0,5,4, 0.145901769542
4,0,5,5, 0.169243725288
4,0,5,6, 0.075819088526
4,0,5,9, 0.010714775357
4,0,6,0, 0.016265698988
4,0,6,1, 0.021800089649
4,0,6,4, 0.090668811339
4,0,6,5, 0.075819088526
4,0,6,6, 0.042026895933
4,0,6,9, 0.020065816274
4,0,7,2, 0.059805901459
4,0,7,7, 0.135373868347
4,0,8,3, 0.059805901459
4,0,8,8, 0.135373868347
4,0,9,0,-0.008176010687
4,0,9,1, 0.013706515101
4,0,9,4,-0.055067731231
4,0,9,5, 0.010714775357
4,0,9,6, 0.020065816274
4,0,9,9, 0.097503446843
4,1,0,4, 0.101353944495
4,1,0,5, 0.051825886941
4,1,0,6, 0.012171342894
4,1,0,9,-0.001296317006
4,1,1,4, 0.072461555243
4,1,1,5, 0.045829410296
4,1,1,6, 0.018338546711
4,1,1,9, 0.014690770719
4,1,2,7, 0.043821613245
4,1,3,8, 0.043821613245
4,1,4,0, 0.101353944495
4,1,4,1, 0.072461555243
4,1,4,5, 0.101785982567
4,1,4,6, 0.065089066221
4,1,4,9,-0.028604139937
4,1,5,0, 0.051825886941
4,1,5,1, 0.045829410296
4,1,5,4, 0.101785982567
4,1,5,5, 0.123874706694
4,1,5,6, 0.058517173919
4,1,5,9, 0.020065816274
4,1,6,0, 0.012171342894
4,1,6,1, 0.018338546711
4,1,6,4, 0.065089066221
4,1,6,5, 0.058517173919
4,1,6,6, 0.035641643262
4,1,6,9, 0.021303047677
4,1,7,2, 0.043821613245
4,1,7,7, 0.105436497621
4,1,8,3, 0.043821613245
4,1,8,8, 0.105436497621
4,1,9,0,-0.001296317006
4,1,9,1, 0.014690770719
4,1,9,4,-0.028604139937
4,1,9,5, 0.020065816274
4,1,9,6, 0.021303047677
4,1,9,9, 0.076224705753
4,2,0,7, 0.025936190955
4,2,1,7, 0.022924794513
4,2,2,4, 0.048105227081
4,2,2,5, 0.021072723301
4,2,2,6, 0.005386570627
4,2,2,9,-0.006039898526
4,2,4,2, 0.048105227081
4,2,4,7, 0.041270813143
4,2,5,2, 0.021072723301
4,2,5,7, 0.046373894132
4,2,6,2, 0.005386570627
4,2,6,7, 0.026983857494
4,2,7,0, 0.025936190955
4,2,7,1, 0.022924794513
4,2,7,4, 0.041270813143
4,2,7,5, 0.046373894132
4,2,7,6, 0.026983857494
4,2,7,9,-0.005682616892
4,2,9,2,-0.006039898526
4,2,9,7,-0.005682616892
4,3,0,8, 0.025936190955
4,3,1,8, 0.022924794513
4,3,3,4, 0.048105227081
4,3,3,5, 0.021072723301
4,3,3,6, 0.005386570627
4,3,3,9,-0.006039898526
4,3,4,3, 0.048105227081
4,3,4,8, 0.041270813143
4,3,5,3, 0.021072723301
4,3,5,8, 0.046373894132
4,3,6,3, 0.005386570627
4,3,6,8, 0.026983857494
4,3,8,0, 0.025936190955
4,3,8,1, 0.022924794513
4,3,8,4, 0.041270813143
4,3,8,5, 0.046373894132
4,3,8,6, 0.026983857494
4,3,8,9,-0.005682616892
4,3,9,3,-0.006039898526
4,3,9,8,-0.005682616892
4,4,0,0, 0.775037038942
4,4,0,1, 0.462081934851
4,4,0,5, 0.519986011259
4,4,0,6, 0.406880204714
4,4,0,9,-0.458060508077
4,4,1,0, 0.462081934851
4,4,1,1, 0.491073083906
4,4,1,5, 0.385287265437
4,4,1,6, 0.447261663798
4,4,1,9,-0.152239048619
4,4,2,2, 0.689508254834
4,4,2,7, 0.430142860603
4,4,3,3, 0.689508254834
4,4,3,8, 0.430142860603
4,4,4,4, 0.785718708997
4,4,4,5, 0.414448700333
4,4,4,6, 0.093987539194
4,4,4,9, 0.009796537710
4,4,5,0, 0.519986011259
4,4,5,1, 0.385287265437
4,4,5,4, 0.414448700333
4,4,5,5, 0.713333340929
4,4,5,6, 0.421318842541
4,4,5,9,-0.097503446843
4,4,6,0, 0.406880204714
4,4,6,1, 0.447261663798
4,4,6,4, 0.093987539194
4,4,6,5, 0.421318842541
4,4,6,6, 0.459343980827
4,4,6,9,-0.076224705753
4,4,7,2, 0.430142860603
4,4,7,7, 0.631534923732
4,4,8,3, 0.430142860603
4,4,8,8, 0.631534923732
4,4,9,0,-0.458060508077
4,4,9,1,-0.152239048619
4,4,9,4, 0.009796537710
4,4,9,5,-0.097503446843
4,4,9,6,-0.076224705753
4,4,9,9, 0.662273338414
4,5,0,0, 0.395425778437
4,5,0,1, 0.240169931945
4,5,0,4, 0.145901769542
4,5,0,5, 0.344917833381
4,5,0,6, 0.228497730446
4,5,0,9,-0.229769342868
4,5,1,0, 0.240169931945
4,5,1,1, 0.261995929182
4,5,1,4, 0.101785982567
4,5,1,5, 0.268640386348
4,5,1,6, 0.263061356474
4,5,1,9,-0.051630700756
4,5,2,2, 0.353891911171
4,5,2,7, 0.282138829111
4,5,3,3, 0.353891911171
4,5,3,8, 0.282138829111
4,5,4,0, 0.145901769542
4,5,4,1, 0.101785982567
4,5,4,4, 0.414448700333
4,5,4,5, 0.370161441207
4,5,4,6, 0.142152545313
4,5,4,9,-0.030003046531
4,5,5,0, 0.344917833381
4,5,5,1, 0.268640386348
4,5,5,4, 0.370161441207
4,5,5,5, 0.563406768443
4,5,5,6, 0.306990732254
4,5,5,9,-0.008176010687
4,5,6,0, 0.228497730446
4,5,6,1, 0.263061356474
4,5,6,4, 0.142152545313
4,5,6,5, 0.306990732254
4,5,6,6, 0.293452189703
4,5,6,9,-0.001296317006
4,5,7,2, 0.282138829111
4,5,7,7, 0.479809966274
4,5,8,3, 0.282138829111
4,5,8,8, 0.479809966274
4,5,9,0,-0.229769342868
4,5,9,1,-0.051630700756
4,5,9,4,-0.030003046531
4,5,9,5,-0.008176010687
4,5,9,6,-0.001296317006
4,5,9,9, 0.458060508077
4,6,0,0, 0.089806982409
4,6,0,1, 0.056176573038
4,6,0,4, 0.090668811339
4,6,0,5, 0.108282947194
4,6,0,6, 0.060541737961
4,6,0,9,-0.051630700756
4,6,1,0, 0.056176573038
4,6,1,1, 0.064225216547
4,6,1,4, 0.065089066221
4,6,1,5, 0.089846913252
4,6,1,6, 0.075398747439
4,6,1,9,-0.001633633472
4,6,2,2, 0.083084229585
4,6,2,7, 0.092058230699
4,6,3,3, 0.083084229585
4,6,3,8, 0.092058230699
4,6,4,0, 0.090668811339
4,6,4,1, 0.065089066221
4,6,4,4, 0.093987539194
4,6,4,5, 0.142152545313
4,6,4,6, 0.070468243809
4,6,4,9,-0.021357598331
4,6,5,0, 0.108282947194
4,6,5,1, 0.089846913252
4,6,5,4, 0.142152545313
4,6,5,5, 0.200316104868
4,6,5,6, 0.106671742468
4,6,5,9, 0.013706515101
4,6,6,0, 0.060541737961
4,6,6,1, 0.075398747439
4,6,6,4, 0.070468243809
4,6,6,5, 0.106671742468
4,6,6,6, 0.093443948516
4,6,6,9, 0.014690770719
4,6,7,2, 0.092058230699
4,6,7,7, 0.176458430224
4,6,8,3, 0.092058230699
4,6,8,8, 0.176458430224
4,6,9,0,-0.051630700756
4,6,9,1,-0.001633633472
4,6,9,4,-0.021357598331
4,6,9,5, 0.013706515101
4,6,9,6, 0.014690770719
4,6,9,9, 0.152239048619
4,7,0,2, 0.059805901459
4,7,0,7, 0.065334728837
4,7,1,2, 0.043821613245
4,7,1,7, 0.059593123871
4,7,2,0, 0.059805901459
4,7,2,1, 0.043821613245
4,7,2,4, 0.041270813143
4,7,2,5, 0.060946430448
4,7,2,6, 0.043502286461
4,7,2,9,-0.039421375184
4,7,4,2, 0.041270813143
4,7,4,7, 0.078073015829
4,7,5,2, 0.060946430448
4,7,5,7, 0.106264205663
4,7,6,2, 0.043502286461
4,7,6,7, 0.068098137010
4,7,7,0, 0.065334728837
4,7,7,1, 0.059593123871
4,7,7,4, 0.078073015829
4,7,7,5, 0.106264205663
4,7,7,6, 0.068098137010
4,7,7,9,-0.006039898526
4,7,9,2,-0.039421375184
4,7,9,7,-0.006039898526
4,8,0,3, 0.059805901459
4,8,0,8, 0.065334728837
4,8,1,3, 0.043821613245
4,8,1,8, 0.059593123871
4,8,3,0, 0.059805901459
4,8,3,1, 0.043821613245
4,8,3,4, 0.041270813143
4,8,3,5, 0.060946430448
4,8,3,6, 0.043502286461
4,8,3,9,-0.039421375184
4,8,4,3, 0.041270813143
4,8,4,8, 0.078073015829
4,8,5,3, 0.060946430448
4,8,5,8, 0.106264205663
4,8,6,3, 0.043502286461
4,8,6,8, 0.068098137010
4,8,8,0, 0.065334728837
4,8,8,1, 0.059593123871
4,8,8,4, 0.078073015829
4,8,8,5, 0.106264205663
4,8,8,6, 0.068098137010
4,8,8,9,-0.006039898526
4,8,9,3,-0.039421375184
4,8,9,8,-0.006039898526
4,9,0,0,-0.011984843796
4,9,0,1, 0.001190467858
4,9,0,4,-0.055067731231
4,9,0,5,-0.021945646209
4,9,0,6,-0.002164410812
4,9,0,9, 0.030003046531
4,9,1,0, 0.001190467858
4,9,1,1, 0.014286210975
4,9,1,4,-0.028604139937
4,9,1,5,-0.002164410812
4,9,1,6, 0.012159303492
4,9,1,9, 0.021357598331
4,9,2,2,-0.005469906549
4,9,2,7,-0.016732552913
4,9,3,3,-0.005469906549
4,9,3,8,-0.016732552913
4,9,4,0,-0.055067731231
4,9,4,1,-0.028604139937
4,9,4,4, 0.009796537710
4,9,4,5,-0.030003046531
4,9,4,6,-0.021357598331
4,9,4,9, 0.049629716873
4,9,5,0,-0.021945646209
4,9,5,1,-0.002164410812
4,9,5,4,-0.030003046531
4,9,5,5,-0.011984843796
4,9,5,6, 0.001190467858
4,9,5,9, 0.055067731231
4,9,6,0,-0.002164410812
4,9,6,1, 0.012159303492
4,9,6,4,-0.021357598331
4,9,6,5, 0.001190467858
4,9,6,6, 0.014286210975
4,9,6,9, 0.028604139937
4,9,7,2,-0.016732552913
4,9,7,7,-0.005469906549
4,9,8,3,-0.016732552913
4,9,8,8,-0.005469906549
4,9,9,0, 0.030003046531
4,9,9,1, 0.021357598331
4,9,9,4, 0.049629716873
4,9,9,5, 0.055067731231
4,9,9,6, 0.028604139937
4,9,9,9, 0.009796537710
5,0,0,0, 0.562379630940
5,0,0,1, 0.326652327549
5,0,0,4, 0.074688633936
5,0,0,5, 0.401409200240
5,0,0,6, 0.295709476831
5,0,0,9,-0.344917833381
5,0,1,0, 0.326652327549
5,0,1,1, 0.340493627750
5,0,1,4, 0.051825886941
5,0,1,5, 0.295709476831
5,0,1,6, 0.321955036545
5,0,1,9,-0.108282947194
5,0,2,2, 0.497042153705
5,0,2,7, 0.332493881488
5,0,3,3, 0.497042153705
5,0,3,8, 0.332493881488
5,0,4,0, 0.074688633936
5,0,4,1, 0.051825886941
5,0,4,4, 0.519986011259
5,0,4,5, 0.344917833381
5,0,4,6, 0.108282947194
5,0,4,9,-0.021945646209
5,0,5,0, 0.401409200240
5,0,5,1, 0.295709476831
5,0,5,4, 0.344917833381
5,0,5,5, 0.562379630940
5,0,5,6, 0.326652327549
5,0,5,9,-0.074688633936
5,0,6,0, 0.295709476831
5,0,6,1, 0.321955036545
5,0,6,4, 0.108282947194
5,0,6,5, 0.326652327549
5,0,6,6, 0.340493627750
5,0,6,9,-0.051825886941
5,0,7,2, 0.332493881488
5,0,7,7, 0.497042153705
5,0,8,3, 0.332493881488
5,0,8,8, 0.497042153705
5,0,9,0,-0.344917833381
5,0,9,1,-0.108282947194
5,0,9,4,-0.021945646209
5,0,9,5,-0.074688633936
5,0,9,6,-0.051825886941
5,0,9,9, 0.519986011259
5,1,0,0, 0.394120193669
5,1,0,1, 0.242066844282
5,1,0,4, 0.060331651075
5,1,0,5, 0.295709476831
5,1,0,6, 0.221381641631
5,1,0,9,-0.228497730446
5,1,1,0, 0.242066844282
5,1,1,1, 0.273172546751
5,1,1,4, 0.045829410296
5,1,1,5, 0.234070846076
5,1,1,6, 0.263450329304
5,1,1,9,-0.060541737961
5,1,2,2, 0.365788916489
5,1,2,7, 0.254103593582
5,1,3,3, 0.365788916489
5,1,3,8, 0.254103593582
5,1,4,0, 0.060331651075
5,1,4,1, 0.045829410296
5,1,4,4, 0.385287265437
5,1,4,5, 0.268640386348
5,1,4,6, 0.089846913252
5,1,4,9,-0.002164410812
5,1,5,0, 0.295709476831
5,1,5,1, 0.234070846076
5,1,5,4, 0.268640386348
5,1,5,5, 0.442961881575
5,1,5,6, 0.263774241507
5,1,5,9,-0.016265698988
5,1,6,0, 0.221381641631
5,1,6,1, 0.263450329304
5,1,6,4, 0.089846913252
5,1,6,5, 0.263774241507
5,1,6,6, 0.285640266991
5,1,6,9,-0.012171342894
5,1,7,2, 0.254103593582
5,1,7,7, 0.405807541430
5,1,8,3, 0.254103593582
5,1,8,8, 0.405807541430
5,1,9,0,-0.228497730446
5,1,9,1,-0.060541737961
5,1,9,4,-0.002164410812
5,1,9,5,-0.016265698988
5,1,9,6,-0.012171342894
5,1,9,9, 0.406880204714
5,2,0,2, 0.093512754338
5,2,0,7, 0.068038476311
5,2,1,2, 0.064022264832
5,2,1,7, 0.056045485288
5,2,2,0, 0.093512754338
5,2,2,1, 0.064022264832
5,2,2,4, 0.021072723301
5,2,2,5, 0.068703147742
5,2,2,6, 0.058316988974
5,2,2,9,-0.065334728837
5,2,4,2, 0.021072723301
5,2,4,7, 0.060946430448
5,2,5,2, 0.068703147742
5,2,5,7, 0.087877588406
5,2,6,2, 0.058316988974
5,2,6,7, 0.060555991948
5,2,7,0, 0.068038476311
5,2,7,1, 0.056045485288
5,2,7,4, 0.060946430448
5,2,7,5, 0.087877588406
5,2,7,6, 0.060555991948
5,2,7,9,-0.025936190955
5,2,9,2,-0.065334728837
5,2,9,7,-0.025936190955
5,3,0,3, 0.093512754338
5,3,0,8, 0.068038476311
5,3,1,3, 0.064022264832
5,3,1,8, 0.056045485288
5,3,3,0, 0.093512754338
5,3,3,1, 0.064022264832
5,3,3,4, 0.021072723301
5,3,3,5, 0.068703147742
5,3,3,6, 0.058316988974
5,3,3,9,-0.065334728837
5,3,4,3, 0.021072723301
5,3,4,8, 0.060946430448
5,3,5,3, 0.068703147742
5,3,5,8, 0.087877588406
5,3,6,3, 0.058316988974
5,3,6,8, 0.060555991948
5,3,8,0, 0.068038476311
5,3,8,1, 0.056045485288
5,3,8,4, 0.060946430448
5,3,8,5, 0.087877588406
5,3,8,6, 0.060555991948
5,3,8,9,-0.025936190955
5,3,9,3,-0.065334728837
5,3,9,8,-0.025936190955
5,4,0,0, 0.395425778437
5,4,0,1, 0.240169931945
5,4,0,4, 0.145901769542
5,4,0,5, 0.344917833381
5,4,0,6, 0.228497730446
5,4,0,9,-0.229769342868
5,4,1,0, 0.240169931945
5,4,1,1, 0.261995929182
5,4,1,4, 0.101785982567
5,4,1,5, 0.268640386348
5,4,1,6, 0.263061356474
5,4,1,9,-0.051630700756
5,4,2,2, 0.353891911171
5,4,2,7, 0.282138829111
5,4,3,3, 0.353891911171
5,4,3,8, 0.282138829111
5,4,4,0, 0.145901769542
5,4,4,1, 0.101785982567
5,4,4,4, 0.414448700333
5,4,4,5, 0.370161441207
5,4,4,6, 0.142152545313
5,4,4,9,-0.030003046531
5,4,5,0, 0.344917833381
5,4,5,1, 0.268640386348
5,4,5,4, 0.370161441207
5,4,5,5, 0.563406768443
5,4,5,6, 0.306990732254
5,4,5,9,-0.008176010687
5,4,6,0, 0.228497730446
5,4,6,1, 0.263061356474
5,4,6,4, 0.142152545313
5,4,6,5, 0.306990732254
5,4,6,6, 0.293452189703
5,4,6,9,-0.001296317006
5,4,7,2, 0.282138829111
5,4,7,7, 0.479809966274
5,4,8,3, 0.282138829111
5,4,8,8, 0.479809966274
5,4,9,0,-0.229769342868
5,4,9,1,-0.051630700756
5,4,9,4,-0.030003046531
5,4,9,5,-0.008176010687
5,4,9,6,-0.001296317006
5,4,9,9, 0.458060508077
5,5,0,0, 0.694641670585
5,5,0,1, 0.423005380073
5,5,0,4, 0.169243725288
5,5,0,5, 0.562379630940
5,5,0,6, 0.394120193669
5,5,0,9,-0.395425778437
5,5,1,0, 0.423005380073
5,5,1,1, 0.467402873475
5,5,1,4, 0.123874706694
5,5,1,5, 0.442961881575
5,5,1,6, 0.460202308720
5,5,1,9,-0.089806982409
5,5,2,2, 0.625394115167
5,5,2,7, 0.463166502633
5,5,3,3, 0.625394115167
5,5,3,8, 0.463166502633
5,5,4,0, 0.169243725288
5,5,4,1, 0.123874706694
5,5,4,4, 0.713333340929
5,5,4,5, 0.563406768443
5,5,4,6, 0.200316104868
5,5,4,9,-0.011984843796
5,5,5,0, 0.562379630940
5,5,5,1, 0.442961881575
5,5,5,4, 0.563406768443
5,5,5,5, 0.897251802255
5,5,5,6, 0.504699283325
5,5,6,0, 0.394120193669
5,5,6,1, 0.460202308720
5,5,6,4, 0.200316104868
5,5,6,5, 0.504699283325
5,5,6,6, 0.507364877272
5,5,7,2, 0.463166502633
5,5,7,7, 0.775037038942
5,5,8,3, 0.463166502633
5,5,8,8, 0.775037038942
5,5,9,0,-0.395425778437
5,5,9,1,-0.089806982409
5,5,9,4,-0.011984843796
5,5,9,9, 0.775037038942
5,6,0,0, 0.423005380073
5,6,0,1, 0.262615078009
5,6,0,4, 0.075819088526
5,6,0,5, 0.326652327549
5,6,0,6, 0.242066844282
5,6,0,9,-0.240169931945
5,6,1,0, 0.262615078009
5,6,1,1, 0.301596852583
5,6,1,4, 0.058517173919
5,6,1,5, 0.263774241507
5,6,1,6, 0.294699061653
5,6,1,9,-0.056176573038
5,6,2,2, 0.393576224403
5,6,2,7, 0.280584898781
5,6,3,3, 0.393576224403
5,6,3,8, 0.280584898781
5,6,4,0, 0.075819088526
5,6,4,1, 0.058517173919
5,6,4,4, 0.421318842541
5,6,4,5, 0.306990732254
5,6,4,6, 0.106671742468
5,6,4,9, 0.001190467858
5,6,5,0, 0.326652327549
5,6,5,1, 0.263774241507
5,6,5,4, 0.306990732254
5,6,5,5, 0.504699283325
5,6,5,6, 0.300015949963
5,6,6,0, 0.242066844282
5,6,6,1, 0.294699061653
5,6,6,4, 0.106671742468
5,6,6,5, 0.300015949963
5,6,6,6, 0.324022459289
5,6,7,2, 0.280584898781
5,6,7,7, 0.462081934851
5,6,8,3, 0.280584898781
5,6,8,8, 0.462081934851
5,6,9,0,-0.240169931945
5,6,9,1,-0.056176573038
5,6,9,4, 0.001190467858
5,6,9,9, 0.462081934851
5,7,0,2, 0.095024978855
5,7,0,7, 0.093512754338
5,7,1,2, 0.069878035184
5,7,1,7, 0.088197904801
5,7,2,0, 0.095024978855
5,7,2,1, 0.069878035184
5,7,2,4, 0.046373894132
5,7,2,5, 0.087877588406
5,7,2,6, 0.067483395519
5,7,2,9,-0.059805901459
5,7,4,2, 0.046373894132
5,7,4,7, 0.106264205663
5,7,5,2, 0.087877588406
5,7,5,7, 0.152608082603
5,7,6,2, 0.067483395519
5,7,6,7, 0.101353944495
5,7,7,0, 0.093512754338
5,7,7,1, 0.088197904801
5,7,7,4, 0.106264205663
5,7,7,5, 0.152608082603
5,7,7,6, 0.101353944495
5,7,9,2,-0.059805901459
5,8,0,3, 0.095024978855
5,8,0,8, 0.093512754338
5,8,1,3, 0.069878035184
5,8,1,8, 0.088197904801
5,8,3,0, 0.095024978855
5,8,3,1, 0.069878035184
5,8,3,4, 0.046373894132
5,8,3,5, 0.087877588406
5,8,3,6, 0.067483395519
5,8,3,9,-0.059805901459
5,8,4,3, 0.046373894132
5,8,4,8, 0.106264205663
5,8,5,3, 0.087877588406
5,8,5,8, 0.152608082603
5,8,6,3, 0.067483395519
5,8,6,8, 0.101353944495
5,8,8,0, 0.093512754338
5,8,8,1, 0.088197904801
5,8,8,4, 0.106264205663
5,8,8,5, 0.152608082603
5,8,8,6, 0.101353944495
5,8,9,3,-0.059805901459
5,9,0,0,-0.169243725288
5,9,0,1,-0.075819088526
5,9,0,4, 0.010714775357
5,9,0,5,-0.074688633936
5,9,0,6,-0.060331651075
5,9,0,9, 0.145901769542
5,9,1,0,-0.075819088526
5,9,1,1,-0.042026895933
5,9,1,4, 0.020065816274
5,9,1,5,-0.016265698988
5,9,1,6,-0.021800089649
5,9,1,9, 0.090668811339
5,9,2,2,-0.135373868347
5,9,2,7,-0.059805901459
5,9,3,3,-0.135373868347
5,9,3,8,-0.059805901459
5,9,4,0, 0.010714775357
5,9,4,1, 0.020065816274
5,9,4,4,-0.097503446843
5,9,4,5,-0.008176010687
5,9,4,6, 0.013706515101
5,9,4,9, 0.055067731231
5,9,5,0,-0.074688633936
5,9,5,1,-0.016265698988
5,9,5,4,-0.008176010687
5,9,5,9, 0.152608082603
5,9,6,0,-0.060331651075
5,9,6,1,-0.021800089649
5,9,6,4, 0.013706515101
5,9,6,9, 0.101353944495
5,9,7,2,-0.059805901459
5,9,8,3,-0.059805901459
5,9,9,0, 0.145901769542
5,9,9,1, 0.090668811339
5,9,9,4, 0.055067731231
5,9,9,5, 0.152608082603
5,9,9,6, 0.101353944495
6,0,0,0, 0.442961881575
6,0,0,1, 0.263774241507
6,0,0,4, 0.016265698988
6,0,0,5, 0.295709476831
6,0,0,6, 0.234070846076
6,0,0,9,-0.268640386348
6,0,1,0, 0.263774241507
6,0,1,1, 0.285640266991
6,0,1,4, 0.012171342894
6,0,1,5, 0.221381641631
6,0,1,6, 0.263450329304
6,0,1,9,-0.089846913252
6,0,2,2, 0.405807541430
6,0,2,7, 0.254103593582
6,0,3,3, 0.405807541430
6,0,3,8, 0.254103593582
6,0,4,0, 0.016265698988
6,0,4,1, 0.012171342894
6,0,4,4, 0.406880204714
6,0,4,5, 0.228497730446
6,0,4,6, 0.060541737961
6,0,4,9,-0.002164410812
6,0,5,0, 0.295709476831
6,0,5,1, 0.221381641631
6,0,5,4, 0.228497730446
6,0,5,5, 0.394120193669
6,0,5,6, 0.242066844282
6,0,5,9,-0.060331651075
6,0,6,0, 0.234070846076
6,0,6,1, 0.263450329304
6,0,6,4, 0.060541737961
6,0,6,5, 0.242066844282
6,0,6,6, 0.273172546751
6,0,6,9,-0.045829410296
6,0,7,2, 0.254103593582
6,0,7,7, 0.365788916489
6,0,8,3, 0.254103593582
6,0,8,8, 0.365788916489
6,0,9,0,-0.268640386348
6,0,9,1,-0.089846913252
6,0,9,4,-0.002164410812
6,0,9,5,-0.060331651075
6,0,9,6,-0.045829410296
6,0,9,9, 0.385287265437
6,1,0,0, 0.460202308720
6,1,0,1, 0.294699061653
6,1,0,4, 0.021800089649
6,1,0,5, 0.321955036545
6,1,0,6, 0.263450329304
6,1,0,9,-0.263061356474
6,1,1,0, 0.294699061653
6,1,1,1, 0.360489860631
6,1,1,4, 0.018338546711
6,1,1,5, 0.263450329304
6,1,1,6, 0.338198702339
6,1,1,9,-0.075398747439
6,1,2,2, 0.445544336346
6,1,2,7, 0.288328415998
6,1,3,3, 0.445544336346
6,1,3,8, 0.288328415998
6,1,4,0, 0.021800089649
6,1,4,1, 0.018338546711
6,1,4,4, 0.447261663798
6,1,4,5, 0.263061356474
6,1,4,6, 0.075398747439
6,1,4,9, 0.012159303492
6,1,5,0, 0.321955036545
6,1,5,1, 0.263450329304
6,1,5,4, 0.263061356474
6,1,5,5, 0.460202308720
6,1,5,6, 0.294699061653
6,1,5,9,-0.021800089649
6,1,6,0, 0.263450329304
6,1,6,1, 0.338198702339
6,1,6,4, 0.075398747439
6,1,6,5, 0.294699061653
6,1,6,6, 0.360489860631
6,1,6,9,-0.018338546711
6,1,7,2, 0.288328415998
6,1,7,7, 0.445544336346
6,1,8,3, 0.288328415998
6,1,8,8, 0.445544336346
6,1,9,0,-0.263061356474
6,1,9,1,-0.075398747439
6,1,9,4, 0.012159303492
6,1,9,5,-0.021800089649
6,1,9,6,-0.018338546711
6,1,9,9, 0.447261663798
6,2,0,2, 0.088197904801
6,2,0,7, 0.056045485288
6,2,1,2, 0.063143966569
6,2,1,7, 0.047524714702
6,2,2,0, 0.088197904801
6,2,2,1, 0.063143966569
6,2,2,4, 0.005386570627
6,2,2,5, 0.058316988974
6,2,2,6, 0.055754875329
6,2,2,9,-0.059593123871
6,2,4,2, 0.005386570627
6,2,4,7, 0.043502286461
6,2,5,2, 0.058316988974
6,2,5,7, 0.067483395519
6,2,6,2, 0.055754875329
6,2,6,7, 0.050553010152
6,2,7,0, 0.056045485288
6,2,7,1, 0.047524714702
6,2,7,4, 0.043502286461
6,2,7,5, 0.067483395519
6,2,7,6, 0.050553010152
6,2,7,9,-0.022924794513
6,2,9,2,-0.059593123871
6,2,9,7,-0.022924794513
6,3,0,3, 0.088197904801
6,3,0,8, 0.056045485288
6,3,1,3, 0.063143966569
6,3,1,8, 0.047524714702
6,3,3,0, 0.088197904801
6,3,3,1, 0.063143966569
6,3,3,4, 0.005386570627
6,3,3,5, 0.058316988974
6,3,3,6, 0.055754875329
6,3,3,9,-0.059593123871
6,3,4,3, 0.005386570627
6,3,4,8, 0.043502286461
6,3,5,3, 0.058316988974
6,3,5,8, 0.067483395519
6,3,6,3, 0.055754875329
6,3,6,8, 0.050553010152
6,3,8,0, 0.056045485288
6,3,8,1, 0.047524714702
6,3,8,4, 0.043502286461
6,3,8,5, 0.067483395519
6,3,8,6, 0.050553010152
6,3,8,9,-0.022924794513
6,3,9,3,-0.059593123871
6,3,9,8,-0.022924794513
6,4,0,0, 0.089806982409
6,4,0,1, 0.056176573038
6,4,0,4, 0.090668811339
6,4,0,5, 0.108282947194
6,4,0,6, 0.060541737961
6,4,0,9,-0.051630700756
6,4,1,0, 0.056176573038
6,4,1,1, 0.064225216547
6,4,1,4, 0.065089066221
6,4,1,5, 0.089846913252
6,4,1,6, 0.075398747439
6,4,1,9,-0.001633633472
6,4,2,2, 0.083084229585
6,4,2,7, 0.092058230699
6,4,3,3, 0.083084229585
6,4,3,8, 0.092058230699
6,4,4,0, 0.090668811339
6,4,4,1, 0.065089066221
6,4,4,4, 0.093987539194
6,4,4,5, 0.142152545313
6,4,4,6, 0.070468243809
6,4,4,9,-0.021357598331
6,4,5,0, 0.108282947194
6,4,5,1, 0.089846913252
6,4,5,4, 0.142152545313
6,4,5,5, 0.200316104868
6,4,5,6, 0.106671742468
6,4,5,9, 0.013706515101
6,4,6,0, 0.060541737961
6,4,6,1, 0.075398747439
6,4,6,4, 0.070468243809
6,4,6,5, 0.106671742468
6,4,6,6, 0.093443948516
6,4,6,9, 0.014690770719
6,4,7,2, 0.092058230699
6,4,7,7, 0.176458430224
6,4,8,3, 0.092058230699
6,4,8,8, 0.176458430224
6,4,9,0,-0.051630700756
6,4,9,1,-0.001633633472
6,4,9,4,-0.021357598331
6,4,9,5, 0.013706515101
6,4,9,6, 0.014690770719
6,4,9,9, 0.152239048619
6,5,0,0, 0.423005380073
6,5,0,1, 0.262615078009
6,5,0,4, 0.075819088526
6,5,0,5, 0.326652327549
6,5,0,6, 0.242066844282
6,5,0,9,-0.240169931945
6,5,1,0, 0.262615078009
6,5,1,1, 0.301596852583
6,5,1,4, 0.058517173919
6,5,1,5, 0.263774241507
6,5,1,6, 0.294699061653
6,5,1,9,-0.056176573038
6,5,2,2, 0.393576224403
6,5,2,7, 0.280584898781
6,5,3,3, 0.393576224403
6,5,3,8, 0.280584898781
6,5,4,0, 0.075819088526
6,5,4,1, 0.058517173919
6,5,4,4, 0.421318842541
6,5,4,5, 0.306990732254
6,5,4,6, 0.106671742468
6,5,4,9, 0.001190467858
6,5,5,0, 0.326652327549
6,5,5,1, 0.263774241507
6,5,5,4, 0.306990732254
6,5,5,5, 0.504699283325
6,5,5,6, 0.300015949963
6,5,6,0, 0.242066844282
6,5,6,1, 0.294699061653
6,5,6,4, 0.106671742468
6,5,6,5, 0.300015949963
6,5,6,6, 0.324022459289
6,5,7,2, 0.280584898781
6,5,7,7, 0.462081934851
6,5,8,3, 0.280584898781
6,5,8,8, 0.462081934851
6,5,9,0,-0.240169931945
6,5,9,1,-0.056176573038
6,5,9,4, 0.001190467858
6,5,9,9, 0.462081934851
6,6,0,0, 0.467402873475
6,6,0,1, 0.301596852583
6,6,0,4, 0.042026895933
6,6,0,5, 0.340493627750
6,6,0,6, 0.273172546751
6,6,0,9,-0.261995929182
6,6,1,0, 0.301596852583
6,6,1,1, 0.374911039674
6,6,1,4, 0.035641643262
6,6,1,5, 0.285640266991
6,6,1,6, 0.360489860631
6,6,1,9,-0.064225216547
6,6,2,2, 0.452890258692
6,6,2,7, 0.304856374487
6,6,3,3, 0.452890258692
6,6,3,8, 0.304856374487
6,6,4,0, 0.042026895933
6,6,4,1, 0.035641643262
6,6,4,4, 0.459343980827
6,6,4,5, 0.293452189703
6,6,4,6, 0.093443948516
6,6,4,9, 0.014286210975
6,6,5,0, 0.340493627750
6,6,5,1, 0.285640266991
6,6,5,4, 0.293452189703
6,6,5,5, 0.507364877272
6,6,5,6, 0.324022459289
6,6,6,0, 0.273172546751
6,6,6,1, 0.360489860631
6,6,6,4, 0.093443948516
6,6,6,5, 0.324022459289
6,6,6,6, 0.394125899248
6,6,7,2, 0.304856374487
6,6,7,7, 0.491073083906
6,6,8,3, 0.304856374487
6,6,8,8, 0.491073083906
6,6,9,0,-0.261995929182
6,6,9,1,-0.064225216547
6,6,9,4, 0.014286210975
6,6,9,9, 0.491073083906
6,7,0,2, 0.069878035184
6,7,0,7, 0.064022264832
6,7,1,2, 0.053166040579
6,7,1,7, 0.063143966569
6,7,2,0, 0.069878035184
6,7,2,1, 0.053166040579
6,7,2,4, 0.026983857494
6,7,2,5, 0.060555991948
6,7,2,6, 0.050553010152
6,7,2,9,-0.043821613245
6,7,4,2, 0.026983857494
6,7,4,7, 0.068098137010
6,7,5,2, 0.060555991948
6,7,5,7, 0.101353944495
6,7,6,2, 0.050553010152
6,7,6,7, 0.072461555243
6,7,7,0, 0.064022264832
6,7,7,1, 0.063143966569
6,7,7,4, 0.068098137010
6,7,7,5, 0.101353944495
6,7,7,6, 0.072461555243
6,7,9,2,-0.043821613245
6,8,0,3, 0.069878035184
6,8,0,8, 0.064022264832
6,8,1,3, 0.053166040579
6,8,1,8, 0.063143966569
6,8,3,0, 0.069878035184
6,8,3,1, 0.053166040579
6,8,3,4, 0.026983857494
6,8,3,5, 0.060555991948
6,8,3,6, 0.050553010152
6,8,3,9,-0.043821613245
6,8,4,3, 0.026983857494
6,8,4,8, 0.068098137010
6,8,5,3, 0.060555991948
6,8,5,8, 0.101353944495
6,8,6,3, 0.050553010152
6,8,6,8, 0.072461555243
6,8,8,0, 0.064022264832
6,8,8,1, 0.063143966569
6,8,8,4, 0.068098137010
6,8,8,5, 0.101353944495
6,8,8,6, 0.072461555243
6,8,9,3,-0.043821613245
6,9,0,0,-0.123874706694
6,9,0,1,-0.058517173919
6,9,0,4, 0.020065816274
6,9,0,5,-0.051825886941
6,9,0,6,-0.045829410296
6,9,0,9, 0.101785982567
6,9,1,0,-0.058517173919
6,9,1,1,-0.035641643262
6,9,1,4, 0.021303047677
6,9,1,5,-0.012171342894
6,9,1,6,-0.018338546711
6,9,1,9, 0.065089066221
6,9,2,2,-0.105436497621
6,9,2,7,-0.043821613245
6,9,3,3,-0.105436497621
6,9,3,8,-0.043821613245
6,9,4,0, 0.020065816274
6,9,4,1, 0.021303047677
6,9,4,4,-0.076224705753
6,9,4,5,-0.001296317006
6,9,4,6, 0.014690770719
6,9,4,9, 0.028604139937
6,9,5,0,-0.051825886941
6,9,5,1,-0.012171342894
6,9,5,4,-0.001296317006
6,9,5,9, 0.101353944495
6,9,6,0,-0.045829410296
6,9,6,1,-0.018338546711
6,9,6,4, 0.014690770719
6,9,6,9, 0.072461555243
6,9,7,2,-0.043821613245
6,9,8,3,-0.043821613245
6,9,9,0, 0.101785982567
6,9,9,1, 0.065089066221
6,9,9,4, 0.028604139937
6,9,9,5, 0.101353944495
6,9,9,6, 0.072461555243
7,0,0,2, 0.087877588406
7,0,0,7, 0.068703147742
7,0,1,2, 0.060555991948
7,0,1,7, 0.058316988974
7,0,2,0, 0.087877588406
7,0,2,1, 0.060555991948
7,0,2,4, 0.025936190955
7,0,2,5, 0.068038476311
7,0,2,6, 0.056045485288
7,0,2,9,-0.060946430448
7,0,4,2, 0.025936190955
7,0,4,7, 0.065334728837
7,0,5,2, 0.068038476311
7,0,5,7, 0.093512754338
7,0,6,2, 0.056045485288
7,0,6,7, 0.064022264832
7,0,7,0, 0.068703147742
7,0,7,1, 0.058316988974
7,0,7,4, 0.065334728837
7,0,7,5, 0.093512754338
7,0,7,6, 0.064022264832
7,0,7,9,-0.021072723301
7,0,9,2,-0.060946430448
7,0,9,7,-0.021072723301
7,1,0,2, 0.067483395519
7,1,0,7, 0.058316988974
7,1,1,2, 0.050553010152
7,1,1,7, 0.055754875329
7,1,2,0, 0.067483395519
7,1,2,1, 0.050553010152
7,1,2,4, 0.022924794513
7,1,2,5, 0.056045485288
7,1,2,6, 0.047524714702
7,1,2,9,-0.043502286461
7,1,4,2, 0.022924794513
7,1,4,7, 0.059593123871
7,1,5,2, 0.056045485288
7,1,5,7, 0.088197904801
7,1,6,2, 0.047524714702
7,1,6,7, 0.063143966569
7,1,7,0, 0.058316988974
7,1,7,1, 0.055754875329
7,1,7,4, 0.059593123871
7,1,7,5, 0.088197904801
7,1,7,6, 0.063143966569
7,1,7,9,-0.005386570627
7,1,9,2,-0.043502286461
7,1,9,7,-0.005386570627
7,2,0,0, 0.463166502633
7,2,0,1, 0.280584898781
7,2,0,4, 0.059805901459
7,2,0,5, 0.332493881488
7,2,0,6, 0.254103593582
7,2,0,9,-0.282138829111
7,2,1,0, 0.280584898781
7,2,1,1, 0.304856374487
7,2,1,4, 0.043821613245
7,2,1,5, 0.254103593582
7,2,1,6, 0.288328415998
7,2,1,9,-0.092058230699
7,2,2,2, 0.466690086701
7,2,2,7, 0.315655065266
7,2,3,3, 0.414811393874
7,2,3,8, 0.277003424621
7,2,4,0, 0.059805901459
7,2,4,1, 0.043821613245
7,2,4,4, 0.430142860603
7,2,4,5, 0.282138829111
7,2,4,6, 0.092058230699
7,2,4,9,-0.016732552913
7,2,5,0, 0.332493881488
7,2,5,1, 0.254103593582
7,2,5,4, 0.282138829111
7,2,5,5, 0.463166502633
7,2,5,6, 0.280584898781
7,2,5,9,-0.059805901459
7,2,6,0, 0.254103593582
7,2,6,1, 0.288328415998
7,2,6,4, 0.092058230699
7,2,6,5, 0.280584898781
7,2,6,6, 0.304856374487
7,2,6,9,-0.043821613245
7,2,7,2, 0.315655065266
7,2,7,7, 0.466690086701
7,2,8,3, 0.277003424621
7,2,8,8, 0.414811393874
7,2,9,0,-0.282138829111
7,2,9,1,-0.092058230699
7,2,9,4,-0.016732552913
7,2,9,5,-0.059805901459
7,2,9,6,-0.043821613245
7,2,9,9, 0.430142860603
7,3,2,3, 0.025939346413
7,3,2,8, 0.019325820322
7,3,3,2, 0.025939346413
7,3,3,7, 0.019325820322
7,3,7,3, 0.019325820322
7,3,7,8, 0.025939346413
7,3,8,2, 0.019325820322
7,3,8,7, 0.025939346413
7,4,0,2, 0.059805901459
7,4,0,7, 0.065334728837
7,4,1,2, 0.043821613245
7,4,1,7, 0.059593123871
7,4,2,0, 0.059805901459
7,4,2,1, 0.043821613245
7,4,2,4, 0.041270813143
7,4,2,5, 0.060946430448
7,4,2,6, 0.043502286461
7,4,2,9,-0.039421375184
7,4,4,2, 0.041270813143
7,4,4,7, 0.078073015829
7,4,5,2, 0.060946430448
7,4,5,7, 0.106264205663
7,4,6,2, 0.043502286461
7,4,6,7, 0.068098137010
7,4,7,0, 0.065334728837
7,4,7,1, 0.059593123871
7,4,7,4, 0.078073015829
7,4,7,5, 0.106264205663
7,4,7,6, 0.068098137010
7,4,7,9,-0.006039898526
7,4,9,2,-0.039421375184
7,4,9,7,-0.006039898526
7,5,0,2, 0.095024978855
7,5,0,7, 0.093512754338
7,5,1,2, 0.069878035184
7,5,1,7, 0.088197904801
7,5,2,0, 0.095024978855
7,5,2,1, 0.069878035184
7,5,2,4, 0.046373894132
7,5,2,5, 0.087877588406
7,5,2,6, 0.067483395519
7,5,2,9,-0.059805901459
7,5,4,2, 0.046373894132
7,5,4,7, 0.106264205663
7,5,5,2, 0.087877588406
7,5,5,7, 0.152608082603
7,5,6,2, 0.067483395519
7,5,6,7, 0.101353944495
7,5,7,0, 0.093512754338
7,5,7,1, 0.088197904801
7,5,7,4, 0.106264205663
7,5,7,5, 0.152608082603
7,5,7,6, 0.101353944495
7,5,9,2,-0.059805901459
7,6,0,2, 0.069878035184
7,6,0,7, 0.064022264832
7,6,1,2, 0.053166040579
7,6,1,7, 0.063143966569
7,6,2,0, 0.069878035184
7,6,2,1, 0.053166040579
7,6,2,4, 0.026983857494
7,6,2,5, 0.060555991948
7,6,2,6, 0.050553010152
7,6,2,9,-0.043821613245
7,6,4,2, 0.026983857494
7,6,4,7, 0.068098137010
7,6,5,2, 0.060555991948
7,6,5,7, 0.101353944495
7,6,6,2, 0.050553010152
7,6,6,7, 0.072461555243
7,6,7,0, 0.064022264832
7,6,7,1, 0.063143966569
7,6,7,4, 0.068098137010
7,6,7,5, 0.101353944495
7,6,7,6, 0.072461555243
7,6,9,2,-0.043821613245
7,7,0,0, 0.625394115167
7,7,0,1, 0.393576224403
7,7,0,4, 0.135373868347
7,7,0,5, 0.497042153705
7,7,0,6, 0.365788916489
7,7,0,9,-0.353891911171
7,7,1,0, 0.393576224403
7,7,1,1, 0.452890258692
7,7,1,4, 0.105436497621
7,7,1,5, 0.405807541430
7,7,1,6, 0.445544336346
7,7,1,9,-0.083084229585
7,7,2,2, 0.620648280586
7,7,2,7, 0.466690086701
7,7,3,3, 0.569492421335
7,7,3,8, 0.414811393874
7,7,4,0, 0.135373868347
7,7,4,1, 0.105436497621
7,7,4,4, 0.631534923732
7,7,4,5, 0.479809966274
7,7,4,6, 0.176458430224
7,7,4,9,-0.005469906549
7,7,5,0, 0.497042153705
7,7,5,1, 0.405807541430
7,7,5,4, 0.479809966274
7,7,5,5, 0.775037038942
7,7,5,6, 0.462081934851
7,7,6,0, 0.365788916489
7,7,6,1, 0.445544336346
7,7,6,4, 0.176458430224
7,7,6,5, 0.462081934851
7,7,6,6, 0.491073083906
7,7,7,2, 0.466690086701
7,7,7,7, 0.785718708997
7,7,8,3, 0.414811393874
7,7,8,8, 0.689508254834
7,7,9,0,-0.353891911171
7,7,9,1,-0.083084229585
7,7,9,4,-0.005469906549
7,7,9,9, 0.689508254834
7,8,2,3, 0.025577929626
7,8,2,8, 0.025939346413
7,8,3,2, 0.025577929626
7,8,3,7, 0.025939346413
7,8,7,3, 0.025939346413
7,8,7,8, 0.048105227081
7,8,8,2, 0.025939346413
7,8,8,7, 0.048105227081
7,9,0,2,-0.046373894132
7,9,0,7,-0.021072723301
7,9,1,2,-0.026983857494
7,9,1,7,-0.005386570627
7,9,2,0,-0.046373894132
7,9,2,1,-0.026983857494
7,9,2,4,-0.005682616892
7,9,2,5,-0.025936190955
7,9,2,6,-0.022924794513
7,9,2,9, 0.041270813143
7,9,4,2,-0.005682616892
7,9,4,7,-0.006039898526
7,9,5,2,-0.025936190955
7,9,6,2,-0.022924794513
7,9,7,0,-0.021072723301
7,9,7,1,-0.005386570627
7,9,7,4,-0.006039898526
7,9,7,9, 0.048105227081
7,9,9,2, 0.041270813143
7,9,9,7, 0.048105227081
8,0,0,3, 0.087877588406
8,0,0,8, 0.068703147742
8,0,1,3, 0.060555991948
8,0,1,8, 0.058316988974
8,0,3,0, 0.087877588406
8,0,3,1, 0.060555991948
8,0,3,4, 0.025936190955
8,0,3,5, 0.068038476311
8,0,3,6, 0.056045485288
8,0,3,9,-0.060946430448
8,0,4,3, 0.025936190955
8,0,4,8, 0.065334728837
8,0,5,3, 0.068038476311
8,0,5,8, 0.093512754338
8,0,6,3, 0.056045485288
8,0,6,8, 0.064022264832
8,0,8,0, 0.068703147742
8,0,8,1, 0.058316988974
8,0,8,4, 0.065334728837
8,0,8,5, 0.093512754338
8,0,8,6, 0.064022264832
8,0,8,9,-0.021072723301
8,0,9,3,-0.060946430448
8,0,9,8,-0.021072723301
8,1,0,3, 0.067483395519
8,1,0,8, 0.058316988974
8,1,1,3, 0.050553010152
8,1,1,8, 0.055754875329
8,1,3,0, 0.067483395519
8,1,3,1, 0.050553010152
8,1,3,4, 0.022924794513
8,1,3,5, 0.056045485288
8,1,3,6, 0.047524714702
8,1,3,9,-0.043502286461
8,1,4,3, 0.022924794513
8,1,4,8, 0.059593123871
8,1,5,3, 0.056045485288
8,1,5,8, 0.088197904801
8,1,6,3, 0.047524714702
8,1,6,8, 0.063143966569
8,1,8,0, 0.058316988974
8,1,8,1, 0.055754875329
8,1,8,4, 0.059593123871
8,1,8,5, 0.088197904801
8,1,8,6, 0.063143966569
8,1,8,9,-0.005386570627
8,1,9,3,-0.043502286461
8,1,9,8,-0.005386570627
8,2,2,3, 0.025939346413
8,2,2,8, 0.019325820322
8,2,3,2, 0.025939346413
8,2,3,7, 0.019325820322
8,2,7,3, 0.019325820322
8,2,7,8, 0.025939346413
8,2,8,2, 0.019325820322
8,2,8,7, 0.025939346413
8,3,0,0, 0.463166502633
8,3,0,1, 0.280584898781
8,3,0,4, 0.059805901459
8,3,0,5, 0.332493881488
8,3,0,6, 0.254103593582
8,3,0,9,-0.282138829111
8,3,1,0, 0.280584898781
8,3,1,1, 0.304856374487
8,3,1,4, 0.043821613245
8,3,1,5, 0.254103593582
8,3,1,6, 0.288328415998
8,3,1,9,-0.092058230699
8,3,2,2, 0.414811393874
8,3,2,7, 0.277003424621
8,3,3,3, 0.466690086701
8,3,3,8, 0.315655065266
8,3,4,0, 0.059805901459
8,3,4,1, 0.043821613245
8,3,4,4, 0.430142860603
8,3,4,5, 0.282138829111
8,3,4,6, 0.092058230699
8,3,4,9,-0.016732552913
8,3,5,0, 0.332493881488
8,3,5,1, 0.254103593582
8,3,5,4, 0.282138829111
8,3,5,5, 0.463166502633
8,3,5,6, 0.280584898781
8,3,5,9,-0.059805901459
8,3,6,0, 0.254103593582
8,3,6,1, 0.288328415998
8,3,6,4, 0.092058230699
8,3,6,5, 0.280584898781
8,3,6,6, 0.304856374487
8,3,6,9,-0.043821613245
8,3,7,2, 0.277003424621
8,3,7,7, 0.414811393874
8,3,8,3, 0.315655065266
8,3,8,8, 0.466690086701
8,3,9,0,-0.282138829111
8,3,9,1,-0.092058230699
8,3,9,4,-0.016732552913
8,3,9,5,-0.059805901459
8,3,9,6,-0.043821613245
8,3,9,9, 0.430142860603
8,4,0,3, 0.059805901459
8,4,0,8, 0.065334728837
8,4,1,3, 0.043821613245
8,4,1,8, 0.059593123871
8,4,3,0, 0.059805901459
8,4,3,1, 0.043821613245
8,4,3,4, 0.041270813143
8,4,3,5, 0.060946430448
8,4,3,6, 0.043502286461
8,4,3,9,-0.039421375184
8,4,4,3, 0.041270813143
8,4,4,8, 0.078073015829
8,4,5,3, 0.060946430448
8,4,5,8, 0.106264205663
8,4,6,3, 0.043502286461
8,4,6,8, 0.068098137010
8,4,8,0, 0.065334728837
8,4,8,1, 0.059593123871
8,4,8,4, 0.078073015829
8,4,8,5, 0.106264205663
8,4,8,6, 0.068098137010
8,4,8,9,-0.006039898526
8,4,9,3,-0.039421375184
8,4,9,8,-0.006039898526
8,5,0,3, 0.095024978855
8,5,0,8, 0.093512754338
8,5,1,3, 0.069878035184
8,5,1,8, 0.088197904801
8,5,3,0, 0.095024978855
8,5,3,1, 0.069878035184
8,5,3,4, 0.046373894132
8,5,3,5, 0.087877588406
8,5,3,6, 0.067483395519
8,5,3,9,-0.059805901459
8,5,4,3, 0.046373894132
8,5,4,8, 0.106264205663
8,5,5,3, 0.087877588406
8,5,5,8, 0.152608082603
8,5,6,3, 0.067483395519
8,5,6,8, 0.101353944495
8,5,8,0, 0.093512754338
8,5,8,1, 0.088197904801
8,5,8,4, 0.106264205663
8,5,8,5, 0.152608082603
8,5,8,6, 0.101353944495
8,5,9,3,-0.059805901459
8,6,0,3, 0.069878035184
8,6,0,8, 0.064022264832
8,6,1,3, 0.053166040579
8,6,1,8, 0.063143966569
8,6,3,0, 0.069878035184
8,6,3,1, 0.053166040579
8,6,3,4, 0.026983857494
8,6,3,5, 0.060555991948
8,6,3,6, 0.050553010152
8,6,3,9,-0.043821613245
8,6,4,3, 0.026983857494
8,6,4,8, 0.068098137010
8,6,5,3, 0.060555991948
8,6,5,8, 0.101353944495
8,6,6,3, 0.050553010152
8,6,6,8, 0.072461555243
8,6,8,0, 0.064022264832
8,6,8,1, 0.063143966569
8,6,8,4, 0.068098137010
8,6,8,5, 0.101353944495
8,6,8,6, 0.072461555243
8,6,9,3,-0.043821613245
8,7,2,3, 0.025577929626
8,7,2,8, 0.025939346413
8,7,3,2, 0.025577929626
8,7,3,7, 0.025939346413
8,7,7,3, 0.025939346413
8,7,7,8, 0.048105227081
8,7,8,2, 0.025939346413
8,7,8,7, 0.048105227081
8,8,0,0, 0.625394115167
8,8,0,1, 0.393576224403
8,8,0,4, 0.135373868347
8,8,0,5, 0.497042153705
8,8,0,6, 0.365788916489
8,8,0,9,-0.353891911171
8,8,1,0, 0.393576224403
8,8,1,1, 0.452890258692
8,8,1,4, 0.105436497621
8,8,1,5, 0.405807541430
8,8,1,6, 0.445544336346
8,8,1,9,-0.083084229585
8,8,2,2, 0.569492421335
8,8,2,7, 0.414811393874
8,8,3,3, 0.620648280586
8,8,3,8, 0.466690086701
8,8,4,0, 0.135373868347
8,8,4,1, 0.105436497621
8,8,4,4, 0.631534923732
8,8,4,5, 0.479809966274
8,8,4,6, 0.176458430224
8,8,4,9,-0.005469906549
8,8,5,0, 0.497042153705
8,8,5,1, 0.405807541430
8,8,5,4, 0.479809966274
8,8,5,5, 0.775037038942
8,8,5,6, 0.462081934851
8,8,6,0, 0.365788916489
8,8,6,1, 0.445544336346
8,8,6,4, 0.176458430224
8,8,6,5, 0.462081934851
8,8,6,6, 0.491073083906
8,8,7,2, 0.414811393874
8,8,7,7, 0.689508254834
8,8,8,3, 0.466690086701
8,8,8,8, 0.785718708997
8,8,9,0,-0.353891911171
8,8,9,1,-0.083084229585
8,8,9,4,-0.005469906549
8,8,9,9, 0.689508254834
8,9,0,3,-0.046373894132
8,9,0,8,-0.021072723301
8,9,1,3,-0.026983857494
8,9,1,8,-0.005386570627
8,9,3,0,-0.046373894132
8,9,3,1,-0.026983857494
8,9,3,4,-0.005682616892
8,9,3,5,-0.025936190955
8,9,3,6,-0.022924794513
8,9,3,9, 0.041270813143
8,9,4,3,-0.005682616892
8,9,4,8,-0.006039898526
8,9,5,3,-0.025936190955
8,9,6,3,-0.022924794513
8,9,8,0,-0.021072723301
8,9,8,1,-0.005386570627
8,9,8,4,-0.006039898526
8,9,8,9, 0.048105227081
8,9,9,3, 0.041270813143
8,9,9,8, 0.048105227081
9,0,0,0,-0.563406768443
9,0,0,1,-0.306990732254
9,0,0,4,-0.008176010687
9,0,0,5,-0.344917833381
9,0,0,6,-0.268640386348
9,0,0,9, 0.370161441207
9,0,1,0,-0.306990732254
9,0,1,1,-0.293452189703
9,0,1,4,-0.001296317006
9,0,1,5,-0.228497730446
9,0,1,6,-0.263061356474
9,0,1,9, 0.142152545313
9,0,2,2,-0.479809966274
9,0,2,7,-0.282138829111
9,0,3,3,-0.479809966274
9,0,3,8,-0.282138829111
9,0,4,0,-0.008176010687
9,0,4,1,-0.001296317006
9,0,4,4,-0.458060508077
9,0,4,5,-0.229769342868
9,0,4,6,-0.051630700756
9,0,4,9, 0.030003046531
9,0,5,0,-0.344917833381
9,0,5,1,-0.228497730446
9,0,5,4,-0.229769342868
9,0,5,5,-0.395425778437
9,0,5,6,-0.240169931945
9,0,5,9, 0.145901769542
9,0,6,0,-0.268640386348
9,0,6,1,-0.263061356474
9,0,6,4,-0.051630700756
9,0,6,5,-0.240169931945
9,0,6,6,-0.261995929182
9,0,6,9, 0.101785982567
9,0,7,2,-0.282138829111
9,0,7,7,-0.353891911171
9,0,8,3,-0.282138829111
9,0,8,8,-0.353891911171
9,0,9,0, 0.370161441207
9,0,9,1, 0.142152545313
9,0,9,4, 0.030003046531
9,0,9,5, 0.145901769542
9,0,9,6, 0.101785982567
9,0,9,9,-0.414448700333
9,1,0,0,-0.200316104868
9,1,0,1,-0.106671742468
9,1,0,4, 0.013706515101
9,1,0,5,-0.108282947194
9,1,0,6,-0.089846913252
9,1,0,9, 0.142152545313
9,1,1,0,-0.106671742468
9,1,1,1,-0.093443948516
9,1,1,4, 0.014690770719
9,1,1,5,-0.060541737961
9,1,1,6,-0.075398747439
9,1,1,9, 0.070468243809
9,1,2,2,-0.176458430224
9,1,2,7,-0.092058230699
9,1,3,3,-0.176458430224
9,1,3,8,-0.092058230699
9,1,4,0, 0.013706515101
9,1,4,1, 0.014690770719
9,1,4,4,-0.152239048619
9,1,4,5,-0.051630700756
9,1,4,6,-0.001633633472
9,1,4,9, 0.021357598331
9,1,5,0,-0.108282947194
9,1,5,1,-0.060541737961
9,1,5,4,-0.051630700756
9,1,5,5,-0.089806982409
9,1,5,6,-0.056176573038
9,1,5,9, 0.090668811339
9,1,6,0,-0.089846913252
9,1,6,1,-0.075398747439
9,1,6,4,-0.001633633472
9,1,6,5,-0.056176573038
9,1,6,6,-0.064225216547
9,1,6,9, 0.065089066221
9,1,7,2,-0.092058230699
9,1,7,7,-0.083084229585
9,1,8,3,-0.092058230699
9,1,8,8,-0.083084229585
9,1,9,0, 0.142152545313
9,1,9,1, 0.070468243809
9,1,9,4, 0.021357598331
9,1,9,5, 0.090668811339
9,1,9,6, 0.065089066221
9,1,9,9,-0.093987539194
9,2,0,2,-0.106264205663
9,2,0,7,-0.060946430448
9,2,1,2,-0.068098137010
9,2,1,7,-0.043502286461
9,2,2,0,-0.106264205663
9,2,2,1,-0.068098137010
9,2,2,4,-0.006039898526
9,2,2,5,-0.065334728837
9,2,2,6,-0.059593123871
9,2,2,9, 0.078073015829
9,2,4,2,-0.006039898526
9,2,4,7,-0.039421375184
9,2,5,2,-0.065334728837
9,2,5,7,-0.059805901459
9,2,6,2,-0.059593123871
9,2,6,7,-0.043821613245
9,2,7,0,-0.060946430448
9,2,7,1,-0.043502286461
9,2,7,4,-0.039421375184
9,2,7,5,-0.059805901459
9,2,7,6,-0.043821613245
9,2,7,9, 0.041270813143
9,2,9,2, 0.078073015829
9,2,9,7, 0.041270813143
9,3,0,3,-0.106264205663
9,3,0,8,-0.060946430448
9,3,1,3,-0.068098137010
9,3,1,8,-0.043502286461
9,3,3,0,-0.106264205663
9,3,3,1,-0.068098137010
9,3,3,4,-0.006039898526
9,3,3,5,-0.065334728837
9,3,3,6,-0.059593123871
9,3,3,9, 0.078073015829
9,3,4,3,-0.006039898526
9,3,4,8,-0.039421375184
9,3,5,3,-0.065334728837
9,3,5,8,-0.059805901459
9,3,6,3,-0.059593123871
9,3,6,8,-0.043821613245
9,3,8,0,-0.060946430448
9,3,8,1,-0.043502286461
9,3,8,4,-0.039421375184
9,3,8,5,-0.059805901459
9,3,8,6,-0.043821613245
9,3,8,9, 0.041270813143
9,3,9,3, 0.078073015829
9,3,9,8, 0.041270813143
9,4,0,0,-0.011984843796
9,4,0,1, 0.001190467858
9,4,0,4,-0.055067731231
9,4,0,5,-0.021945646209
9,4,0,6,-0.002164410812
9,4,0,9, 0.030003046531
9,4,1,0, 0.001190467858
9,4,1,1, 0.014286210975
9,4,1,4,-0.028604139937
9,4,1,5,-0.002164410812
9,4,1,6, 0.012159303492
9,4,1,9, 0.021357598331
9,4,2,2,-0.005469906549
9,4,2,7,-0.016732552913
9,4,3,3,-0.005469906549
9,4,3,8,-0.016732552913
9,4,4,0,-0.055067731231
9,4,4,1,-0.028604139937
9,4,4,4, 0.009796537710
9,4,4,5,-0.030003046531
9,4,4,6,-0.021357598331
9,4,4,9, 0.049629716873
9,4,5,0,-0.021945646209
9,4,5,1,-0.002164410812
9,4,5,4,-0.030003046531
9,4,5,5,-0.011984843796
9,4,5,6, 0.001190467858
9,4,5,9, 0.055067731231
9,4,6,0,-0.002164410812
9,4,6,1, 0.012159303492
9,4,6,4,-0.021357598331
9,4,6,5, 0.001190467858
9,4,6,6, 0.014286210975
9,4,6,9, 0.028604139937
9,4,7,2,-0.016732552913
9,4,7,7,-0.005469906549
9,4,8,3,-0.016732552913
9,4,8,8,-0.005469906549
9,4,9,0, 0.030003046531
9,4,9,1, 0.021357598331
9,4,9,4, 0.049629716873
9,4,9,5, 0.055067731231
9,4,9,6, 0.028604139937
9,4,9,9, 0.009796537710
9,5,0,0,-0.169243725288
9,5,0,1,-0.075819088526
9,5,0,4, 0.010714775357
9,5,0,5,-0.074688633936
9,5,0,6,-0.060331651075
9,5,0,9, 0.145901769542
9,5,1,0,-0.075819088526
9,5,1,1,-0.042026895933
9,5,1,4, 0.020065816274
9,5,1,5,-0.016265698988
9,5,1,6,-0.021800089649
9,5,1,9, 0.090668811339
9,5,2,2,-0.135373868347
9,5,2,7,-0.059805901459
9,5,3,3,-0.135373868347
9,5,3,8,-0.059805901459
9,5,4,0, 0.010714775357
9,5,4,1, 0.020065816274
9,5,4,4,-0.097503446843
9,5,4,5,-0.008176010687
9,5,4,6, 0.013706515101
9,5,4,9, 0.055067731231
9,5,5,0,-0.074688633936
9,5,5,1,-0.016265698988
9,5,5,4,-0.008176010687
9,5,5,9, 0.152608082603
9,5,6,0,-0.060331651075
9,5,6,1,-0.021800089649
9,5,6,4, 0.013706515101
9,5,6,9, 0.101353944495
9,5,7,2,-0.059805901459
9,5,8,3,-0.059805901459
9,5,9,0, 0.145901769542
9,5,9,1, 0.090668811339
9,5,9,4, 0.055067731231
9,5,9,5, 0.152608082603
9,5,9,6, 0.101353944495
9,6,0,0,-0.123874706694
9,6,0,1,-0.058517173919
9,6,0,4, 0.020065816274
9,6,0,5,-0.051825886941
9,6,0,6,-0.045829410296
9,6,0,9, 0.101785982567
9,6,1,0,-0.058517173919
9,6,1,1,-0.035641643262
9,6,1,4, 0.021303047677
9,6,1,5,-0.012171342894
9,6,1,6,-0.018338546711
9,6,1,9, 0.065089066221
9,6,2,2,-0.105436497621
9,6,2,7,-0.043821613245
9,6,3,3,-0.105436497621
9,6,3,8,-0.043821613245
9,6,4,0, 0.020065816274
9,6,4,1, 0.021303047677
9,6,4,4,-0.076224705753
9,6,4,5,-0.001296317006
9,6,4,6, 0.014690770719
9,6,4,9, 0.028604139937
9,6,5,0,-0.051825886941
9,6,5,1,-0.012171342894
9,6,5,4,-0.001296317006
9,6,5,9, 0.101353944495
9,6,6,0,-0.045829410296
9,6,6,1,-0.018338546711
9,6,6,4, 0.014690770719
9,6,6,9, 0.072461555243
9,6,7,2,-0.043821613245
9,6,8,3,-0.043821613245
9,6,9,0, 0.101785982567
9,6,9,1, 0.065089066221
9,6,9,4, 0.028604139937
9,6,9,5, 0.101353944495
9,6,9,6, 0.072461555243
9,7,0,2,-0.046373894132
9,7,0,7,-0.021072723301
9,7,1,2,-0.026983857494
9,7,1,7,-0.005386570627
9,7,2,0,-0.046373894132
9,7,2,1,-0.026983857494
9,7,2,4,-0.005682616892
9,7,2,5,-0.025936190955
9,7,2,6,-0.022924794513
9,7,2,9, 0.041270813143
9,7,4,2,-0.005682616892
9,7,4,7,-0.006039898526
9,7,5,2,-0.025936190955
9,7,6,2,-0.022924794513
9,7,7,0,-0.021072723301
9,7,7,1,-0.005386570627
9,7,7,4,-0.006039898526
9,7,7,9, 0.048105227081
9,7,9,2, 0.041270813143
9,7,9,7, 0.048105227081
9,8,0,3,-0.046373894132
9,8,0,8,-0.021072723301
9,8,1,3,-0.026983857494
9,8,1,8,-0.005386570627
9,8,3,0,-0.046373894132
9,8,3,1,-0.026983857494
9,8,3,4,-0.005682616892
9,8,3,5,-0.025936190955
9,8,3,6,-0.022924794513
9,8,3,9, 0.041270813143
9,8,4,3,-0.005682616892
9,8,4,8,-0.006039898526
9,8,5,3,-0.025936190955
9,8,6,3,-0.022924794513
9,8,8,0,-0.021072723301
9,8,8,1,-0.005386570627
9,8,8,4,-0.006039898526
9,8,8,9, 0.048105227081
9,8,9,3, 0.041270813143
9,8,9,8, 0.048105227081
9,9,0,0, 0.713333340929
9,9,0,1, 0.421318842541
9,9,0,4, 0.097503446843
9,9,0,5, 0.519986011259
9,9,0,6, 0.385287265437
9,9,0,9,-0.414448700333
9,9,1,0, 0.421318842541
9,9,1,1, 0.459343980827
9,9,1,4, 0.076224705753
9,9,1,5, 0.406880204714
9,9,1,6, 0.447261663798
9,9,1,9,-0.093987539194
9,9,2,2, 0.631534923732
9,9,2,7, 0.430142860603
9,9,3,3, 0.631534923732
9,9,3,8, 0.430142860603
9,9,4,0, 0.097503446843
9,9,4,1, 0.076224705753
9,9,4,4, 0.662273338414
9,9,4,5, 0.458060508077
9,9,4,6, 0.152239048619
9,9,4,9, 0.009796537710
9,9,5,0, 0.519986011259
9,9,5,1, 0.406880204714
9,9,5,4, 0.458060508077
9,9,5,5, 0.775037038942
9,9,5,6, 0.462081934851
9,9,6,0, 0.385287265437
9,9,6,1, 0.447261663798
9,9,6,4, 0.152239048619
9,9,6,5, 0.462081934851
9,9,6,6, 0.491073083906
9,9,7,2, 0.430142860603
9,9,7,7, 0.689508254834
9,9,8,3, 0.430142860603
9,9,8,8, 0.689508254834
9,9,9,0,-0.414448700333
9,9,9,1,-0.093987539194
9,9,9,4, 0.009796537710
9,9,9,9, 0.785718708997
