0,0,0,0, 0.897251802255
0,0,0,1, 0.504699283325
0,0,0,5, 0.168407967080
0,0,0,6, 0.294060356588
0,0,0,9,-0.239014647953
0,0,1,0, 0.504699283325
0,0,1,1, 0.507364877272
0,0,1,5, 0.201479161833
0,0,1,6, 0.339419988176
0,0,1,9,-0.156331836738
0,0,2,2, 0.775037038942
0,0,2,7, 0.093877040956
0,0,3,3, 0.775037038942
0,0,3,8, 0.093877040956
0,0,4,4, 0.775037038942
0,0,4,5, 0.194667984613
0,0,4,6, 0.119783979492
0,0,4,9,-0.297336584772
0,0,5,0, 0.168407967080
0,0,5,1, 0.201479161833
0,0,5,4, 0.194667984613
0,0,5,5, 0.430860978616
0,0,5,6, 0.287486435769
0,0,5,9,-0.107944780164
0,0,6,0, 0.294060356588
0,0,6,1, 0.339419988176
0,0,6,4, 0.119783979492
0,0,6,5, 0.287486435769
0,0,6,6, 0.373806394277
0,0,6,9,-0.094544302697
0,0,7,2, 0.093877040956
0,0,7,7, 0.407096809522
0,0,8,3, 0.093877040956
0,0,8,8, 0.407096809522
0,0,9,0,-0.239014647953
0,0,9,1,-0.156331836738
0,0,9,4,-0.297336584772
0,0,9,5,-0.107944780164
0,0,9,6,-0.094544302697
0,0,9,9, 0.472566105180
0,1,0,0, 0.504699283325
0,1,0,1, 0.300015949963
0,1,0,5, 0.102600975375
0,1,0,6, 0.176050560475
0,1,0,9,-0.142046167343
0,1,1,0, 0.300015949963
0,1,1,1, 0.324022459289
0,1,1,5, 0.130641629639
0,1,1,6, 0.219090500203
0,1,1,9,-0.095440650285
0,1,2,2, 0.462081934851
0,1,2,7, 0.059168554092
0,1,3,3, 0.462081934851
0,1,3,8, 0.059168554092
0,1,4,4, 0.462081934851
0,1,4,5, 0.122239833721
0,1,4,6, 0.075093321406
0,1,4,9,-0.182305446405
0,1,5,0, 0.102600975375
0,1,5,1, 0.130641629639
0,1,5,4, 0.122239833721
0,1,5,5, 0.287486435769
0,1,5,6, 0.190531803089
0,1,5,9,-0.063645368131
0,1,6,0, 0.176050560475
0,1,6,1, 0.219090500203
0,1,6,4, 0.075093321406
0,1,6,5, 0.190531803089
0,1,6,6, 0.247192335026
0,1,6,9,-0.055093666319
0,1,7,2, 0.059168554092
0,1,7,7, 0.274137574338
0,1,8,3, 0.059168554092
0,1,8,8, 0.274137574338
0,1,9,0,-0.142046167343
0,1,9,1,-0.095440650285
0,1,9,4,-0.182305446405
0,1,9,5,-0.063645368131
0,1,9,6,-0.055093666319
0,1,9,9, 0.305785228161
0,2,0,2, 0.152608082603
0,2,0,7, 0.016592420731
0,2,1,2, 0.101353944495
0,2,1,7, 0.020921433147
0,2,2,0, 0.152608082603
0,2,2,1, 0.101353944495
0,2,2,5, 0.023692786587
0,2,2,6, 0.056969835632
0,2,2,9,-0.034477420589
0,2,4,7, 0.020510706559
0,2,5,2, 0.023692786587
0,2,5,7, 0.030270437474
0,2,6,2, 0.056969835632
0,2,6,7, 0.026465256526
0,2,7,0, 0.016592420731
0,2,7,1, 0.020921433147
0,2,7,4, 0.020510706559
0,2,7,5, 0.030270437474
0,2,7,6, 0.026465256526
0,2,7,9,-0.018631642285
0,2,9,2,-0.034477420589
0,2,9,7,-0.018631642285
0,3,0,3, 0.152608082603
0,3,0,8, 0.016592420731
0,3,1,3, 0.101353944495
0,3,1,8, 0.020921433147
0,3,3,0, 0.152608082603
0,3,3,1, 0.101353944495
0,3,3,5, 0.023692786587
0,3,3,6, 0.056969835632
0,3,3,9,-0.034477420589
0,3,4,8, 0.020510706559
0,3,5,3, 0.023692786587
0,3,5,8, 0.030270437474
0,3,6,3, 0.056969835632
0,3,6,8, 0.026465256526
0,3,8,0, 0.016592420731
0,3,8,1, 0.020921433147
0,3,8,4, 0.020510706559
0,3,8,5, 0.030270437474
0,3,8,6, 0.026465256526
0,3,8,9,-0.018631642285
0,3,9,3,-0.034477420589
0,3,9,8,-0.018631642285
0,4,0,4, 0.152608082603
0,4,0,5, 0.034787027897
0,4,0,6, 0.021671724612
0,4,0,9,-0.054161167088
0,4,1,4, 0.101353944495
0,4,1,5, 0.043450566696
0,4,1,6, 0.030985839966
0,4,1,9,-0.039243051676
0,4,2,7, 0.020510706559
0,4,3,8, 0.020510706559
0,4,4,0, 0.152608082603
0,4,4,1, 0.101353944495
0,4,4,5, 0.057973635766
0,4,4,6, 0.063603412199
0,4,4,9,-0.088826738580
0,4,5,0, 0.034787027897
0,4,5,1, 0.043450566696
0,4,5,4, 0.057973635766
0,4,5,5, 0.107944780164
0,4,5,6, 0.063645368131
0,4,5,9,-0.043399576430
0,4,6,0, 0.021671724612
0,4,6,1, 0.030985839966
0,4,6,4, 0.063603412199
0,4,6,5, 0.063645368131
0,4,6,6, 0.054759426175
0,4,6,9,-0.031265553858
0,4,7,2, 0.020510706559
0,4,7,7, 0.093384225154
0,4,8,3, 0.020510706559
0,4,8,8, 0.093384225154
0,4,9,0,-0.054161167088
0,4,9,1,-0.039243051676
0,4,9,4,-0.088826738580
0,4,9,5,-0.043399576430
0,4,9,6,-0.031265553858
0,4,9,9, 0.124563441461
0,5,0,0, 0.168407967080
0,5,0,1, 0.102600975375
0,5,0,4, 0.034787027897
0,5,0,5, 0.048406970824
0,5,0,6, 0.067132362622
0,5,0,9,-0.065326833960
0,5,1,0, 0.102600975375
0,5,1,1, 0.114528923503
0,5,1,4, 0.026255920711
0,5,1,5, 0.067132362622
0,5,1,6, 0.090340370509
0,5,1,9,-0.045431902533
0,5,2,2, 0.152820100020
0,5,2,7, 0.027788620928
0,5,3,3, 0.152820100020
0,5,3,8, 0.027788620928
0,5,4,0, 0.034787027897
0,5,4,1, 0.026255920711
0,5,4,4, 0.167530699322
0,5,4,5, 0.065326833960
0,5,4,6, 0.045431902533
0,5,4,9,-0.093294093664
0,5,5,0, 0.048406970824
0,5,5,1, 0.067132362622
0,5,5,4, 0.065326833960
0,5,5,5, 0.168407967080
0,5,5,6, 0.102600975375
0,5,5,9,-0.034787027897
0,5,6,0, 0.067132362622
0,5,6,1, 0.090340370509
0,5,6,4, 0.045431902533
0,5,6,5, 0.102600975375
0,5,6,6, 0.114528923503
0,5,6,9,-0.026255920711
0,5,7,2, 0.027788620928
0,5,7,7, 0.152820100020
0,5,8,3, 0.027788620928
0,5,8,8, 0.152820100020
0,5,9,0,-0.065326833960
0,5,9,1,-0.045431902533
0,5,9,4,-0.093294093664
0,5,9,5,-0.034787027897
0,5,9,6,-0.026255920711
0,5,9,9, 0.167530699322
0,6,0,0, 0.294060356588
0,6,0,1, 0.176050560475
0,6,0,4, 0.021671724612
0,6,0,5, 0.067132362622
0,6,0,6, 0.107390565659
0,6,0,9,-0.092352406279
0,6,1,0, 0.176050560475
0,6,1,1, 0.192230172095
0,6,1,4, 0.016316235087
0,6,1,5, 0.088164326902
0,6,1,6, 0.137614589633
0,6,1,9,-0.062888531074
0,6,2,2, 0.269909673035
0,6,2,7, 0.039014235627
0,6,3,3, 0.269909673035
0,6,3,8, 0.039014235627
0,6,4,0, 0.021671724612
0,6,4,1, 0.016316235087
0,6,4,4, 0.272794771015
0,6,4,5, 0.083523984923
0,6,4,6, 0.055318374434
0,6,4,9,-0.122867306696
0,6,5,0, 0.067132362622
0,6,5,1, 0.088164326902
0,6,5,4, 0.083523984923
0,6,5,5, 0.201479161833
0,6,5,6, 0.130641629639
0,6,5,9,-0.043450566696
0,6,6,0, 0.107390565659
0,6,6,1, 0.137614589633
0,6,6,4, 0.055318374434
0,6,6,5, 0.130641629639
0,6,6,6, 0.162015937756
0,6,6,9,-0.036261537427
0,6,7,2, 0.039014235627
0,6,7,7, 0.190682100141
0,6,8,3, 0.039014235627
0,6,8,8, 0.190682100141
0,6,9,0,-0.092352406279
0,6,9,1,-0.062888531074
0,6,9,4,-0.122867306696
0,6,9,5,-0.043450566696
0,6,9,6,-0.036261537427
0,6,9,9, 0.210400479684
0,7,0,2, 0.016592420731
0,7,0,7, 0.006597785420
0,7,1,2, 0.012644419290
0,7,1,7, 0.011322273279
0,7,2,0, 0.016592420731
0,7,2,1, 0.012644419290
0,7,2,4, 0.008786390009
0,7,2,5, 0.006113180583
0,7,2,6, 0.009093376146
0,7,2,9,-0.008780931213
0,7,4,2, 0.008786390009
0,7,4,7, 0.009778720013
0,7,5,2, 0.006113180583
0,7,5,7, 0.023692786587
0,7,6,2, 0.009093376146
0,7,6,7, 0.017013124513
0,7,7,0, 0.006597785420
0,7,7,1, 0.011322273279
0,7,7,4, 0.009778720013
0,7,7,5, 0.023692786587
0,7,7,6, 0.017013124513
0,7,7,9,-0.009059522016
0,7,9,2,-0.008780931213
0,7,9,7,-0.009059522016
0,8,0,3, 0.016592420731
0,8,0,8, 0.006597785420
0,8,1,3, 0.012644419290
0,8,1,8, 0.011322273279
0,8,3,0, 0.016592420731
0,8,3,1, 0.012644419290
0,8,3,4, 0.008786390009
0,8,3,5, 0.006113180583
0,8,3,6, 0.009093376146
0,8,3,9,-0.008780931213
0,8,4,3, 0.008786390009
0,8,4,8, 0.009778720013
0,8,5,3, 0.006113180583
0,8,5,8, 0.023692786587
0,8,6,3, 0.009093376146
0,8,6,8, 0.017013124513
0,8,8,0, 0.006597785420
0,8,8,1, 0.011322273279
0,8,8,4, 0.009778720013
0,8,8,5, 0.023692786587
0,8,8,6, 0.017013124513
0,8,8,9,-0.009059522016
0,8,9,3,-0.008780931213
0,8,9,8,-0.009059522016
0,9,0,0,-0.239014647953
0,9,0,1,-0.142046167343
0,9,0,4,-0.054161167088
0,9,0,5,-0.065326833960
0,9,0,6,-0.092352406279
0,9,0,9, 0.092439972037
0,9,1,0,-0.142046167343
0,9,1,1,-0.151484566958
0,9,1,4,-0.038340384158
0,9,1,5,-0.083523984923
0,9,1,6,-0.116074632965
0,9,1,9, 0.065003572379
0,9,2,2,-0.212506662871
0,9,2,7,-0.037410765980
0,9,3,3,-0.212506662871
0,9,3,8,-0.037410765980
0,9,4,0,-0.054161167088
0,9,4,1,-0.038340384158
0,9,4,4,-0.235709121272
0,9,4,5,-0.087655645897
0,9,4,6,-0.062710101957
0,9,4,9, 0.130892297989
0,9,5,0,-0.065326833960
0,9,5,1,-0.083523984923
0,9,5,4,-0.087655645897
0,9,5,5,-0.194667984613
0,9,5,6,-0.122239833721
0,9,5,9, 0.057973635766
0,9,6,0,-0.092352406279
0,9,6,1,-0.116074632965
0,9,6,4,-0.062710101957
0,9,6,5,-0.122239833721
0,9,6,6,-0.140403262129
0,9,6,9, 0.043914004563
0,9,7,2,-0.037410765980
0,9,7,7,-0.178045345751
0,9,8,3,-0.037410765980
0,9,8,8,-0.178045345751
0,9,9,0, 0.092439972037
0,9,9,1, 0.065003572379
0,9,9,4, 0.130892297989
0,9,9,5, 0.057973635766
0,9,9,6, 0.043914004563
0,9,9,9,-0.209580958445
1,0,0,0, 0.504699283325
1,0,0,1, 0.300015949963
1,0,0,5, 0.102600975375
1,0,0,6, 0.176050560475
1,0,0,9,-0.142046167343
1,0,1,0, 0.300015949963
1,0,1,1, 0.324022459289
1,0,1,5, 0.130641629639
1,0,1,6, 0.219090500203
1,0,1,9,-0.095440650285
1,0,2,2, 0.462081934851
1,0,2,7, 0.059168554092
1,0,3,3, 0.462081934851
1,0,3,8, 0.059168554092
1,0,4,4, 0.462081934851
1,0,4,5, 0.122239833721
1,0,4,6, 0.075093321406
1,0,4,9,-0.182305446405
1,0,5,0, 0.102600975375
1,0,5,1, 0.130641629639
1,0,5,4, 0.122239833721
1,0,5,5, 0.287486435769
1,0,5,6, 0.190531803089
1,0,5,9,-0.063645368131
1,0,6,0, 0.176050560475
1,0,6,1, 0.219090500203
1,0,6,4, 0.075093321406
1,0,6,5, 0.190531803089
1,0,6,6, 0.247192335026
1,0,6,9,-0.055093666319
1,0,7,2, 0.059168554092
1,0,7,7, 0.274137574338
1,0,8,3, 0.059168554092
1,0,8,8, 0.274137574338
1,0,9,0,-0.142046167343
1,0,9,1,-0.095440650285
1,0,9,4,-0.182305446405
1,0,9,5,-0.063645368131
1,0,9,6,-0.055093666319
1,0,9,9, 0.305785228161
1,1,0,0, 0.507364877272
1,1,0,1, 0.324022459289
1,1,0,5, 0.114528923503
1,1,0,6, 0.192230172095
1,1,0,9,-0.151484566958
1,1,1,0, 0.324022459289
1,1,1,1, 0.394125899248
1,1,1,5, 0.162015937756
1,1,1,6, 0.272550371539
1,1,1,9,-0.102718191861
1,1,2,2, 0.491073083906
1,1,2,7, 0.068252979390
1,1,3,3, 0.491073083906
1,1,3,8, 0.068252979390
1,1,4,4, 0.491073083906
1,1,4,5, 0.140403262129
1,1,4,6, 0.086178434494
1,1,4,9,-0.200707196150
1,1,5,0, 0.114528923503
1,1,5,1, 0.162015937756
1,1,5,4, 0.140403262129
1,1,5,5, 0.373806394277
1,1,5,6, 0.247192335026
1,1,5,9,-0.054759426175
1,1,6,0, 0.192230172095
1,1,6,1, 0.272550371539
1,1,6,4, 0.086178434494
1,1,6,5, 0.247192335026
1,1,6,6, 0.324532785089
1,1,6,9,-0.047845212320
1,1,7,2, 0.068252979390
1,1,7,7, 0.363545133761
1,1,8,3, 0.068252979390
1,1,8,8, 0.363545133761
1,1,9,0,-0.151484566958
1,1,9,1,-0.102718191861
1,1,9,4,-0.200707196150
1,1,9,5,-0.054759426175
1,1,9,6,-0.047845212320
1,1,9,9, 0.378792102501
1,2,0,2, 0.101353944495
1,2,0,7, 0.012644419290
1,2,1,2, 0.072461555243
1,2,1,7, 0.017492557663
1,2,2,0, 0.101353944495
1,2,2,1, 0.072461555243
1,2,2,5, 0.017013124513
1,2,2,6, 0.040964941464
1,2,2,9,-0.024182320197
1,2,4,7, 0.016016535642
1,2,5,2, 0.017013124513
1,2,5,7, 0.026465256526
1,2,6,2, 0.040964941464
1,2,6,7, 0.022915964932
1,2,7,0, 0.012644419290
1,2,7,1, 0.017492557663
1,2,7,4, 0.016016535642
1,2,7,5, 0.026465256526
1,2,7,6, 0.022915964932
1,2,7,9,-0.014643641282
1,2,9,2,-0.024182320197
1,2,9,7,-0.014643641282
1,3,0,3, 0.101353944495
1,3,0,8, 0.012644419290
1,3,1,3, 0.072461555243
1,3,1,8, 0.017492557663
1,3,3,0, 0.101353944495
1,3,3,1, 0.072461555243
1,3,3,5, 0.017013124513
1,3,3,6, 0.040964941464
1,3,3,9,-0.024182320197
1,3,4,8, 0.016016535642
1,3,5,3, 0.017013124513
1,3,5,8, 0.026465256526
1,3,6,3, 0.040964941464
1,3,6,8, 0.022915964932
1,3,8,0, 0.012644419290
1,3,8,1, 0.017492557663
1,3,8,4, 0.016016535642
1,3,8,5, 0.026465256526
1,3,8,6, 0.022915964932
1,3,8,9,-0.014643641282
1,3,9,3,-0.024182320197
1,3,9,8,-0.014643641282
1,4,0,4, 0.101353944495
1,4,0,5, 0.026255920711
1,4,0,6, 0.016316235087
1,4,0,9,-0.038340384158
1,4,1,4, 0.072461555243
1,4,1,5, 0.036261537427
1,4,1,6, 0.026288076002
1,4,1,9,-0.028943493703
1,4,2,7, 0.016016535642
1,4,3,8, 0.016016535642
1,4,4,0, 0.101353944495
1,4,4,1, 0.072461555243
1,4,4,5, 0.043914004563
1,4,4,6, 0.046203263335
1,4,4,9,-0.064235879573
1,4,5,0, 0.026255920711
1,4,5,1, 0.036261537427
1,4,5,4, 0.043914004563
1,4,5,5, 0.094544302697
1,4,5,6, 0.055093666319
1,4,5,9,-0.031265553858
1,4,6,0, 0.016316235087
1,4,6,1, 0.026288076002
1,4,6,4, 0.046203263335
1,4,6,5, 0.055093666319
1,4,6,6, 0.047845212320
1,4,6,9,-0.021906362835
1,4,7,2, 0.016016535642
1,4,7,7, 0.083630355909
1,4,8,3, 0.016016535642
1,4,8,8, 0.083630355909
1,4,9,0,-0.038340384158
1,4,9,1,-0.028943493703
1,4,9,4,-0.064235879573
1,4,9,5,-0.031265553858
1,4,9,6,-0.021906362835
1,4,9,9, 0.100482183471
1,5,0,0, 0.201479161833
1,5,0,1, 0.130641629639
1,5,0,4, 0.043450566696
1,5,0,5, 0.067132362622
1,5,0,6, 0.088164326902
1,5,0,9,-0.083523984923
1,5,1,0, 0.130641629639
1,5,1,1, 0.162015937756
1,5,1,4, 0.036261537427
1,5,1,5, 0.107390565659
1,5,1,6, 0.137614589633
1,5,1,9,-0.055318374434
1,5,2,2, 0.190682100141
1,5,2,7, 0.039014235627
1,5,3,3, 0.190682100141
1,5,3,8, 0.039014235627
1,5,4,0, 0.043450566696
1,5,4,1, 0.036261537427
1,5,4,4, 0.210400479684
1,5,4,5, 0.092352406279
1,5,4,6, 0.062888531074
1,5,4,9,-0.122867306696
1,5,5,0, 0.067132362622
1,5,5,1, 0.107390565659
1,5,5,4, 0.092352406279
1,5,5,5, 0.294060356588
1,5,5,6, 0.176050560475
1,5,5,9,-0.021671724612
1,5,6,0, 0.088164326902
1,5,6,1, 0.137614589633
1,5,6,4, 0.062888531074
1,5,6,5, 0.176050560475
1,5,6,6, 0.192230172095
1,5,6,9,-0.016316235087
1,5,7,2, 0.039014235627
1,5,7,7, 0.269909673035
1,5,8,3, 0.039014235627
1,5,8,8, 0.269909673035
1,5,9,0,-0.083523984923
1,5,9,1,-0.055318374434
1,5,9,4,-0.122867306696
1,5,9,5,-0.021671724612
1,5,9,6,-0.016316235087
1,5,9,9, 0.272794771015
1,6,0,0, 0.339419988176
1,6,0,1, 0.219090500203
1,6,0,4, 0.030985839966
1,6,0,5, 0.090340370509
1,6,0,6, 0.137614589633
1,6,0,9,-0.116074632965
1,6,1,0, 0.219090500203
1,6,1,1, 0.272550371539
1,6,1,4, 0.026288076002
1,6,1,5, 0.137614589633
1,6,1,6, 0.209027453436
1,6,1,9,-0.077180802019
1,6,2,2, 0.328894518594
1,6,2,7, 0.054047979632
1,6,3,3, 0.328894518594
1,6,3,8, 0.054047979632
1,6,4,0, 0.030985839966
1,6,4,1, 0.026288076002
1,6,4,4, 0.333731663878
1,6,4,5, 0.116074632965
1,6,4,6, 0.077180802019
1,6,4,9,-0.160488312870
1,6,5,0, 0.090340370509
1,6,5,1, 0.137614589633
1,6,5,4, 0.116074632965
1,6,5,5, 0.339419988176
1,6,5,6, 0.219090500203
1,6,5,9,-0.030985839966
1,6,6,0, 0.137614589633
1,6,6,1, 0.209027453436
1,6,6,4, 0.077180802019
1,6,6,5, 0.219090500203
1,6,6,6, 0.272550371539
1,6,6,9,-0.026288076002
1,6,7,2, 0.054047979632
1,6,7,7, 0.328894518594
1,6,8,3, 0.054047979632
1,6,8,8, 0.328894518594
1,6,9,0,-0.116074632965
1,6,9,1,-0.077180802019
1,6,9,4,-0.160488312870
1,6,9,5,-0.030985839966
1,6,9,6,-0.026288076002
1,6,9,9, 0.333731663878
1,7,0,2, 0.020921433147
1,7,0,7, 0.011322273279
1,7,1,2, 0.017492557663
1,7,1,7, 0.024456965577
1,7,2,0, 0.020921433147
1,7,2,1, 0.017492557663
1,7,2,4, 0.011269862752
1,7,2,5, 0.009093376146
1,7,2,6, 0.013049228864
1,7,2,9,-0.012023439147
1,7,4,2, 0.011269862752
1,7,4,7, 0.016305571058
1,7,5,2, 0.009093376146
1,7,5,7, 0.056969835632
1,7,6,2, 0.013049228864
1,7,6,7, 0.040964941464
1,7,7,0, 0.011322273279
1,7,7,1, 0.024456965577
1,7,7,4, 0.016305571058
1,7,7,5, 0.056969835632
1,7,7,6, 0.040964941464
1,7,7,9,-0.007040087690
1,7,9,2,-0.012023439147
1,7,9,7,-0.007040087690
1,8,0,3, 0.020921433147
1,8,0,8, 0.011322273279
1,8,1,3, 0.017492557663
1,8,1,8, 0.024456965577
1,8,3,0, 0.020921433147
1,8,3,1, 0.017492557663
1,8,3,4, 0.011269862752
1,8,3,5, 0.009093376146
1,8,3,6, 0.013049228864
1,8,3,9,-0.012023439147
1,8,4,3, 0.011269862752
1,8,4,8, 0.016305571058
1,8,5,3, 0.009093376146
1,8,5,8, 0.056969835632
1,8,6,3, 0.013049228864
1,8,6,8, 0.040964941464
1,8,8,0, 0.011322273279
1,8,8,1, 0.024456965577
1,8,8,4, 0.016305571058
1,8,8,5, 0.056969835632
1,8,8,6, 0.040964941464
1,8,8,9,-0.007040087690
1,8,9,3,-0.012023439147
1,8,9,8,-0.007040087690
1,9,0,0,-0.156331836738
1,9,0,1,-0.095440650285
1,9,0,4,-0.039243051676
1,9,0,5,-0.045431902533
1,9,0,6,-0.062888531074
1,9,0,9, 0.065003572379
1,9,1,0,-0.095440650285
1,9,1,1,-0.102718191861
1,9,1,4,-0.028943493703
1,9,1,5,-0.055318374434
1,9,1,6,-0.077180802019
1,9,1,9, 0.051203374699
1,9,2,2,-0.142866096118
1,9,2,7,-0.026855996102
1,9,3,3,-0.142866096118
1,9,3,8,-0.026855996102
1,9,4,0,-0.039243051676
1,9,4,1,-0.028943493703
1,9,4,4,-0.160588872687
1,9,4,5,-0.062710101957
1,9,4,6,-0.045145358155
1,9,4,9, 0.093971465256
1,9,5,0,-0.045431902533
1,9,5,1,-0.055318374434
1,9,5,4,-0.062710101957
1,9,5,5,-0.119783979492
1,9,5,6,-0.075093321406
1,9,5,9, 0.063603412199
1,9,6,0,-0.062888531074
1,9,6,1,-0.077180802019
1,9,6,4,-0.045145358155
1,9,6,5,-0.075093321406
1,9,6,6,-0.086178434494
1,9,6,9, 0.046203263335
1,9,7,2,-0.026855996102
1,9,7,7,-0.110894202079
1,9,8,3,-0.026855996102
1,9,8,8,-0.110894202079
1,9,9,0, 0.065003572379
1,9,9,1, 0.051203374699
1,9,9,4, 0.093971465256
1,9,9,5, 0.063603412199
1,9,9,6, 0.046203263335
1,9,9,9,-0.125681015670
2,0,0,2, 0.152608082603
2,0,0,7, 0.016592420731
2,0,1,2, 0.101353944495
2,0,1,7, 0.020921433147
2,0,2,0, 0.152608082603
2,0,2,1, 0.101353944495
2,0,2,5, 0.023692786587
2,0,2,6, 0.056969835632
2,0,2,9,-0.034477420589
2,0,4,7, 0.020510706559
2,0,5,2, 0.023692786587
2,0,5,7, 0.030270437474
2,0,6,2, 0.056969835632
2,0,6,7, 0.026465256526
2,0,7,0, 0.016592420731
2,0,7,1, 0.020921433147
2,0,7,4, 0.020510706559
2,0,7,5, 0.030270437474
2,0,7,6, 0.026465256526
2,0,7,9,-0.018631642285
2,0,9,2,-0.034477420589
2,0,9,7,-0.018631642285
2,1,0,2, 0.101353944495
2,1,0,7, 0.012644419290
2,1,1,2, 0.072461555243
2,1,1,7, 0.017492557663
2,1,2,0, 0.101353944495
2,1,2,1, 0.072461555243
2,1,2,5, 0.017013124513
2,1,2,6, 0.040964941464
2,1,2,9,-0.024182320197
2,1,4,7, 0.016016535642
2,1,5,2, 0.017013124513
2,1,5,7, 0.026465256526
2,1,6,2, 0.040964941464
2,1,6,7, 0.022915964932
2,1,7,0, 0.012644419290
2,1,7,1, 0.017492557663
2,1,7,4, 0.016016535642
2,1,7,5, 0.026465256526
2,1,7,6, 0.022915964932
2,1,7,9,-0.014643641282
2,1,9,2,-0.024182320197
2,1,9,7,-0.014643641282
2,2,0,0, 0.775037038942
2,2,0,1, 0.462081934851
2,2,0,5, 0.152820100020
2,2,0,6, 0.269909673035
2,2,0,9,-0.212506662871
2,2,1,0, 0.462081934851
2,2,1,1, 0.491073083906
2,2,1,5, 0.190682100141
2,2,1,6, 0.328894518594
2,2,1,9,-0.142866096118
2,2,2,2, 0.785718708997
2,2,2,7, 0.093108093613
2,2,3,3, 0.689508254834
2,2,3,8, 0.085545099644
2,2,4,4, 0.689508254834
2,2,4,5, 0.178045345751
2,2,4,6, 0.110894202079
2,2,4,9,-0.267551048919
2,2,5,0, 0.152820100020
2,2,5,1, 0.190682100141
2,2,5,4, 0.178045345751
2,2,5,5, 0.407096809522
2,2,5,6, 0.274137574338
2,2,5,9,-0.093384225154
2,2,6,0, 0.269909673035
2,2,6,1, 0.328894518594
2,2,6,4, 0.110894202079
2,2,6,5, 0.274137574338
2,2,6,6, 0.363545133761
2,2,6,9,-0.083630355909
2,2,7,2, 0.093108093613
2,2,7,7, 0.395327957167
2,2,8,3, 0.085545099644
2,2,8,8, 0.385911690924
2,2,9,0,-0.212506662871
2,2,9,1,-0.142866096118
2,2,9,4,-0.267551048919
2,2,9,5,-0.093384225154
2,2,9,6,-0.083630355909
2,2,9,9, 0.439037270041
2,3,2,3, 0.048105227081
2,3,2,8, 0.003781496985
2,3,3,2, 0.048105227081
2,3,3,7, 0.003781496985
2,3,7,3, 0.003781496985
2,3,7,8, 0.004708133121
2,3,8,2, 0.003781496985
2,3,8,7, 0.004708133121
2,4,0,7, 0.008786390009
2,4,1,7, 0.011269862752
2,4,2,4, 0.048105227081
2,4,2,5, 0.009059522016
2,4,2,6, 0.007040087690
2,4,2,9,-0.015285733893
2,4,4,2, 0.048105227081
2,4,4,7, 0.013296611234
2,4,5,2, 0.009059522016
2,4,5,7, 0.018631642285
2,4,6,2, 0.007040087690
2,4,6,7, 0.014643641282
2,4,7,0, 0.008786390009
2,4,7,1, 0.011269862752
2,4,7,4, 0.013296611234
2,4,7,5, 0.018631642285
2,4,7,6, 0.014643641282
2,4,7,9,-0.013338887567
2,4,9,2,-0.015285733893
2,4,9,7,-0.013338887567
2,5,0,2, 0.023692786587
2,5,0,7, 0.006113180583
2,5,1,2, 0.017013124513
2,5,1,7, 0.009093376146
2,5,2,0, 0.023692786587
2,5,2,1, 0.017013124513
2,5,2,4, 0.009059522016
2,5,2,5, 0.006597785420
2,5,2,6, 0.011322273279
2,5,2,9,-0.009778720013
2,5,4,2, 0.009059522016
2,5,4,7, 0.008780931213
2,5,5,2, 0.006597785420
2,5,5,7, 0.016592420731
2,5,6,2, 0.011322273279
2,5,6,7, 0.012644419290
2,5,7,0, 0.006113180583
2,5,7,1, 0.009093376146
2,5,7,4, 0.008780931213
2,5,7,5, 0.016592420731
2,5,7,6, 0.012644419290
2,5,7,9,-0.008786390009
2,5,9,2,-0.009778720013
2,5,9,7,-0.008786390009
2,6,0,2, 0.056969835632
2,6,0,7, 0.009093376146
2,6,1,2, 0.040964941464
2,6,1,7, 0.013049228864
2,6,2,0, 0.056969835632
2,6,2,1, 0.040964941464
2,6,2,4, 0.007040087690
2,6,2,5, 0.011322273279
2,6,2,6, 0.024456965577
2,6,2,9,-0.016305571058
2,6,4,2, 0.007040087690
2,6,4,7, 0.012023439147
2,6,5,2, 0.011322273279
2,6,5,7, 0.020921433147
2,6,6,2, 0.024456965577
2,6,6,7, 0.017492557663
2,6,7,0, 0.009093376146
2,6,7,1, 0.013049228864
2,6,7,4, 0.012023439147
2,6,7,5, 0.020921433147
2,6,7,6, 0.017492557663
2,6,7,9,-0.011269862752
2,6,9,2,-0.016305571058
2,6,9,7,-0.011269862752
2,7,0,0, 0.093877040956
2,7,0,1, 0.059168554092
2,7,0,4, 0.020510706559
2,7,0,5, 0.027788620928
2,7,0,6, 0.039014235627
2,7,0,9,-0.037410765980
2,7,1,0, 0.059168554092
2,7,1,1, 0.068252979390
2,7,1,4, 0.016016535642
2,7,1,5, 0.039014235627
2,7,1,6, 0.054047979632
2,7,1,9,-0.026855996102
2,7,2,2, 0.093108093613
2,7,2,7, 0.017945906733
2,7,3,3, 0.085545099644
2,7,3,8, 0.015748448766
2,7,4,0, 0.020510706559
2,7,4,1, 0.016016535642
2,7,4,4, 0.095060213894
2,7,4,5, 0.037410765980
2,7,4,6, 0.026855996102
2,7,4,9,-0.053457501372
2,7,5,0, 0.027788620928
2,7,5,1, 0.039014235627
2,7,5,4, 0.037410765980
2,7,5,5, 0.093877040956
2,7,5,6, 0.059168554092
2,7,5,9,-0.020510706559
2,7,6,0, 0.039014235627
2,7,6,1, 0.054047979632
2,7,6,4, 0.026855996102
2,7,6,5, 0.059168554092
2,7,6,6, 0.068252979390
2,7,6,9,-0.016016535642
2,7,7,2, 0.017945906733
2,7,7,7, 0.093108093613
2,7,8,3, 0.015748448766
2,7,8,8, 0.085545099644
2,7,9,0,-0.037410765980
2,7,9,1,-0.026855996102
2,7,9,4,-0.053457501372
2,7,9,5,-0.020510706559
2,7,9,6,-0.016016535642
2,7,9,9, 0.095060213894
2,8,2,3, 0.003781496985
2,8,2,8, 0.001098728984
2,8,3,2, 0.003781496985
2,8,3,7, 0.001098728984
2,8,7,3, 0.001098728984
2,8,7,8, 0.003781496985
2,8,8,2, 0.001098728984
2,8,8,7, 0.003781496985
2,9,0,2,-0.034477420589
2,9,0,7,-0.008780931213
2,9,1,2,-0.024182320197
2,9,1,7,-0.012023439147
2,9,2,0,-0.034477420589
2,9,2,1,-0.024182320197
2,9,2,4,-0.015285733893
2,9,2,5,-0.009778720013
2,9,2,6,-0.016305571058
2,9,2,9, 0.014939919011
2,9,4,2,-0.015285733893
2,9,4,7,-0.012742461044
2,9,5,2,-0.009778720013
2,9,5,7,-0.020510706559
2,9,6,2,-0.016305571058
2,9,6,7,-0.016016535642
2,9,7,0,-0.008780931213
2,9,7,1,-0.012023439147
2,9,7,4,-0.012742461044
2,9,7,5,-0.020510706559
2,9,7,6,-0.016016535642
2,9,7,9, 0.013296611234
2,9,9,2, 0.014939919011
2,9,9,7, 0.013296611234
3,0,0,3, 0.152608082603
3,0,0,8, 0.016592420731
3,0,1,3, 0.101353944495
3,0,1,8, 0.020921433147
3,0,3,0, 0.152608082603
3,0,3,1, 0.101353944495
3,0,3,5, 0.023692786587
3,0,3,6, 0.056969835632
3,0,3,9,-0.034477420589
3,0,4,8, 0.020510706559
3,0,5,3, 0.023692786587
3,0,5,8, 0.030270437474
3,0,6,3, 0.056969835632
3,0,6,8, 0.026465256526
3,0,8,0, 0.016592420731
3,0,8,1, 0.020921433147
3,0,8,4, 0.020510706559
3,0,8,5, 0.030270437474
3,0,8,6, 0.026465256526
3,0,8,9,-0.018631642285
3,0,9,3,-0.034477420589
3,0,9,8,-0.018631642285
3,1,0,3, 0.101353944495
3,1,0,8, 0.012644419290
3,1,1,3, 0.072461555243
3,1,1,8, 0.017492557663
3,1,3,0, 0.101353944495
3,1,3,1, 0.072461555243
3,1,3,5, 0.017013124513
3,1,3,6, 0.040964941464
3,1,3,9,-0.024182320197
3,1,4,8, 0.016016535642
3,1,5,3, 0.017013124513
3,1,5,8, 0.026465256526
3,1,6,3, 0.040964941464
3,1,6,8, 0.022915964932
3,1,8,0, 0.012644419290
3,1,8,1, 0.017492557663
3,1,8,4, 0.016016535642
3,1,8,5, 0.026465256526
3,1,8,6, 0.022915964932
3,1,8,9,-0.014643641282
3,1,9,3,-0.024182320197
3,1,9,8,-0.014643641282
3,2,2,3, 0.048105227081
3,2,2,8, 0.003781496985
3,2,3,2, 0.048105227081
3,2,3,7, 0.003781496985
3,2,7,3, 0.003781496985
3,2,7,8, 0.004708133121
3,2,8,2, 0.003781496985
3,2,8,7, 0.004708133121
3,3,0,0, 0.775037038942
3,3,0,1, 0.462081934851
3,3,0,5, 0.152820100020
3,3,0,6, 0.269909673035
3,3,0,9,-0.212506662871
3,3,1,0, 0.462081934851
3,3,1,1, 0.491073083906
3,3,1,5, 0.190682100141
3,3,1,6, 0.328894518594
3,3,1,9,-0.142866096118
3,3,2,2, 0.689508254834
3,3,2,7, 0.085545099644
3,3,3,3, 0.785718708997
3,3,3,8, 0.093108093613
3,3,4,4, 0.689508254834
3,3,4,5, 0.178045345751
3,3,4,6, 0.110894202079
3,3,4,9,-0.267551048919
3,3,5,0, 0.152820100020
3,3,5,1, 0.190682100141
3,3,5,4, 0.178045345751
3,3,5,5, 0.407096809522
3,3,5,6, 0.274137574338
3,3,5,9,-0.093384225154
3,3,6,0, 0.269909673035
3,3,6,1, 0.328894518594
3,3,6,4, 0.110894202079
3,3,6,5, 0.274137574338
3,3,6,6, 0.363545133761
3,3,6,9,-0.083630355909
3,3,7,2, 0.085545099644
3,3,7,7, 0.385911690924
3,3,8,3, 0.093108093613
3,3,8,8, 0.395327957167
3,3,9,0,-0.212506662871
3,3,9,1,-0.142866096118
3,3,9,4,-0.267551048919
3,3,9,5,-0.093384225154
3,3,9,6,-0.083630355909
3,3,9,9, 0.439037270041
3,4,0,8, 0.008786390009
3,4,1,8, 0.011269862752
3,4,3,4, 0.048105227081
3,4,3,5, 0.009059522016
3,4,3,6, 0.007040087690
3,4,3,9,-0.015285733893
3,4,4,3, 0.048105227081
3,4,4,8, 0.013296611234
3,4,5,3, 0.009059522016
3,4,5,8, 0.018631642285
3,4,6,3, 0.007040087690
3,4,6,8, 0.014643641282
3,4,8,0, 0.008786390009
3,4,8,1, 0.011269862752
3,4,8,4, 0.013296611234
3,4,8,5, 0.018631642285
3,4,8,6, 0.014643641282
3,4,8,9,-0.013338887567
3,4,9,3,-0.015285733893
3,4,9,8,-0.013338887567
3,5,0,3, 0.023692786587
3,5,0,8, 0.006113180583
3,5,1,3, 0.017013124513
3,5,1,8, 0.009093376146
3,5,3,0, 0.023692786587
3,5,3,1, 0.017013124513
3,5,3,4, 0.009059522016
3,5,3,5, 0.006597785420
3,5,3,6, 0.011322273279
3,5,3,9,-0.009778720013
3,5,4,3, 0.009059522016
3,5,4,8, 0.008780931213
3,5,5,3, 0.006597785420
3,5,5,8, 0.016592420731
3,5,6,3, 0.011322273279
3,5,6,8, 0.012644419290
3,5,8,0, 0.006113180583
3,5,8,1, 0.009093376146
3,5,8,4, 0.008780931213
3,5,8,5, 0.016592420731
3,5,8,6, 0.012644419290
3,5,8,9,-0.008786390009
3,5,9,3,-0.009778720013
3,5,9,8,-0.008786390009
3,6,0,3, 0.056969835632
3,6,0,8, 0.009093376146
3,6,1,3, 0.040964941464
3,6,1,8, 0.013049228864
3,6,3,0, 0.056969835632
3,6,3,1, 0.040964941464
3,6,3,4, 0.007040087690
3,6,3,5, 0.011322273279
3,6,3,6, 0.024456965577
3,6,3,9,-0.016305571058
3,6,4,3, 0.007040087690
3,6,4,8, 0.012023439147
3,6,5,3, 0.011322273279
3,6,5,8, 0.020921433147
3,6,6,3, 0.024456965577
3,6,6,8, 0.017492557663
3,6,8,0, 0.009093376146
3,6,8,1, 0.013049228864
3,6,8,4, 0.012023439147
3,6,8,5, 0.020921433147
3,6,8,6, 0.017492557663
3,6,8,9,-0.011269862752
3,6,9,3,-0.016305571058
3,6,9,8,-0.011269862752
3,7,2,3, 0.003781496985
3,7,2,8, 0.001098728984
3,7,3,2, 0.003781496985
3,7,3,7, 0.001098728984
3,7,7,3, 0.001098728984
3,7,7,8, 0.003781496985
3,7,8,2, 0.001098728984
3,7,8,7, 0.003781496985
3,8,0,0, 0.093877040956
3,8,0,1, 0.059168554092
3,8,0,4, 0.020510706559
3,8,0,5, 0.027788620928
3,8,0,6, 0.039014235627
3,8,0,9,-0.037410765980
3,8,1,0, 0.059168554092
3,8,1,1, 0.068252979390
3,8,1,4, 0.016016535642
3,8,1,5, 0.039014235627
3,8,1,6, 0.054047979632
3,8,1,9,-0.026855996102
3,8,2,2, 0.085545099644
3,8,2,7, 0.015748448766
3,8,3,3, 0.093108093613
3,8,3,8, 0.017945906733
3,8,4,0, 0.020510706559
3,8,4,1, 0.016016535642
3,8,4,4, 0.095060213894
3,8,4,5, 0.037410765980
3,8,4,6, 0.026855996102
3,8,4,9,-0.053457501372
3,8,5,0, 0.027788620928
3,8,5,1, 0.039014235627
3,8,5,4, 0.037410765980
3,8,5,5, 0.093877040956
3,8,5,6, 0.059168554092
3,8,5,9,-0.020510706559
3,8,6,0, 0.039014235627
3,8,6,1, 0.054047979632
3,8,6,4, 0.026855996102
3,8,6,5, 0.059168554092
3,8,6,6, 0.068252979390
3,8,6,9,-0.016016535642
3,8,7,2, 0.015748448766
3,8,7,7, 0.085545099644
3,8,8,3, 0.017945906733
3,8,8,8, 0.093108093613
3,8,9,0,-0.037410765980
3,8,9,1,-0.026855996102
3,8,9,4,-0.053457501372
3,8,9,5,-0.020510706559
3,8,9,6,-0.016016535642
3,8,9,9, 0.095060213894
3,9,0,3,-0.034477420589
3,9,0,8,-0.008780931213
3,9,1,3,-0.024182320197
3,9,1,8,-0.012023439147
3,9,3,0,-0.034477420589
3,9,3,1,-0.024182320197
3,9,3,4,-0.015285733893
3,9,3,5,-0.009778720013
3,9,3,6,-0.016305571058
3,9,3,9, 0.014939919011
3,9,4,3,-0.015285733893
3,9,4,8,-0.012742461044
3,9,5,3,-0.009778720013
3,9,5,8,-0.020510706559
3,9,6,3,-0.016305571058
3,9,6,8,-0.016016535642
3,9,8,0,-0.008780931213
3,9,8,1,-0.012023439147
3,9,8,4,-0.012742461044
3,9,8,5,-0.020510706559
3,9,8,6,-0.016016535642
3,9,8,9, 0.013296611234
3,9,9,3, 0.014939919011
3,9,9,8, 0.013296611234
4,0,0,4, 0.152608082603
4,0,0,5, 0.034787027897
4,0,0,6, 0.021671724612
4,0,0,9,-0.054161167088
4,0,1,4, 0.101353944495
4,0,1,5, 0.043450566696
4,0,1,6, 0.030985839966
4,0,1,9,-0.039243051676
4,0,2,7, 0.020510706559
4,0,3,8, 0.020510706559
4,0,4,0, 0.152608082603
4,0,4,1, 0.101353944495
4,0,4,5, 0.057973635766
4,0,4,6, 0.063603412199
4,0,4,9,-0.088826738580
4,0,5,0, 0.034787027897
4,0,5,1, 0.043450566696
4,0,5,4, 0.057973635766
4,0,5,5, 0.107944780164
4,0,5,6, 0.063645368131
4,0,5,9,-0.043399576430
4,0,6,0, 0.021671724612
4,0,6,1, 0.030985839966
4,0,6,4, 0.063603412199
4,0,6,5, 0.063645368131
4,0,6,6, 0.054759426175
4,0,6,9,-0.031265553858
4,0,7,2, 0.020510706559
4,0,7,7, 0.093384225154
4,0,8,3, 0.020510706559
4,0,8,8, 0.093384225154
4,0,9,0,-0.054161167088
4,0,9,1,-0.039243051676
4,0,9,4,-0.088826738580
4,0,9,5,-0.043399576430
4,0,9,6,-0.031265553858
4,0,9,9, 0.124563441461
4,1,0,4, 0.101353944495
4,1,0,5, 0.026255920711
4,1,0,6, 0.016316235087
4,1,0,9,-0.038340384158
4,1,1,4, 0.072461555243
4,1,1,5, 0.036261537427
4,1,1,6, 0.026288076002
4,1,1,9,-0.028943493703
4,1,2,7, 0.016016535642
4,1,3,8, 0.016016535642
4,1,4,0, 0.101353944495
4,1,4,1, 0.072461555243
4,1,4,5, 0.043914004563
4,1,4,6, 0.046203263335
4,1,4,9,-0.064235879573
4,1,5,0, 0.026255920711
4,1,5,1, 0.036261537427
4,1,5,4, 0.043914004563
4,1,5,5, 0.094544302697
4,1,5,6, 0.055093666319
4,1,5,9,-0.031265553858
4,1,6,0, 0.016316235087
4,1,6,1, 0.026288076002
4,1,6,4, 0.046203263335
4,1,6,5, 0.055093666319
4,1,6,6, 0.047845212320
4,1,6,9,-0.021906362835
4,1,7,2, 0.016016535642
4,1,7,7, 0.083630355909
4,1,8,3, 0.016016535642
4,1,8,8, 0.083630355909
4,1,9,0,-0.038340384158
4,1,9,1,-0.028943493703
4,1,9,4,-0.064235879573
4,1,9,5,-0.031265553858
4,1,9,6,-0.021906362835
4,1,9,9, 0.100482183471
4,2,0,7, 0.008786390009
4,2,1,7, 0.011269862752
4,2,2,4, 0.048105227081
4,2,2,5, 0.009059522016
4,2,2,6, 0.007040087690
4,2,2,9,-0.015285733893
4,2,4,2, 0.048105227081
4,2,4,7, 0.013296611234
4,2,5,2, 0.009059522016
4,2,5,7, 0.018631642285
4,2,6,2, 0.007040087690
4,2,6,7, 0.014643641282
4,2,7,0, 0.008786390009
4,2,7,1, 0.011269862752
4,2,7,4, 0.013296611234
4,2,7,5, 0.018631642285
4,2,7,6, 0.014643641282
4,2,7,9,-0.013338887567
4,2,9,2,-0.015285733893
4,2,9,7,-0.013338887567
4,3,0,8, 0.008786390009
4,3,1,8, 0.011269862752
4,3,3,4, 0.048105227081
4,3,3,5, 0.009059522016
4,3,3,6, 0.007040087690
4,3,3,9,-0.015285733893
4,3,4,3, 0.048105227081
4,3,4,8, 0.013296611234
4,3,5,3, 0.009059522016
4,3,5,8, 0.018631642285
4,3,6,3, 0.007040087690
4,3,6,8, 0.014643641282
4,3,8,0, 0.008786390009
4,3,8,1, 0.011269862752
4,3,8,4, 0.013296611234
4,3,8,5, 0.018631642285
4,3,8,6, 0.014643641282
4,3,8,9,-0.013338887567
4,3,9,3,-0.015285733893
4,3,9,8,-0.013338887567
4,4,0,0, 0.775037038942
4,4,0,1, 0.462081934851
4,4,0,5, 0.167530699322
4,4,0,6, 0.272794771015
4,4,0,9,-0.235709121272
4,4,1,0, 0.462081934851
4,4,1,1, 0.491073083906
4,4,1,5, 0.210400479684
4,4,1,6, 0.333731663878
4,4,1,9,-0.160588872687
4,4,2,2, 0.689508254834
4,4,2,7, 0.095060213894
4,4,3,3, 0.689508254834
4,4,3,8, 0.095060213894
4,4,4,4, 0.785718708997
4,4,4,5, 0.209580958445
4,4,4,6, 0.125681015670
4,4,4,9,-0.316857494766
4,4,5,0, 0.167530699322
4,4,5,1, 0.210400479684
4,4,5,4, 0.209580958445
4,4,5,5, 0.472566105180
4,4,5,6, 0.305785228161
4,4,5,9,-0.124563441461
4,4,6,0, 0.272794771015
4,4,6,1, 0.333731663878
4,4,6,4, 0.125681015670
4,4,6,5, 0.305785228161
4,4,6,6, 0.378792102501
4,4,6,9,-0.100482183471
4,4,7,2, 0.095060213894
4,4,7,7, 0.439037270041
4,4,8,3, 0.095060213894
4,4,8,8, 0.439037270041
4,4,9,0,-0.235709121272
4,4,9,1,-0.160588872687
4,4,9,4,-0.316857494766
4,4,9,5,-0.124563441461
4,4,9,6,-0.100482183471
4,4,9,9, 0.514196607382
4,5,0,0, 0.194667984613
4,5,0,1, 0.122239833721
4,5,0,4, 0.057973635766
4,5,0,5, 0.065326833960
4,5,0,6, 0.083523984923
4,5,0,9,-0.087655645897
4,5,1,0, 0.122239833721
4,5,1,1, 0.140403262129
4,5,1,4, 0.043914004563
4,5,1,5, 0.092352406279
4,5,1,6, 0.116074632965
4,5,1,9,-0.062710101957
4,5,2,2, 0.178045345751
4,5,2,7, 0.037410765980
4,5,3,3, 0.178045345751
4,5,3,8, 0.037410765980
4,5,4,0, 0.057973635766
4,5,4,1, 0.043914004563
4,5,4,4, 0.209580958445
4,5,4,5, 0.092439972037
4,5,4,6, 0.065003572379
4,5,4,9,-0.130892297989
4,5,5,0, 0.065326833960
4,5,5,1, 0.092352406279
4,5,5,4, 0.092439972037
4,5,5,5, 0.239014647953
4,5,5,6, 0.142046167343
4,5,5,9,-0.054161167088
4,5,6,0, 0.083523984923
4,5,6,1, 0.116074632965
4,5,6,4, 0.065003572379
4,5,6,5, 0.142046167343
4,5,6,6, 0.151484566958
4,5,6,9,-0.038340384158
4,5,7,2, 0.037410765980
4,5,7,7, 0.212506662871
4,5,8,3, 0.037410765980
4,5,8,8, 0.212506662871
4,5,9,0,-0.087655645897
4,5,9,1,-0.062710101957
4,5,9,4,-0.130892297989
4,5,9,5,-0.054161167088
4,5,9,6,-0.038340384158
4,5,9,9, 0.235709121272
4,6,0,0, 0.119783979492
4,6,0,1, 0.075093321406
4,6,0,4, 0.063603412199
4,6,0,5, 0.045431902533
4,6,0,6, 0.055318374434
4,6,0,9,-0.062710101957
4,6,1,0, 0.075093321406
4,6,1,1, 0.086178434494
4,6,1,4, 0.046203263335
4,6,1,5, 0.062888531074
4,6,1,6, 0.077180802019
4,6,1,9,-0.045145358155
4,6,2,2, 0.110894202079
4,6,2,7, 0.026855996102
4,6,3,3, 0.110894202079
4,6,3,8, 0.026855996102
4,6,4,0, 0.063603412199
4,6,4,1, 0.046203263335
4,6,4,4, 0.125681015670
4,6,4,5, 0.065003572379
4,6,4,6, 0.051203374699
4,6,4,9,-0.093971465256
4,6,5,0, 0.045431902533
4,6,5,1, 0.062888531074
4,6,5,4, 0.065003572379
4,6,5,5, 0.156331836738
4,6,5,6, 0.095440650285
4,6,5,9,-0.039243051676
4,6,6,0, 0.055318374434
4,6,6,1, 0.077180802019
4,6,6,4, 0.051203374699
4,6,6,5, 0.095440650285
4,6,6,6, 0.102718191861
4,6,6,9,-0.028943493703
4,6,7,2, 0.026855996102
4,6,7,7, 0.142866096118
4,6,8,3, 0.026855996102
4,6,8,8, 0.142866096118
4,6,9,0,-0.062710101957
4,6,9,1,-0.045145358155
4,6,9,4,-0.093971465256
4,6,9,5,-0.039243051676
4,6,9,6,-0.028943493703
4,6,9,9, 0.160588872687
4,7,0,2, 0.020510706559
4,7,0,7, 0.009778720013
4,7,1,2, 0.016016535642
4,7,1,7, 0.016305571058
4,7,2,0, 0.020510706559
4,7,2,1, 0.016016535642
4,7,2,4, 0.013296611234
4,7,2,5, 0.008780931213
4,7,2,6, 0.012023439147
4,7,2,9,-0.012742461044
4,7,4,2, 0.013296611234
4,7,4,7, 0.014939919011
4,7,5,2, 0.008780931213
4,7,5,7, 0.034477420589
4,7,6,2, 0.012023439147
4,7,6,7, 0.024182320197
4,7,7,0, 0.009778720013
4,7,7,1, 0.016305571058
4,7,7,4, 0.014939919011
4,7,7,5, 0.034477420589
4,7,7,6, 0.024182320197
4,7,7,9,-0.015285733893
4,7,9,2,-0.012742461044
4,7,9,7,-0.015285733893
4,8,0,3, 0.020510706559
4,8,0,8, 0.009778720013
4,8,1,3, 0.016016535642
4,8,1,8, 0.016305571058
4,8,3,0, 0.020510706559
4,8,3,1, 0.016016535642
4,8,3,4, 0.013296611234
4,8,3,5, 0.008780931213
4,8,3,6, 0.012023439147
4,8,3,9,-0.012742461044
4,8,4,3, 0.013296611234
4,8,4,8, 0.014939919011
4,8,5,3, 0.008780931213
4,8,5,8, 0.034477420589
4,8,6,3, 0.012023439147
4,8,6,8, 0.024182320197
4,8,8,0, 0.009778720013
4,8,8,1, 0.016305571058
4,8,8,4, 0.014939919011
4,8,8,5, 0.034477420589
4,8,8,6, 0.024182320197
4,8,8,9,-0.015285733893
4,8,9,3,-0.012742461044
4,8,9,8,-0.015285733893
4,9,0,0,-0.297336584772
4,9,0,1,-0.182305446405
4,9,0,4,-0.088826738580
4,9,0,5,-0.093294093664
4,9,0,6,-0.122867306696
4,9,0,9, 0.130892297989
4,9,1,0,-0.182305446405
4,9,1,1,-0.200707196150
4,9,1,4,-0.064235879573
4,9,1,5,-0.122867306696
4,9,1,6,-0.160488312870
4,9,1,9, 0.093971465256
4,9,2,2,-0.267551048919
4,9,2,7,-0.053457501372
4,9,3,3,-0.267551048919
4,9,3,8,-0.053457501372
4,9,4,0,-0.088826738580
4,9,4,1,-0.064235879573
4,9,4,4,-0.316857494766
4,9,4,5,-0.130892297989
4,9,4,6,-0.093971465256
4,9,4,9, 0.193388814706
4,9,5,0,-0.093294093664
4,9,5,1,-0.122867306696
4,9,5,4,-0.130892297989
4,9,5,5,-0.297336584772
4,9,5,6,-0.182305446405
4,9,5,9, 0.088826738580
4,9,6,0,-0.122867306696
4,9,6,1,-0.160488312870
4,9,6,4,-0.093971465256
4,9,6,5,-0.182305446405
4,9,6,6,-0.200707196150
4,9,6,9, 0.064235879573
4,9,7,2,-0.053457501372
4,9,7,7,-0.267551048919
4,9,8,3,-0.053457501372
4,9,8,8,-0.267551048919
4,9,9,0, 0.130892297989
4,9,9,1, 0.093971465256
4,9,9,4, 0.193388814706
4,9,9,5, 0.088826738580
4,9,9,6, 0.064235879573
4,9,9,9,-0.316857494766
5,0,0,0, 0.168407967080
5,0,0,1, 0.102600975375
5,0,0,4, 0.034787027897
5,0,0,5, 0.048406970824
5,0,0,6, 0.067132362622
5,0,0,9,-0.065326833960
5,0,1,0, 0.102600975375
5,0,1,1, 0.114528923503
5,0,1,4, 0.026255920711
5,0,1,5, 0.067132362622
5,0,1,6, 0.090340370509
5,0,1,9,-0.045431902533
5,0,2,2, 0.152820100020
5,0,2,7, 0.027788620928
5,0,3,3, 0.152820100020
5,0,3,8, 0.027788620928
5,0,4,0, 0.034787027897
5,0,4,1, 0.026255920711
5,0,4,4, 0.167530699322
5,0,4,5, 0.065326833960
5,0,4,6, 0.045431902533
5,0,4,9,-0.093294093664
5,0,5,0, 0.048406970824
5,0,5,1, 0.067132362622
5,0,5,4, 0.065326833960
5,0,5,5, 0.168407967080
5,0,5,6, 0.102600975375
5,0,5,9,-0.034787027897
5,0,6,0, 0.067132362622
5,0,6,1, 0.090340370509
5,0,6,4, 0.045431902533
5,0,6,5, 0.102600975375
5,0,6,6, 0.114528923503
5,0,6,9,-0.026255920711
5,0,7,2, 0.027788620928
5,0,7,7, 0.152820100020
5,0,8,3, 0.027788620928
5,0,8,8, 0.152820100020
5,0,9,0,-0.065326833960
5,0,9,1,-0.045431902533
5,0,9,4,-0.093294093664
5,0,9,5,-0.034787027897
5,0,9,6,-0.026255920711
5,0,9,9, 0.167530699322
5,1,0,0, 0.201479161833
5,1,0,1, 0.130641629639
5,1,0,4, 0.043450566696
5,1,0,5, 0.067132362622
5,1,0,6, 0.088164326902
5,1,0,9,-0.083523984923
5,1,1,0, 0.130641629639
5,1,1,1, 0.162015937756
5,1,1,4, 0.036261537427
5,1,1,5, 0.107390565659
5,1,1,6, 0.137614589633
5,1,1,9,-0.055318374434
5,1,2,2, 0.190682100141
5,1,2,7, 0.039014235627
5,1,3,3, 0.190682100141
5,1,3,8, 0.039014235627
5,1,4,0, 0.043450566696
5,1,4,1, 0.036261537427
5,1,4,4, 0.210400479684
5,1,4,5, 0.092352406279
5,1,4,6, 0.062888531074
5,1,4,9,-0.122867306696
5,1,5,0, 0.067132362622
5,1,5,1, 0.107390565659
5,1,5,4, 0.092352406279
5,1,5,5, 0.294060356588
5,1,5,6, 0.176050560475
5,1,5,9,-0.021671724612
5,1,6,0, 0.088164326902
5,1,6,1, 0.137614589633
5,1,6,4, 0.062888531074
5,1,6,5, 0.176050560475
5,1,6,6, 0.192230172095
5,1,6,9,-0.016316235087
5,1,7,2, 0.039014235627
5,1,7,7, 0.269909673035
5,1,8,3, 0.039014235627
5,1,8,8, 0.269909673035
5,1,9,0,-0.083523984923
5,1,9,1,-0.055318374434
5,1,9,4,-0.122867306696
5,1,9,5,-0.021671724612
5,1,9,6,-0.016316235087
5,1,9,9, 0.272794771015
5,2,0,2, 0.023692786587
5,2,0,7, 0.006113180583
5,2,1,2, 0.017013124513
5,2,1,7, 0.009093376146
5,2,2,0, 0.023692786587
5,2,2,1, 0.017013124513
5,2,2,4, 0.009059522016
5,2,2,5, 0.006597785420
5,2,2,6, 0.011322273279
5,2,2,9,-0.009778720013
5,2,4,2, 0.009059522016
5,2,4,7, 0.008780931213
5,2,5,2, 0.006597785420
5,2,5,7, 0.016592420731
5,2,6,2, 0.011322273279
5,2,6,7, 0.012644419290
5,2,7,0, 0.006113180583
5,2,7,1, 0.009093376146
5,2,7,4, 0.008780931213
5,2,7,5, 0.016592420731
5,2,7,6, 0.012644419290
5,2,7,9,-0.008786390009
5,2,9,2,-0.009778720013
5,2,9,7,-0.008786390009
5,3,0,3, 0.023692786587
5,3,0,8, 0.006113180583
5,3,1,3, 0.017013124513
5,3,1,8, 0.009093376146
5,3,3,0, 0.023692786587
5,3,3,1, 0.017013124513
5,3,3,4, 0.009059522016
5,3,3,5, 0.006597785420
5,3,3,6, 0.011322273279
5,3,3,9,-0.009778720013
5,3,4,3, 0.009059522016
5,3,4,8, 0.008780931213
5,3,5,3, 0.006597785420
5,3,5,8, 0.016592420731
5,3,6,3, 0.011322273279
5,3,6,8, 0.012644419290
5,3,8,0, 0.006113180583
5,3,8,1, 0.009093376146
5,3,8,4, 0.008780931213
5,3,8,5, 0.016592420731
5,3,8,6, 0.012644419290
5,3,8,9,-0.008786390009
5,3,9,3,-0.009778720013
5,3,9,8,-0.008786390009
5,4,0,0, 0.194667984613
5,4,0,1, 0.122239833721
5,4,0,4, 0.057973635766
5,4,0,5, 0.065326833960
5,4,0,6, 0.083523984923
5,4,0,9,-0.087655645897
5,4,1,0, 0.122239833721
5,4,1,1, 0.140403262129
5,4,1,4, 0.043914004563
5,4,1,5, 0.092352406279
5,4,1,6, 0.116074632965
5,4,1,9,-0.062710101957
5,4,2,2, 0.178045345751
5,4,2,7, 0.037410765980
5,4,3,3, 0.178045345751
5,4,3,8, 0.037410765980
5,4,4,0, 0.057973635766
5,4,4,1, 0.043914004563
5,4,4,4, 0.209580958445
5,4,4,5, 0.092439972037
5,4,4,6, 0.065003572379
5,4,4,9,-0.130892297989
5,4,5,0, 0.065326833960
5,4,5,1, 0.092352406279
5,4,5,4, 0.092439972037
5,4,5,5, 0.239014647953
5,4,5,6, 0.142046167343
5,4,5,9,-0.054161167088
5,4,6,0, 0.083523984923
5,4,6,1, 0.116074632965
5,4,6,4, 0.065003572379
5,4,6,5, 0.142046167343
5,4,6,6, 0.151484566958
5,4,6,9,-0.038340384158
5,4,7,2, 0.037410765980
5,4,7,7, 0.212506662871
5,4,8,3, 0.037410765980
5,4,8,8, 0.212506662871
5,4,9,0,-0.087655645897
5,4,9,1,-0.062710101957
5,4,9,4,-0.130892297989
5,4,9,5,-0.054161167088
5,4,9,6,-0.038340384158
5,4,9,9, 0.235709121272
5,5,0,0, 0.430860978616
5,5,0,1, 0.287486435769
5,5,0,4, 0.107944780164
5,5,0,5, 0.168407967080
5,5,0,6, 0.201479161833
5,5,0,9,-0.194667984613
5,5,1,0, 0.287486435769
5,5,1,1, 0.373806394277
5,5,1,4, 0.094544302697
5,5,1,5, 0.294060356588
5,5,1,6, 0.339419988176
5,5,1,9,-0.119783979492
5,5,2,2, 0.407096809522
5,5,2,7, 0.093877040956
5,5,3,3, 0.407096809522
5,5,3,8, 0.093877040956
5,5,4,0, 0.107944780164
5,5,4,1, 0.094544302697
5,5,4,4, 0.472566105180
5,5,4,5, 0.239014647953
5,5,4,6, 0.156331836738
5,5,4,9,-0.297336584772
5,5,5,0, 0.168407967080
5,5,5,1, 0.294060356588
5,5,5,4, 0.239014647953
5,5,5,5, 0.897251802255
5,5,5,6, 0.504699283325
5,5,6,0, 0.201479161833
5,5,6,1, 0.339419988176
5,5,6,4, 0.156331836738
5,5,6,5, 0.504699283325
5,5,6,6, 0.507364877272
5,5,7,2, 0.093877040956
5,5,7,7, 0.775037038942
5,5,8,3, 0.093877040956
5,5,8,8, 0.775037038942
5,5,9,0,-0.194667984613
5,5,9,1,-0.119783979492
5,5,9,4,-0.297336584772
5,5,9,9, 0.775037038942
5,6,0,0, 0.287486435769
5,6,0,1, 0.190531803089
5,6,0,4, 0.063645368131
5,6,0,5, 0.102600975375
5,6,0,6, 0.130641629639
5,6,0,9,-0.122239833721
5,6,1,0, 0.190531803089
5,6,1,1, 0.247192335026
5,6,1,4, 0.055093666319
5,6,1,5, 0.176050560475
5,6,1,6, 0.219090500203
5,6,1,9,-0.075093321406
5,6,2,2, 0.274137574338
5,6,2,7, 0.059168554092
5,6,3,3, 0.274137574338
5,6,3,8, 0.059168554092
5,6,4,0, 0.063645368131
5,6,4,1, 0.055093666319
5,6,4,4, 0.305785228161
5,6,4,5, 0.142046167343
5,6,4,6, 0.095440650285
5,6,4,9,-0.182305446405
5,6,5,0, 0.102600975375
5,6,5,1, 0.176050560475
5,6,5,4, 0.142046167343
5,6,5,5, 0.504699283325
5,6,5,6, 0.300015949963
5,6,6,0, 0.130641629639
5,6,6,1, 0.219090500203
5,6,6,4, 0.095440650285
5,6,6,5, 0.300015949963
5,6,6,6, 0.324022459289
5,6,7,2, 0.059168554092
5,6,7,7, 0.462081934851
5,6,8,3, 0.059168554092
5,6,8,8, 0.462081934851
5,6,9,0,-0.122239833721
5,6,9,1,-0.075093321406
5,6,9,4,-0.182305446405
5,6,9,9, 0.462081934851
5,7,0,2, 0.030270437474
5,7,0,7, 0.023692786587
5,7,1,2, 0.026465256526
5,7,1,7, 0.056969835632
5,7,2,0, 0.030270437474
5,7,2,1, 0.026465256526
5,7,2,4, 0.018631642285
5,7,2,5, 0.016592420731
5,7,2,6, 0.020921433147
5,7,2,9,-0.020510706559
5,7,4,2, 0.018631642285
5,7,4,7, 0.034477420589
5,7,5,2, 0.016592420731
5,7,5,7, 0.152608082603
5,7,6,2, 0.020921433147
5,7,6,7, 0.101353944495
5,7,7,0, 0.023692786587
5,7,7,1, 0.056969835632
5,7,7,4, 0.034477420589
5,7,7,5, 0.152608082603
5,7,7,6, 0.101353944495
5,7,9,2,-0.020510706559
5,8,0,3, 0.030270437474
5,8,0,8, 0.023692786587
5,8,1,3, 0.026465256526
5,8,1,8, 0.056969835632
5,8,3,0, 0.030270437474
5,8,3,1, 0.026465256526
5,8,3,4, 0.018631642285
5,8,3,5, 0.016592420731
5,8,3,6, 0.020921433147
5,8,3,9,-0.020510706559
5,8,4,3, 0.018631642285
5,8,4,8, 0.034477420589
5,8,5,3, 0.016592420731
5,8,5,8, 0.152608082603
5,8,6,3, 0.020921433147
5,8,6,8, 0.101353944495
5,8,8,0, 0.023692786587
5,8,8,1, 0.056969835632
5,8,8,4, 0.034477420589
5,8,8,5, 0.152608082603
5,8,8,6, 0.101353944495
5,8,9,3,-0.020510706559
5,9,0,0,-0.107944780164
5,9,0,1,-0.063645368131
5,9,0,4,-0.043399576430
5,9,0,5,-0.034787027897
5,9,0,6,-0.043450566696
5,9,0,9, 0.057973635766
5,9,1,0,-0.063645368131
5,9,1,1,-0.054759426175
5,9,1,4,-0.031265553858
5,9,1,5,-0.021671724612
5,9,1,6,-0.030985839966
5,9,1,9, 0.063603412199
5,9,2,2,-0.093384225154
5,9,2,7,-0.020510706559
5,9,3,3,-0.093384225154
5,9,3,8,-0.020510706559
5,9,4,0,-0.043399576430
5,9,4,1,-0.031265553858
5,9,4,4,-0.124563441461
5,9,4,5,-0.054161167088
5,9,4,6,-0.039243051676
5,9,4,9, 0.088826738580
5,9,5,0,-0.034787027897
5,9,5,1,-0.021671724612
5,9,5,4,-0.054161167088
5,9,5,9, 0.152608082603
5,9,6,0,-0.043450566696
5,9,6,1,-0.030985839966
5,9,6,4,-0.039243051676
5,9,6,9, 0.101353944495
5,9,7,2,-0.020510706559
5,9,8,3,-0.020510706559
5,9,9,0, 0.057973635766
5,9,9,1, 0.063603412199
5,9,9,4, 0.088826738580
5,9,9,5, 0.152608082603
5,9,9,6, 0.101353944495
6,0,0,0, 0.294060356588
6,0,0,1, 0.176050560475
6,0,0,4, 0.021671724612
6,0,0,5, 0.067132362622
6,0,0,6, 0.107390565659
6,0,0,9,-0.092352406279
6,0,1,0, 0.176050560475
6,0,1,1, 0.192230172095
6,0,1,4, 0.016316235087
6,0,1,5, 0.088164326902
6,0,1,6, 0.137614589633
6,0,1,9,-0.062888531074
6,0,2,2, 0.269909673035
6,0,2,7, 0.039014235627
6,0,3,3, 0.269909673035
6,0,3,8, 0.039014235627
6,0,4,0, 0.021671724612
6,0,4,1, 0.016316235087
6,0,4,4, 0.272794771015
6,0,4,5, 0.083523984923
6,0,4,6, 0.055318374434
6,0,4,9,-0.122867306696
6,0,5,0, 0.067132362622
6,0,5,1, 0.088164326902
6,0,5,4, 0.083523984923
6,0,5,5, 0.201479161833
6,0,5,6, 0.130641629639
6,0,5,9,-0.043450566696
6,0,6,0, 0.107390565659
6,0,6,1, 0.137614589633
6,0,6,4, 0.055318374434
6,0,6,5, 0.130641629639
6,0,6,6, 0.162015937756
6,0,6,9,-0.036261537427
6,0,7,2, 0.039014235627
6,0,7,7, 0.190682100141
6,0,8,3, 0.039014235627
6,0,8,8, 0.190682100141
6,0,9,0,-0.092352406279
6,0,9,1,-0.062888531074
6,0,9,4,-0.122867306696
6,0,9,5,-0.043450566696
6,0,9,6,-0.036261537427
6,0,9,9, 0.210400479684
6,1,0,0, 0.339419988176
6,1,0,1, 0.219090500203
6,1,0,4, 0.030985839966
6,1,0,5, 0.090340370509
6,1,0,6, 0.137614589633
6,1,0,9,-0.116074632965
6,1,1,0, 0.219090500203
6,1,1,1, 0.272550371539
6,1,1,4, 0.026288076002
6,1,1,5, 0.137614589633
6,1,1,6, 0.209027453436
6,1,1,9,-0.077180802019
6,1,2,2, 0.328894518594
6,1,2,7, 0.054047979632
6,1,3,3, 0.328894518594
6,1,3,8, 0.054047979632
6,1,4,0, 0.030985839966
6,1,4,1, 0.026288076002
6,1,4,4, 0.333731663878
6,1,4,5, 0.116074632965
6,1,4,6, 0.077180802019
6,1,4,9,-0.160488312870
6,1,5,0, 0.090340370509
6,1,5,1, 0.137614589633
6,1,5,4, 0.116074632965
6,1,5,5, 0.339419988176
6,1,5,6, 0.219090500203
6,1,5,9,-0.030985839966
6,1,6,0, 0.137614589633
6,1,6,1, 0.209027453436
6,1,6,4, 0.077180802019
6,1,6,5, 0.219090500203
6,1,6,6, 0.272550371539
6,1,6,9,-0.026288076002
6,1,7,2, 0.054047979632
6,1,7,7, 0.328894518594
6,1,8,3, 0.054047979632
6,1,8,8, 0.328894518594
6,1,9,0,-0.116074632965
6,1,9,1,-0.077180802019
6,1,9,4,-0.160488312870
6,1,9,5,-0.030985839966
6,1,9,6,-0.026288076002
6,1,9,9, 0.333731663878
6,2,0,2, 0.056969835632
6,2,0,7, 0.009093376146
6,2,1,2, 0.040964941464
6,2,1,7, 0.013049228864
6,2,2,0, 0.056969835632
6,2,2,1, 0.040964941464
6,2,2,4, 0.007040087690
6,2,2,5, 0.011322273279
6,2,2,6, 0.024456965577
6,2,2,9,-0.016305571058
6,2,4,2, 0.007040087690
6,2,4,7, 0.012023439147
6,2,5,2, 0.011322273279
6,2,5,7, 0.020921433147
6,2,6,2, 0.024456965577
6,2,6,7, 0.017492557663
6,2,7,0, 0.009093376146
6,2,7,1, 0.013049228864
6,2,7,4, 0.012023439147
6,2,7,5, 0.020921433147
6,2,7,6, 0.017492557663
6,2,7,9,-0.011269862752
6,2,9,2,-0.016305571058
6,2,9,7,-0.011269862752
6,3,0,3, 0.056969835632
6,3,0,8, 0.009093376146
6,3,1,3, 0.040964941464
6,3,1,8, 0.013049228864
6,3,3,0, 0.056969835632
6,3,3,1, 0.040964941464
6,3,3,4, 0.007040087690
6,3,3,5, 0.011322273279
6,3,3,6, 0.024456965577
6,3,3,9,-0.016305571058
6,3,4,3, 0.007040087690
6,3,4,8, 0.012023439147
6,3,5,3, 0.011322273279
6,3,5,8, 0.020921433147
6,3,6,3, 0.024456965577
6,3,6,8, 0.017492557663
6,3,8,0, 0.009093376146
6,3,8,1, 0.013049228864
6,3,8,4, 0.012023439147
6,3,8,5, 0.020921433147
6,3,8,6, 0.017492557663
6,3,8,9,-0.011269862752
6,3,9,3,-0.016305571058
6,3,9,8,-0.011269862752
6,4,0,0, 0.119783979492
6,4,0,1, 0.075093321406
6,4,0,4, 0.063603412199
6,4,0,5, 0.045431902533
6,4,0,6, 0.055318374434
6,4,0,9,-0.062710101957
6,4,1,0, 0.075093321406
6,4,1,1, 0.086178434494
6,4,1,4, 0.046203263335
6,4,1,5, 0.062888531074
6,4,1,6, 0.077180802019
6,4,1,9,-0.045145358155
6,4,2,2, 0.110894202079
6,4,2,7, 0.026855996102
6,4,3,3, 0.110894202079
6,4,3,8, 0.026855996102
6,4,4,0, 0.063603412199
6,4,4,1, 0.046203263335
6,4,4,4, 0.125681015670
6,4,4,5, 0.065003572379
6,4,4,6, 0.051203374699
6,4,4,9,-0.093971465256
6,4,5,0, 0.045431902533
6,4,5,1, 0.062888531074
6,4,5,4, 0.065003572379
6,4,5,5, 0.156331836738
6,4,5,6, 0.095440650285
6,4,5,9,-0.039243051676
6,4,6,0, 0.055318374434
6,4,6,1, 0.077180802019
6,4,6,4, 0.051203374699
6,4,6,5, 0.095440650285
6,4,6,6, 0.102718191861
6,4,6,9,-0.028943493703
6,4,7,2, 0.026855996102
6,4,7,7, 0.142866096118
6,4,8,3, 0.026855996102
6,4,8,8, 0.142866096118
6,4,9,0,-0.062710101957
6,4,9,1,-0.045145358155
6,4,9,4,-0.093971465256
6,4,9,5,-0.039243051676
6,4,9,6,-0.028943493703
6,4,9,9, 0.160588872687
6,5,0,0, 0.287486435769
6,5,0,1, 0.190531803089
6,5,0,4, 0.063645368131
6,5,0,5, 0.102600975375
6,5,0,6, 0.130641629639
6,5,0,9,-0.122239833721
6,5,1,0, 0.190531803089
6,5,1,1, 0.247192335026
6,5,1,4, 0.055093666319
6,5,1,5, 0.176050560475
6,5,1,6, 0.219090500203
6,5,1,9,-0.075093321406
6,5,2,2, 0.274137574338
6,5,2,7, 0.059168554092
6,5,3,3, 0.274137574338
6,5,3,8, 0.059168554092
6,5,4,0, 0.063645368131
6,5,4,1, 0.055093666319
6,5,4,4, 0.305785228161
6,5,4,5, 0.142046167343
6,5,4,6, 0.095440650285
6,5,4,9,-0.182305446405
6,5,5,0, 0.102600975375
6,5,5,1, 0.176050560475
6,5,5,4, 0.142046167343
6,5,5,5, 0.504699283325
6,5,5,6, 0.300015949963
6,5,6,0, 0.130641629639
6,5,6,1, 0.219090500203
6,5,6,4, 0.095440650285
6,5,6,5, 0.300015949963
6,5,6,6, 0.324022459289
6,5,7,2, 0.059168554092
6,5,7,7, 0.462081934851
6,5,8,3, 0.059168554092
6,5,8,8, 0.462081934851
6,5,9,0,-0.122239833721
6,5,9,1,-0.075093321406
6,5,9,4,-0.182305446405
6,5,9,9, 0.462081934851
6,6,0,0, 0.373806394277
6,6,0,1, 0.247192335026
6,6,0,4, 0.054759426175
6,6,0,5, 0.114528923503
6,6,0,6, 0.162015937756
6,6,0,9,-0.140403262129
6,6,1,0, 0.247192335026
6,6,1,1, 0.324532785089
6,6,1,4, 0.047845212320
6,6,1,5, 0.192230172095
6,6,1,6, 0.272550371539
6,6,1,9,-0.086178434494
6,6,2,2, 0.363545133761
6,6,2,7, 0.068252979390
6,6,3,3, 0.363545133761
6,6,3,8, 0.068252979390
6,6,4,0, 0.054759426175
6,6,4,1, 0.047845212320
6,6,4,4, 0.378792102501
6,6,4,5, 0.151484566958
6,6,4,6, 0.102718191861
6,6,4,9,-0.200707196150
6,6,5,0, 0.114528923503
6,6,5,1, 0.192230172095
6,6,5,4, 0.151484566958
6,6,5,5, 0.507364877272
6,6,5,6, 0.324022459289
6,6,6,0, 0.162015937756
6,6,6,1, 0.272550371539
6,6,6,4, 0.102718191861
6,6,6,5, 0.324022459289
6,6,6,6, 0.394125899248
6,6,7,2, 0.068252979390
6,6,7,7, 0.491073083906
6,6,8,3, 0.068252979390
6,6,8,8, 0.491073083906
6,6,9,0,-0.140403262129
6,6,9,1,-0.086178434494
6,6,9,4,-0.200707196150
6,6,9,9, 0.491073083906
6,7,0,2, 0.026465256526
6,7,0,7, 0.017013124513
6,7,1,2, 0.022915964932
6,7,1,7, 0.040964941464
6,7,2,0, 0.026465256526
6,7,2,1, 0.022915964932
6,7,2,4, 0.014643641282
6,7,2,5, 0.012644419290
6,7,2,6, 0.017492557663
6,7,2,9,-0.016016535642
6,7,4,2, 0.014643641282
6,7,4,7, 0.024182320197
6,7,5,2, 0.012644419290
6,7,5,7, 0.101353944495
6,7,6,2, 0.017492557663
6,7,6,7, 0.072461555243
6,7,7,0, 0.017013124513
6,7,7,1, 0.040964941464
6,7,7,4, 0.024182320197
6,7,7,5, 0.101353944495
6,7,7,6, 0.072461555243
6,7,9,2,-0.016016535642
6,8,0,3, 0.026465256526
6,8,0,8, 0.017013124513
6,8,1,3, 0.022915964932
6,8,1,8, 0.040964941464
6,8,3,0, 0.026465256526
6,8,3,1, 0.022915964932
6,8,3,4, 0.014643641282
6,8,3,5, 0.012644419290
6,8,3,6, 0.017492557663
6,8,3,9,-0.016016535642
6,8,4,3, 0.014643641282
6,8,4,8, 0.024182320197
6,8,5,3, 0.012644419290
6,8,5,8, 0.101353944495
6,8,6,3, 0.017492557663
6,8,6,8, 0.072461555243
6,8,8,0, 0.017013124513
6,8,8,1, 0.040964941464
6,8,8,4, 0.024182320197
6,8,8,5, 0.101353944495
6,8,8,6, 0.072461555243
6,8,9,3,-0.016016535642
6,9,0,0,-0.094544302697
6,9,0,1,-0.055093666319
6,9,0,4,-0.031265553858
6,9,0,5,-0.026255920711
6,9,0,6,-0.036261537427
6,9,0,9, 0.043914004563
6,9,1,0,-0.055093666319
6,9,1,1,-0.047845212320
6,9,1,4,-0.021906362835
6,9,1,5,-0.016316235087
6,9,1,6,-0.026288076002
6,9,1,9, 0.046203263335
6,9,2,2,-0.083630355909
6,9,2,7,-0.016016535642
6,9,3,3,-0.083630355909
6,9,3,8,-0.016016535642
6,9,4,0,-0.031265553858
6,9,4,1,-0.021906362835
6,9,4,4,-0.100482183471
6,9,4,5,-0.038340384158
6,9,4,6,-0.028943493703
6,9,4,9, 0.064235879573
6,9,5,0,-0.026255920711
6,9,5,1,-0.016316235087
6,9,5,4,-0.038340384158
6,9,5,9, 0.101353944495
6,9,6,0,-0.036261537427
6,9,6,1,-0.026288076002
6,9,6,4,-0.028943493703
6,9,6,9, 0.072461555243
6,9,7,2,-0.016016535642
6,9,8,3,-0.016016535642
6,9,9,0, 0.043914004563
6,9,9,1, 0.046203263335
6,9,9,4, 0.064235879573
6,9,9,5, 0.101353944495
6,9,9,6, 0.072461555243
7,0,0,2, 0.016592420731
7,0,0,7, 0.006597785420
7,0,1,2, 0.012644419290
7,0,1,7, 0.011322273279
7,0,2,0, 0.016592420731
7,0,2,1, 0.012644419290
7,0,2,4, 0.008786390009
7,0,2,5, 0.006113180583
7,0,2,6, 0.009093376146
7,0,2,9,-0.008780931213
7,0,4,2, 0.008786390009
7,0,4,7, 0.009778720013
7,0,5,2, 0.006113180583
7,0,5,7, 0.023692786587
7,0,6,2, 0.009093376146
7,0,6,7, 0.017013124513
7,0,7,0, 0.006597785420
7,0,7,1, 0.011322273279
7,0,7,4, 0.009778720013
7,0,7,5, 0.023692786587
7,0,7,6, 0.017013124513
7,0,7,9,-0.009059522016
7,0,9,2,-0.008780931213
7,0,9,7,-0.009059522016
7,1,0,2, 0.020921433147
7,1,0,7, 0.011322273279
7,1,1,2, 0.017492557663
7,1,1,7, 0.024456965577
7,1,2,0, 0.020921433147
7,1,2,1, 0.017492557663
7,1,2,4, 0.011269862752
7,1,2,5, 0.009093376146
7,1,2,6, 0.013049228864
7,1,2,9,-0.012023439147
7,1,4,2, 0.011269862752
7,1,4,7, 0.016305571058
7,1,5,2, 0.009093376146
7,1,5,7, 0.056969835632
7,1,6,2, 0.013049228864
7,1,6,7, 0.040964941464
7,1,7,0, 0.011322273279
7,1,7,1, 0.024456965577
7,1,7,4, 0.016305571058
7,1,7,5, 0.056969835632
7,1,7,6, 0.040964941464
7,1,7,9,-0.007040087690
7,1,9,2,-0.012023439147
7,1,9,7,-0.007040087690
7,2,0,0, 0.093877040956
7,2,0,1, 0.059168554092
7,2,0,4, 0.020510706559
7,2,0,5, 0.027788620928
7,2,0,6, 0.039014235627
7,2,0,9,-0.037410765980
7,2,1,0, 0.059168554092
7,2,1,1, 0.068252979390
7,2,1,4, 0.016016535642
7,2,1,5, 0.039014235627
7,2,1,6, 0.054047979632
7,2,1,9,-0.026855996102
7,2,2,2, 0.093108093613
7,2,2,7, 0.017945906733
7,2,3,3, 0.085545099644
7,2,3,8, 0.015748448766
7,2,4,0, 0.020510706559
7,2,4,1, 0.016016535642
7,2,4,4, 0.095060213894
7,2,4,5, 0.037410765980
7,2,4,6, 0.026855996102
7,2,4,9,-0.053457501372
7,2,5,0, 0.027788620928
7,2,5,1, 0.039014235627
7,2,5,4, 0.037410765980
7,2,5,5, 0.093877040956
7,2,5,6, 0.059168554092
7,2,5,9,-0.020510706559
7,2,6,0, 0.039014235627
7,2,6,1, 0.054047979632
7,2,6,4, 0.026855996102
7,2,6,5, 0.059168554092
7,2,6,6, 0.068252979390
7,2,6,9,-0.016016535642
7,2,7,2, 0.017945906733
7,2,7,7, 0.093108093613
7,2,8,3, 0.015748448766
7,2,8,8, 0.085545099644
7,2,9,0,-0.037410765980
7,2,9,1,-0.026855996102
7,2,9,4,-0.053457501372
7,2,9,5,-0.020510706559
7,2,9,6,-0.016016535642
7,2,9,9, 0.095060213894
7,3,2,3, 0.003781496985
7,3,2,8, 0.001098728984
7,3,3,2, 0.003781496985
7,3,3,7, 0.001098728984
7,3,7,3, 0.001098728984
7,3,7,8, 0.003781496985
7,3,8,2, 0.001098728984
7,3,8,7, 0.003781496985
7,4,0,2, 0.020510706559
7,4,0,7, 0.009778720013
7,4,1,2, 0.016016535642
7,4,1,7, 0.016305571058
7,4,2,0, 0.020510706559
7,4,2,1, 0.016016535642
7,4,2,4, 0.013296611234
7,4,2,5, 0.008780931213
7,4,2,6, 0.012023439147
7,4,2,9,-0.012742461044
7,4,4,2, 0.013296611234
7,4,4,7, 0.014939919011
7,4,5,2, 0.008780931213
7,4,5,7, 0.034477420589
7,4,6,2, 0.012023439147
7,4,6,7, 0.024182320197
7,4,7,0, 0.009778720013
7,4,7,1, 0.016305571058
7,4,7,4, 0.014939919011
7,4,7,5, 0.034477420589
7,4,7,6, 0.024182320197
7,4,7,9,-0.015285733893
7,4,9,2,-0.012742461044
7,4,9,7,-0.015285733893
7,5,0,2, 0.030270437474
7,5,0,7, 0.023692786587
7,5,1,2, 0.026465256526
7,5,1,7, 0.056969835632
7,5,2,0, 0.030270437474
7,5,2,1, 0.026465256526
7,5,2,4, 0.018631642285
7,5,2,5, 0.016592420731
7,5,2,6, 0.020921433147
7,5,2,9,-0.020510706559
7,5,4,2, 0.018631642285
7,5,4,7, 0.034477420589
7,5,5,2, 0.016592420731
7,5,5,7, 0.152608082603
7,5,6,2, 0.020921433147
7,5,6,7, 0.101353944495
7,5,7,0, 0.023692786587
7,5,7,1, 0.056969835632
7,5,7,4, 0.034477420589
7,5,7,5, 0.152608082603
7,5,7,6, 0.101353944495
7,5,9,2,-0.020510706559
7,6,0,2, 0.026465256526
7,6,0,7, 0.017013124513
7,6,1,2, 0.022915964932
7,6,1,7, 0.040964941464
7,6,2,0, 0.026465256526
7,6,2,1, 0.022915964932
7,6,2,4, 0.014643641282
7,6,2,5, 0.012644419290
7,6,2,6, 0.017492557663
7,6,2,9,-0.016016535642
7,6,4,2, 0.014643641282
7,6,4,7, 0.024182320197
7,6,5,2, 0.012644419290
7,6,5,7, 0.101353944495
7,6,6,2, 0.017492557663
7,6,6,7, 0.072461555243
7,6,7,0, 0.017013124513
7,6,7,1, 0.040964941464
7,6,7,4, 0.024182320197
7,6,7,5, 0.101353944495
7,6,7,6, 0.072461555243
7,6,9,2,-0.016016535642
7,7,0,0, 0.407096809522
7,7,0,1, 0.274137574338
7,7,0,4, 0.093384225154
7,7,0,5, 0.152820100020
7,7,0,6, 0.190682100141
7,7,0,9,-0.178045345751
7,7,1,0, 0.274137574338
7,7,1,1, 0.363545133761
7,7,1,4, 0.083630355909
7,7,1,5, 0.269909673035
7,7,1,6, 0.328894518594
7,7,1,9,-0.110894202079
7,7,2,2, 0.395327957167
7,7,2,7, 0.093108093613
7,7,3,3, 0.385911690924
7,7,3,8, 0.085545099644
7,7,4,0, 0.093384225154
7,7,4,1, 0.083630355909
7,7,4,4, 0.439037270041
7,7,4,5, 0.212506662871
7,7,4,6, 0.142866096118
7,7,4,9,-0.267551048919
7,7,5,0, 0.152820100020
7,7,5,1, 0.269909673035
7,7,5,4, 0.212506662871
7,7,5,5, 0.775037038942
7,7,5,6, 0.462081934851
7,7,6,0, 0.190682100141
7,7,6,1, 0.328894518594
7,7,6,4, 0.142866096118
7,7,6,5, 0.462081934851
7,7,6,6, 0.491073083906
7,7,7,2, 0.093108093613
7,7,7,7, 0.785718708997
7,7,8,3, 0.085545099644
7,7,8,8, 0.689508254834
7,7,9,0,-0.178045345751
7,7,9,1,-0.110894202079
7,7,9,4,-0.267551048919
7,7,9,9, 0.689508254834
7,8,2,3, 0.004708133121
7,8,2,8, 0.003781496985
7,8,3,2, 0.004708133121
7,8,3,7, 0.003781496985
7,8,7,3, 0.003781496985
7,8,7,8, 0.048105227081
7,8,8,2, 0.003781496985
7,8,8,7, 0.048105227081
7,9,0,2,-0.018631642285
7,9,0,7,-0.009059522016
7,9,1,2,-0.014643641282
7,9,1,7,-0.007040087690
7,9,2,0,-0.018631642285
7,9,2,1,-0.014643641282
7,9,2,4,-0.013338887567
7,9,2,5,-0.008786390009
7,9,2,6,-0.011269862752
7,9,2,9, 0.013296611234
7,9,4,2,-0.013338887567
7,9,4,7,-0.015285733893
7,9,5,2,-0.008786390009
7,9,6,2,-0.011269862752
7,9,7,0,-0.009059522016
7,9,7,1,-0.007040087690
7,9,7,4,-0.015285733893
7,9,7,9, 0.048105227081
7,9,9,2, 0.013296611234
7,9,9,7, 0.048105227081
8,0,0,3, 0.016592420731
8,0,0,8, 0.006597785420
8,0,1,3, 0.012644419290
8,0,1,8, 0.011322273279
8,0,3,0, 0.016592420731
8,0,3,1, 0.012644419290
8,0,3,4, 0.008786390009
8,0,3,5, 0.006113180583
8,0,3,6, 0.009093376146
8,0,3,9,-0.008780931213
8,0,4,3, 0.008786390009
8,0,4,8, 0.009778720013
8,0,5,3, 0.006113180583
8,0,5,8, 0.023692786587
8,0,6,3, 0.009093376146
8,0,6,8, 0.017013124513
8,0,8,0, 0.006597785420
8,0,8,1, 0.011322273279
8,0,8,4, 0.009778720013
8,0,8,5, 0.023692786587
8,0,8,6, 0.017013124513
8,0,8,9,-0.009059522016
8,0,9,3,-0.008780931213
8,0,9,8,-0.009059522016
8,1,0,3, 0.020921433147
8,1,0,8, 0.011322273279
8,1,1,3, 0.017492557663
8,1,1,8, 0.024456965577
8,1,3,0, 0.020921433147
8,1,3,1, 0.017492557663
8,1,3,4, 0.011269862752
8,1,3,5, 0.009093376146
8,1,3,6, 0.013049228864
8,1,3,9,-0.012023439147
8,1,4,3, 0.011269862752
8,1,4,8, 0.016305571058
8,1,5,3, 0.009093376146
8,1,5,8, 0.056969835632
8,1,6,3, 0.013049228864
8,1,6,8, 0.040964941464
8,1,8,0, 0.011322273279
8,1,8,1, 0.024456965577
8,1,8,4, 0.016305571058
8,1,8,5, 0.056969835632
8,1,8,6, 0.040964941464
8,1,8,9,-0.007040087690
8,1,9,3,-0.012023439147
8,1,9,8,-0.007040087690
8,2,2,3, 0.003781496985
8,2,2,8, 0.001098728984
8,2,3,2, 0.003781496985
8,2,3,7, 0.001098728984
8,2,7,3, 0.001098728984
8,2,7,8, 0.003781496985
8,2,8,2, 0.001098728984
8,2,8,7, 0.003781496985
8,3,0,0, 0.093877040956
8,3,0,1, 0.059168554092
8,3,0,4, 0.020510706559
8,3,0,5, 0.027788620928
8,3,0,6, 0.039014235627
8,3,0,9,-0.037410765980
8,3,1,0, 0.059168554092
8,3,1,1, 0.068252979390
8,3,1,4, 0.016016535642
8,3,1,5, 0.039014235627
8,3,1,6, 0.054047979632
8,3,1,9,-0.026855996102
8,3,2,2, 0.085545099644
8,3,2,7, 0.015748448766
8,3,3,3, 0.093108093613
8,3,3,8, 0.017945906733
8,3,4,0, 0.020510706559
8,3,4,1, 0.016016535642
8,3,4,4, 0.095060213894
8,3,4,5, 0.037410765980
8,3,4,6, 0.026855996102
8,3,4,9,-0.053457501372
8,3,5,0, 0.027788620928
8,3,5,1, 0.039014235627
8,3,5,4, 0.037410765980
8,3,5,5, 0.093877040956
8,3,5,6, 0.059168554092
8,3,5,9,-0.020510706559
8,3,6,0, 0.039014235627
8,3,6,1, 0.054047979632
8,3,6,4, 0.026855996102
8,3,6,5, 0.059168554092
8,3,6,6, 0.068252979390
8,3,6,9,-0.016016535642
8,3,7,2, 0.015748448766
8,3,7,7, 0.085545099644
8,3,8,3, 0.017945906733
8,3,8,8, 0.093108093613
8,3,9,0,-0.037410765980
8,3,9,1,-0.026855996102
8,3,9,4,-0.053457501372
8,3,9,5,-0.020510706559
8,3,9,6,-0.016016535642
8,3,9,9, 0.095060213894
8,4,0,3, 0.020510706559
8,4,0,8, 0.009778720013
8,4,1,3, 0.016016535642
8,4,1,8, 0.016305571058
8,4,3,0, 0.020510706559
8,4,3,1, 0.016016535642
8,4,3,4, 0.013296611234
8,4,3,5, 0.008780931213
8,4,3,6, 0.012023439147
8,4,3,9,-0.012742461044
8,4,4,3, 0.013296611234
8,4,4,8, 0.014939919011
8,4,5,3, 0.008780931213
8,4,5,8, 0.034477420589
8,4,6,3, 0.012023439147
8,4,6,8, 0.024182320197
8,4,8,0, 0.009778720013
8,4,8,1, 0.016305571058
8,4,8,4, 0.014939919011
8,4,8,5, 0.034477420589
8,4,8,6, 0.024182320197
8,4,8,9,-0.015285733893
8,4,9,3,-0.012742461044
8,4,9,8,-0.015285733893
8,5,0,3, 0.030270437474
8,5,0,8, 0.023692786587
8,5,1,3, 0.026465256526
8,5,1,8, 0.056969835632
8,5,3,0, 0.030270437474
8,5,3,1, 0.026465256526
8,5,3,4, 0.018631642285
8,5,3,5, 0.016592420731
8,5,3,6, 0.020921433147
8,5,3,9,-0.020510706559
8,5,4,3, 0.018631642285
8,5,4,8, 0.034477420589
8,5,5,3, 0.016592420731
8,5,5,8, 0.152608082603
8,5,6,3, 0.020921433147
8,5,6,8, 0.101353944495
8,5,8,0, 0.023692786587
8,5,8,1, 0.056969835632
8,5,8,4, 0.034477420589
8,5,8,5, 0.152608082603
8,5,8,6, 0.101353944495
8,5,9,3,-0.020510706559
8,6,0,3, 0.026465256526
8,6,0,8, 0.017013124513
8,6,1,3, 0.022915964932
8,6,1,8, 0.040964941464
8,6,3,0, 0.026465256526
8,6,3,1, 0.022915964932
8,6,3,4, 0.014643641282
8,6,3,5, 0.012644419290
8,6,3,6, 0.017492557663
8,6,3,9,-0.016016535642
8,6,4,3, 0.014643641282
8,6,4,8, 0.024182320197
8,6,5,3, 0.012644419290
8,6,5,8, 0.101353944495
8,6,6,3, 0.017492557663
8,6,6,8, 0.072461555243
8,6,8,0, 0.017013124513
8,6,8,1, 0.040964941464
8,6,8,4, 0.024182320197
8,6,8,5, 0.101353944495
8,6,8,6, 0.072461555243
8,6,9,3,-0.016016535642
8,7,2,3, 0.004708133121
8,7,2,8, 0.003781496985
8,7,3,2, 0.004708133121
8,7,3,7, 0.003781496985
8,7,7,3, 0.003781496985
8,7,7,8, 0.048105227081
8,7,8,2, 0.003781496985
8,7,8,7, 0.048105227081
8,8,0,0, 0.407096809522
8,8,0,1, 0.274137574338
8,8,0,4, 0.093384225154
8,8,0,5, 0.152820100020
8,8,0,6, 0.190682100141
8,8,0,9,-0.178045345751
8,8,1,0, 0.274137574338
8,8,1,1, 0.363545133761
8,8,1,4, 0.083630355909
8,8,1,5, 0.269909673035
8,8,1,6, 0.328894518594
8,8,1,9,-0.110894202079
8,8,2,2, 0.385911690924
8,8,2,7, 0.085545099644
8,8,3,3, 0.395327957167
8,8,3,8, 0.093108093613
8,8,4,0, 0.093384225154
8,8,4,1, 0.083630355909
8,8,4,4, 0.439037270041
8,8,4,5, 0.212506662871
8,8,4,6, 0.142866096118
8,8,4,9,-0.267551048919
8,8,5,0, 0.152820100020
8,8,5,1, 0.269909673035
8,8,5,4, 0.212506662871
8,8,5,5, 0.775037038942
8,8,5,6, 0.462081934851
8,8,6,0, 0.190682100141
8,8,6,1, 0.328894518594
8,8,6,4, 0.142866096118
8,8,6,5, 0.462081934851
8,8,6,6, 0.491073083906
8,8,7,2, 0.085545099644
8,8,7,7, 0.689508254834
8,8,8,3, 0.093108093613
8,8,8,8, 0.785718708997
8,8,9,0,-0.178045345751
8,8,9,1,-0.110894202079
8,8,9,4,-0.267551048919
8,8,9,9, 0.689508254834
8,9,0,3,-0.018631642285
8,9,0,8,-0.009059522016
8,9,1,3,-0.014643641282
8,9,1,8,-0.007040087690
8,9,3,0,-0.018631642285
8,9,3,1,-0.014643641282
8,9,3,4,-0.013338887567
8,9,3,5,-0.008786390009
8,9,3,6,-0.011269862752
8,9,3,9, 0.013296611234
8,9,4,3,-0.013338887567
8,9,4,8,-0.015285733893
8,9,5,3,-0.008786390009
8,9,6,3,-0.011269862752
8,9,8,0,-0.009059522016
8,9,8,1,-0.007040087690
8,9,8,4,-0.015285733893
8,9,8,9, 0.048105227081
8,9,9,3, 0.013296611234
8,9,9,8, 0.048105227081
9,0,0,0,-0.239014647953
9,0,0,1,-0.142046167343
9,0,0,4,-0.054161167088
9,0,0,5,-0.065326833960
9,0,0,6,-0.092352406279
9,0,0,9, 0.092439972037
9,0,1,0,-0.142046167343
9,0,1,1,-0.151484566958
9,0,1,4,-0.038340384158
9,0,1,5,-0.083523984923
9,0,1,6,-0.116074632965
9,0,1,9, 0.065003572379
9,0,2,2,-0.212506662871
9,0,2,7,-0.037410765980
9,0,3,3,-0.212506662871
9,0,3,8,-0.037410765980
9,0,4,0,-0.054161167088
9,0,4,1,-0.038340384158
9,0,4,4,-0.235709121272
9,0,4,5,-0.087655645897
9,0,4,6,-0.062710101957
9,0,4,9, 0.130892297989
9,0,5,0,-0.065326833960
9,0,5,1,-0.083523984923
9,0,5,4,-0.087655645897
9,0,5,5,-0.194667984613
9,0,5,6,-0.122239833721
9,0,5,9, 0.057973635766
9,0,6,0,-0.092352406279
9,0,6,1,-0.116074632965
9,0,6,4,-0.062710101957
9,0,6,5,-0.122239833721
9,0,6,6,-0.140403262129
9,0,6,9, 0.043914004563
9,0,7,2,-0.037410765980
9,0,7,7,-0.178045345751
9,0,8,3,-0.037410765980
9,0,8,8,-0.178045345751
9,0,9,0, 0.092439972037
9,0,9,1, 0.065003572379
9,0,9,4, 0.130892297989
9,0,9,5, 0.057973635766
9,0,9,6, 0.043914004563
9,0,9,9,-0.209580958445
9,1,0,0,-0.156331836738
9,1,0,1,-0.095440650285
9,1,0,4,-0.039243051676
9,1,0,5,-0.045431902533
9,1,0,6,-0.062888531074
9,1,0,9, 0.065003572379
9,1,1,0,-0.095440650285
9,1,1,1,-0.102718191861
9,1,1,4,-0.028943493703
9,1,1,5,-0.055318374434
9,1,1,6,-0.077180802019
9,1,1,9, 0.051203374699
9,1,2,2,-0.142866096118
9,1,2,7,-0.026855996102
9,1,3,3,-0.142866096118
9,1,3,8,-0.026855996102
9,1,4,0,-0.039243051676
9,1,4,1,-0.028943493703
9,1,4,4,-0.160588872687
9,1,4,5,-0.062710101957
9,1,4,6,-0.045145358155
9,1,4,9, 0.093971465256
9,1,5,0,-0.045431902533
9,1,5,1,-0.055318374434
9,1,5,4,-0.062710101957
9,1,5,5,-0.119783979492
9,1,5,6,-0.075093321406
9,1,5,9, 0.063603412199
9,1,6,0,-0.062888531074
9,1,6,1,-0.077180802019
9,1,6,4,-0.045145358155
9,1,6,5,-0.075093321406
9,1,6,6,-0.086178434494
9,1,6,9, 0.046203263335
9,1,7,2,-0.026855996102
9,1,7,7,-0.110894202079
9,1,8,3,-0.026855996102
9,1,8,8,-0.110894202079
9,1,9,0, 0.065003572379
9,1,9,1, 0.051203374699
9,1,9,4, 0.093971465256
9,1,9,5, 0.063603412199
9,1,9,6, 0.046203263335
9,1,9,9,-0.125681015670
9,2,0,2,-0.034477420589
9,2,0,7,-0.008780931213
9,2,1,2,-0.024182320197
9,2,1,7,-0.012023439147
9,2,2,0,-0.034477420589
9,2,2,1,-0.024182320197
9,2,2,4,-0.015285733893
9,2,2,5,-0.009778720013
9,2,2,6,-0.016305571058
9,2,2,9, 0.014939919011
9,2,4,2,-0.015285733893
9,2,4,7,-0.012742461044
9,2,5,2,-0.009778720013
9,2,5,7,-0.020510706559
9,2,6,2,-0.016305571058
9,2,6,7,-0.016016535642
9,2,7,0,-0.008780931213
9,2,7,1,-0.012023439147
9,2,7,4,-0.012742461044
9,2,7,5,-0.020510706559
9,2,7,6,-0.016016535642
9,2,7,9, 0.013296611234
9,2,9,2, 0.014939919011
9,2,9,7, 0.013296611234
9,3,0,3,-0.034477420589
9,3,0,8,-0.008780931213
9,3,1,3,-0.024182320197
9,3,1,8,-0.012023439147
9,3,3,0,-0.034477420589
9,3,3,1,-0.024182320197
9,3,3,4,-0.015285733893
9,3,3,5,-0.009778720013
9,3,3,6,-0.016305571058
9,3,3,9, 0.014939919011
9,3,4,3,-0.015285733893
9,3,4,8,-0.012742461044
9,3,5,3,-0.009778720013
9,3,5,8,-0.020510706559
9,3,6,3,-0.016305571058
9,3,6,8,-0.016016535642
9,3,8,0,-0.008780931213
9,3,8,1,-0.012023439147
9,3,8,4,-0.012742461044
9,3,8,5,-0.020510706559
9,3,8,6,-0.016016535642
9,3,8,9, 0.013296611234
9,3,9,3, 0.014939919011
9,3,9,8, 0.013296611234
9,4,0,0,-0.297336584772
9,4,0,1,-0.182305446405
9,4,0,4,-0.088826738580
9,4,0,5,-0.093294093664
9,4,0,6,-0.122867306696
9,4,0,9, 0.130892297989
9,4,1,0,-0.182305446405
9,4,1,1,-0.200707196150
9,4,1,4,-0.064235879573
9,4,1,5,-0.122867306696
9,4,1,6,-0.160488312870
9,4,1,9, 0.093971465256
9,4,2,2,-0.267551048919
9,4,2,7,-0.053457501372
9,4,3,3,-0.267551048919
9,4,3,8,-0.053457501372
9,4,4,0,-0.088826738580
9,4,4,1,-0.064235879573
9,4,4,4,-0.316857494766
9,4,4,5,-0.130892297989
9,4,4,6,-0.093971465256
9,4,4,9, 0.193388814706
9,4,5,0,-0.093294093664
9,4,5,1,-0.122867306696
9,4,5,4,-0.130892297989
9,4,5,5,-0.297336584772
9,4,5,6,-0.182305446405
9,4,5,9, 0.088826738580
9,4,6,0,-0.122867306696
9,4,6,1,-0.160488312870
9,4,6,4,-0.093971465256
9,4,6,5,-0.182305446405
9,4,6,6,-0.200707196150
9,4,6,9, 0.064235879573
9,4,7,2,-0.053457501372
9,4,7,7,-0.267551048919
9,4,8,3,-0.053457501372
9,4,8,8,-0.267551048919
9,4,9,0, 0.130892297989
9,4,9,1, 0.093971465256
9,4,9,4, 0.193388814706
9,4,9,5, 0.088826738580
9,4,9,6, 0.064235879573
9,4,9,9,-0.316857494766
9,5,0,0,-0.107944780164
9,5,0,1,-0.063645368131
9,5,0,4,-0.043399576430
9,5,0,5,-0.034787027897
9,5,0,6,-0.043450566696
9,5,0,9, 0.057973635766
9,5,1,0,-0.063645368131
9,5,1,1,-0.054759426175
9,5,1,4,-0.031265553858
9,5,1,5,-0.021671724612
9,5,1,6,-0.030985839966
9,5,1,9, 0.063603412199
9,5,2,2,-0.093384225154
9,5,2,7,-0.020510706559
9,5,3,3,-0.093384225154
9,5,3,8,-0.020510706559
9,5,4,0,-0.043399576430
9,5,4,1,-0.031265553858
9,5,4,4,-0.124563441461
9,5,4,5,-0.054161167088
9,5,4,6,-0.039243051676
9,5,4,9, 0.088826738580
9,5,5,0,-0.034787027897
9,5,5,1,-0.021671724612
9,5,5,4,-0.054161167088
9,5,5,9, 0.152608082603
9,5,6,0,-0.043450566696
9,5,6,1,-0.030985839966
9,5,6,4,-0.039243051676
9,5,6,9, 0.101353944495
9,5,7,2,-0.020510706559
9,5,8,3,-0.020510706559
9,5,9,0, 0.057973635766
9,5,9,1, 0.063603412199
9,5,9,4, 0.088826738580
9,5,9,5, 0.152608082603
9,5,9,6, 0.101353944495
9,6,0,0,-0.094544302697
9,6,0,1,-0.055093666319
9,6,0,4,-0.031265553858
9,6,0,5,-0.026255920711
9,6,0,6,-0.036261537427
9,6,0,9, 0.043914004563
9,6,1,0,-0.055093666319
9,6,1,1,-0.047845212320
9,6,1,4,-0.021906362835
9,6,1,5,-0.016316235087
9,6,1,6,-0.026288076002
9,6,1,9, 0.046203263335
9,6,2,2,-0.083630355909
9,6,2,7,-0.016016535642
9,6,3,3,-0.083630355909
9,6,3,8,-0.016016535642
9,6,4,0,-0.031265553858
9,6,4,1,-0.021906362835
9,6,4,4,-0.100482183471
9,6,4,5,-0.038340384158
9,6,4,6,-0.028943493703
9,6,4,9, 0.064235879573
9,6,5,0,-0.026255920711
9,6,5,1,-0.016316235087
9,6,5,4,-0.038340384158
9,6,5,9, 0.101353944495
9,6,6,0,-0.036261537427
9,6,6,1,-0.026288076002
9,6,6,4,-0.028943493703
9,6,6,9, 0.072461555243
9,6,7,2,-0.016016535642
9,6,8,3,-0.016016535642
9,6,9,0, 0.043914004563
9,6,9,1, 0.046203263335
9,6,9,4, 0.064235879573
9,6,9,5, 0.101353944495
9,6,9,6, 0.072461555243
9,7,0,2,-0.018631642285
9,7,0,7,-0.009059522016
9,7,1,2,-0.014643641282
9,7,1,7,-0.007040087690
9,7,2,0,-0.018631642285
9,7,2,1,-0.014643641282
9,7,2,4,-0.013338887567
9,7,2,5,-0.008786390009
9,7,2,6,-0.011269862752
9,7,2,9, 0.013296611234
9,7,4,2,-0.013338887567
9,7,4,7,-0.015285733893
9,7,5,2,-0.008786390009
9,7,6,2,-0.011269862752
9,7,7,0,-0.009059522016
9,7,7,1,-0.007040087690
9,7,7,4,-0.015285733893
9,7,7,9, 0.048105227081
9,7,9,2, 0.013296611234
9,7,9,7, 0.048105227081
9,8,0,3,-0.018631642285
9,8,0,8,-0.009059522016
9,8,1,3,-0.014643641282
9,8,1,8,-0.007040087690
9,8,3,0,-0.018631642285
9,8,3,1,-0.014643641282
9,8,3,4,-0.013338887567
9,8,3,5,-0.008786390009
9,8,3,6,-0.011269862752
9,8,3,9, 0.013296611234
9,8,4,3,-0.013338887567
9,8,4,8,-0.015285733893
9,8,5,3,-0.008786390009
9,8,6,3,-0.011269862752
9,8,8,0,-0.009059522016
9,8,8,1,-0.007040087690
9,8,8,4,-0.015285733893
9,8,8,9, 0.048105227081
9,8,9,3, 0.013296611234
9,8,9,8, 0.048105227081
9,9,0,0, 0.472566105180
9,9,0,1, 0.305785228161
9,9,0,4, 0.124563441461
9,9,0,5, 0.167530699322
9,9,0,6, 0.210400479684
9,9,0,9,-0.209580958445
9,9,1,0, 0.305785228161
9,9,1,1, 0.378792102501
9,9,1,4, 0.100482183471
9,9,1,5, 0.272794771015
9,9,1,6, 0.333731663878
9,9,1,9,-0.125681015670
9,9,2,2, 0.439037270041
9,9,2,7, 0.095060213894
9,9,3,3, 0.439037270041
9,9,3,8, 0.095060213894
9,9,4,0, 0.124563441461
9,9,4,1, 0.100482183471
9,9,4,4, 0.514196607382
9,9,4,5, 0.235709121272
9,9,4,6, 0.160588872687
9,9,4,9,-0.316857494766
9,9,5,0, 0.167530699322
9,9,5,1, 0.272794771015
9,9,5,4, 0.235709121272
9,9,5,5, 0.775037038942
9,9,5,6, 0.462081934851
9,9,6,0, 0.210400479684
9,9,6,1, 0.333731663878
9,9,6,4, 0.160588872687
9,9,6,5, 0.462081934851
9,9,6,6, 0.491073083906
9,9,7,2, 0.095060213894
9,9,7,7, 0.689508254834
9,9,8,3, 0.095060213894
9,9,8,8, 0.689508254834
9,9,9,0,-0.209580958445
9,9,9,1,-0.125681015670
9,9,9,4,-0.316857494766
9,9,9,9, 0.785718708997
