0,0,0,0, 0.897251802255
0,0,0,1, 0.504699283325
0,0,0,5, 0.108484900365
0,0,0,6, 0.250083253363
0,0,0,9,-0.153437797625
0,0,1,0, 0.504699283325
0,0,1,1, 0.507364877272
0,0,1,5, 0.158485665733
0,0,1,6, 0.301163541643
0,0,1,9,-0.128523266786
0,0,2,2, 0.775037038942
0,0,2,7, 0.050308232621
0,0,3,3, 0.775037038942
0,0,3,8, 0.050308232621
0,0,4,4, 0.775037038942
0,0,4,5, 0.134316391619
0,0,4,6, 0.115543564850
0,0,4,9,-0.220511951712
0,0,5,0, 0.108484900365
0,0,5,1, 0.158485665733
0,0,5,4, 0.134316391619
0,0,5,5, 0.381753952241
0,0,5,6, 0.257683458410
0,0,5,9,-0.088262025095
0,0,6,0, 0.250083253363
0,0,6,1, 0.301163541643
0,0,6,4, 0.115543564850
0,0,6,5, 0.257683458410
0,0,6,6, 0.346566236797
0,0,6,9,-0.079496848805
0,0,7,2, 0.050308232621
0,0,7,7, 0.364188978899
0,0,8,3, 0.050308232621
0,0,8,8, 0.364188978899
0,0,9,0,-0.153437797625
0,0,9,1,-0.128523266786
0,0,9,4,-0.220511951712
0,0,9,5,-0.088262025095
0,0,9,6,-0.079496848805
0,0,9,9, 0.415024179602
0,1,0,0, 0.504699283325
0,1,0,1, 0.300015949963
0,1,0,5, 0.066965182064
0,1,0,6, 0.150035600288
0,1,0,9,-0.093696007443
0,1,1,0, 0.300015949963
0,1,1,1, 0.324022459289
0,1,1,5, 0.104048130169
0,1,1,6, 0.194966583052
0,1,1,9,-0.081081446964
0,1,2,2, 0.462081934851
0,1,2,7, 0.032091584150
0,1,3,3, 0.462081934851
0,1,3,8, 0.032091584150
0,1,4,4, 0.462081934851
0,1,4,5, 0.084869785009
0,1,4,6, 0.072497263708
0,1,4,9,-0.137569453979
0,1,5,0, 0.066965182064
0,1,5,1, 0.104048130169
0,1,5,4, 0.084869785009
0,1,5,5, 0.257683458410
0,1,5,6, 0.172769075921
0,1,5,9,-0.054942631794
0,1,6,0, 0.150035600288
0,1,6,1, 0.194966583052
0,1,6,4, 0.072497263708
0,1,6,5, 0.172769075921
0,1,6,6, 0.230774469615
0,1,6,9,-0.048699570185
0,1,7,2, 0.032091584150
0,1,7,7, 0.247233854122
0,1,8,3, 0.032091584150
0,1,8,8, 0.247233854122
0,1,9,0,-0.093696007443
0,1,9,1,-0.081081446964
0,1,9,4,-0.137569453979
0,1,9,5,-0.054942631794
0,1,9,6,-0.048699570185
0,1,9,9, 0.274555383668
0,2,0,2, 0.152608082603
0,2,0,7, 0.008808506600
0,2,1,2, 0.101353944495
0,2,1,7, 0.013747051859
0,2,2,0, 0.152608082603
0,2,2,1, 0.101353944495
0,2,2,5, 0.014121497926
0,2,2,6, 0.047918716766
0,2,2,9,-0.019195991785
0,2,4,7, 0.011663928513
0,2,5,2, 0.014121497926
0,2,5,7, 0.021602845557
0,2,6,2, 0.047918716766
0,2,6,7, 0.019462805315
0,2,7,0, 0.008808506600
0,2,7,1, 0.013747051859
0,2,7,4, 0.011663928513
0,2,7,5, 0.021602845557
0,2,7,6, 0.019462805315
0,2,7,9,-0.012651586661
0,2,9,2,-0.019195991785
0,2,9,7,-0.012651586661
0,3,0,3, 0.152608082603
0,3,0,8, 0.008808506600
0,3,1,3, 0.101353944495
0,3,1,8, 0.013747051859
0,3,3,0, 0.152608082603
0,3,3,1, 0.101353944495
0,3,3,5, 0.014121497926
0,3,3,6, 0.047918716766
0,3,3,9,-0.019195991785
0,3,4,8, 0.011663928513
0,3,5,3, 0.014121497926
0,3,5,8, 0.021602845557
0,3,6,3, 0.047918716766
0,3,6,8, 0.019462805315
0,3,8,0, 0.008808506600
0,3,8,1, 0.013747051859
0,3,8,4, 0.011663928513
0,3,8,5, 0.021602845557
0,3,8,6, 0.019462805315
0,3,8,9,-0.012651586661
0,3,9,3,-0.019195991785
0,3,9,8,-0.012651586661
0,4,0,4, 0.152608082603
0,4,0,5, 0.023955112350
0,4,0,6, 0.020897576792
0,4,0,9,-0.038940866344
0,4,1,4, 0.101353944495
0,4,1,5, 0.034598361945
0,4,1,6, 0.030674158098
0,4,1,9,-0.034836501004
0,4,2,7, 0.011663928513
0,4,3,8, 0.011663928513
0,4,4,0, 0.152608082603
0,4,4,1, 0.101353944495
0,4,4,5, 0.039085400436
0,4,4,6, 0.055182915266
0,4,4,9,-0.065868471372
0,4,5,0, 0.023955112350
0,4,5,1, 0.034598361945
0,4,5,4, 0.039085400436
0,4,5,5, 0.088262025095
0,4,5,6, 0.054942631794
0,4,5,9,-0.036547994587
0,4,6,0, 0.020897576792
0,4,6,1, 0.030674158098
0,4,6,4, 0.055182915266
0,4,6,5, 0.054942631794
0,4,6,6, 0.053014979551
0,4,6,9,-0.029031484170
0,4,7,2, 0.011663928513
0,4,7,7, 0.077645794654
0,4,8,3, 0.011663928513
0,4,8,8, 0.077645794654
0,4,9,0,-0.038940866344
0,4,9,1,-0.034836501004
0,4,9,4,-0.065868471372
0,4,9,5,-0.036547994587
0,4,9,6,-0.029031484170
0,4,9,9, 0.105584885146
0,5,0,0, 0.108484900365
0,5,0,1, 0.066965182064
0,5,0,4, 0.023955112350
0,5,0,5, 0.022252121272
0,5,0,6, 0.038457140356
0,5,0,9,-0.031307345977
0,5,1,0, 0.066965182064
0,5,1,1, 0.076289164237
0,5,1,4, 0.018398946550
0,5,1,5, 0.038457140356
0,5,1,6, 0.055944581208
0,5,1,9,-0.028863537060
0,5,2,2, 0.099074251419
0,5,2,7, 0.010698631635
0,5,3,3, 0.099074251419
0,5,3,8, 0.010698631635
0,5,4,0, 0.023955112350
0,5,4,1, 0.018398946550
0,5,4,4, 0.109859987114
0,5,4,5, 0.031307345977
0,5,4,6, 0.028863537060
0,5,4,9,-0.049772296644
0,5,5,0, 0.022252121272
0,5,5,1, 0.038457140356
0,5,5,4, 0.031307345977
0,5,5,5, 0.108484900365
0,5,5,6, 0.066965182064
0,5,5,9,-0.023955112350
0,5,6,0, 0.038457140356
0,5,6,1, 0.055944581208
0,5,6,4, 0.028863537060
0,5,6,5, 0.066965182064
0,5,6,6, 0.076289164237
0,5,6,9,-0.018398946550
0,5,7,2, 0.010698631635
0,5,7,7, 0.099074251419
0,5,8,3, 0.010698631635
0,5,8,8, 0.099074251419
0,5,9,0,-0.031307345977
0,5,9,1,-0.028863537060
0,5,9,4,-0.049772296644
0,5,9,5,-0.023955112350
0,5,9,6,-0.018398946550
0,5,9,9, 0.109859987114
0,6,0,0, 0.250083253363
0,6,0,1, 0.150035600288
0,6,0,4, 0.020897576792
0,6,0,5, 0.038457140356
0,6,0,6, 0.078923730976
0,6,0,9,-0.054092386055
0,6,1,0, 0.150035600288
0,6,1,1, 0.164356236464
0,6,1,4, 0.015771215960
0,6,1,5, 0.061805377133
0,6,1,6, 0.106465956340
0,6,1,9,-0.047867761990
0,6,2,2, 0.229714906924
0,6,2,7, 0.018619116421
0,6,3,3, 0.229714906924
0,6,3,8, 0.018619116421
0,6,4,0, 0.020897576792
0,6,4,1, 0.015771215960
0,6,4,4, 0.232876743474
0,6,4,5, 0.050623975551
0,6,4,6, 0.045944602153
0,6,4,9,-0.081607531409
0,6,5,0, 0.038457140356
0,6,5,1, 0.061805377133
0,6,5,4, 0.050623975551
0,6,5,5, 0.158485665733
0,6,5,6, 0.104048130169
0,6,5,9,-0.034598361945
0,6,6,0, 0.078923730976
0,6,6,1, 0.106465956340
0,6,6,4, 0.045944602153
0,6,6,5, 0.104048130169
0,6,6,6, 0.132449931538
0,6,6,9,-0.029476851403
0,6,7,2, 0.018619116421
0,6,7,7, 0.150735360038
0,6,8,3, 0.018619116421
0,6,8,8, 0.150735360038
0,6,9,0,-0.054092386055
0,6,9,1,-0.047867761990
0,6,9,4,-0.081607531409
0,6,9,5,-0.034598361945
0,6,9,6,-0.029476851403
0,6,9,9, 0.166995720636
0,7,0,2, 0.008808506600
0,7,0,7, 0.002711702284
0,7,1,2, 0.006936543095
0,7,1,7, 0.006032869940
0,7,2,0, 0.008808506600
0,7,2,1, 0.006936543095
0,7,2,4, 0.005016302282
0,7,2,5, 0.002427158266
0,7,2,6, 0.004489082220
0,7,2,9,-0.003587472271
0,7,4,2, 0.005016302282
0,7,4,7, 0.004023421856
0,7,5,2, 0.002427158266
0,7,5,7, 0.014121497926
0,7,6,2, 0.004489082220
0,7,6,7, 0.010287590714
0,7,7,0, 0.002711702284
0,7,7,1, 0.006032869940
0,7,7,4, 0.004023421856
0,7,7,5, 0.014121497926
0,7,7,6, 0.010287590714
0,7,7,9,-0.005960267569
0,7,9,2,-0.003587472271
0,7,9,7,-0.005960267569
0,8,0,3, 0.008808506600
0,8,0,8, 0.002711702284
0,8,1,3, 0.006936543095
0,8,1,8, 0.006032869940
0,8,3,0, 0.008808506600
0,8,3,1, 0.006936543095
0,8,3,4, 0.005016302282
0,8,3,5, 0.002427158266
0,8,3,6, 0.004489082220
0,8,3,9,-0.003587472271
0,8,4,3, 0.005016302282
0,8,4,8, 0.004023421856
0,8,5,3, 0.002427158266
0,8,5,8, 0.014121497926
0,8,6,3, 0.004489082220
0,8,6,8, 0.010287590714
0,8,8,0, 0.002711702284
0,8,8,1, 0.006032869940
0,8,8,4, 0.004023421856
0,8,8,5, 0.014121497926
0,8,8,6, 0.010287590714
0,8,8,9,-0.005960267569
0,8,9,3,-0.003587472271
0,8,9,8,-0.005960267569
0,9,0,0,-0.153437797625
0,9,0,1,-0.093696007443
0,9,0,4,-0.038940866344
0,9,0,5,-0.031307345977
0,9,0,6,-0.054092386055
0,9,0,9, 0.045435295820
0,9,1,0,-0.093696007443
0,9,1,1,-0.103813468782
0,9,1,4,-0.028816028083
0,9,1,5,-0.050623975551
0,9,1,6,-0.074996584887
0,9,1,9, 0.041934038437
0,9,2,2,-0.138192288310
0,9,2,7,-0.015036431010
0,9,3,3,-0.138192288310
0,9,3,8,-0.015036431010
0,9,4,0,-0.038940866344
0,9,4,1,-0.028816028083
0,9,4,4,-0.157980944070
0,9,4,5,-0.044612250153
0,9,4,6,-0.042016302633
0,9,4,9, 0.072639303823
0,9,5,0,-0.031307345977
0,9,5,1,-0.050623975551
0,9,5,4,-0.044612250153
0,9,5,5,-0.134316391619
0,9,5,6,-0.084869785009
0,9,5,9, 0.039085400436
0,9,6,0,-0.054092386055
0,9,6,1,-0.074996584887
0,9,6,4,-0.042016302633
0,9,6,5,-0.084869785009
0,9,6,6,-0.098571477965
0,9,6,9, 0.030068908332
0,9,7,2,-0.015036431010
0,9,7,7,-0.123272436626
0,9,8,3,-0.015036431010
0,9,8,8,-0.123272436626
0,9,9,0, 0.045435295820
0,9,9,1, 0.041934038437
0,9,9,4, 0.072639303823
0,9,9,5, 0.039085400436
0,9,9,6, 0.030068908332
0,9,9,9,-0.145169898005
1,0,0,0, 0.504699283325
1,0,0,1, 0.300015949963
1,0,0,5, 0.066965182064
1,0,0,6, 0.150035600288
1,0,0,9,-0.093696007443
1,0,1,0, 0.300015949963
1,0,1,1, 0.324022459289
1,0,1,5, 0.104048130169
1,0,1,6, 0.194966583052
1,0,1,9,-0.081081446964
1,0,2,2, 0.462081934851
1,0,2,7, 0.032091584150
1,0,3,3, 0.462081934851
1,0,3,8, 0.032091584150
1,0,4,4, 0.462081934851
1,0,4,5, 0.084869785009
1,0,4,6, 0.072497263708
1,0,4,9,-0.137569453979
1,0,5,0, 0.066965182064
1,0,5,1, 0.104048130169
1,0,5,4, 0.084869785009
1,0,5,5, 0.257683458410
1,0,5,6, 0.172769075921
1,0,5,9,-0.054942631794
1,0,6,0, 0.150035600288
1,0,6,1, 0.194966583052
1,0,6,4, 0.072497263708
1,0,6,5, 0.172769075921
1,0,6,6, 0.230774469615
1,0,6,9,-0.048699570185
1,0,7,2, 0.032091584150
1,0,7,7, 0.247233854122
1,0,8,3, 0.032091584150
1,0,8,8, 0.247233854122
1,0,9,0,-0.093696007443
1,0,9,1,-0.081081446964
1,0,9,4,-0.137569453979
1,0,9,5,-0.054942631794
1,0,9,6,-0.048699570185
1,0,9,9, 0.274555383668
1,1,0,0, 0.507364877272
1,1,0,1, 0.324022459289
1,1,0,5, 0.076289164237
1,1,0,6, 0.164356236464
1,1,0,9,-0.103813468782
1,1,1,0, 0.324022459289
1,1,1,1, 0.394125899248
1,1,1,5, 0.132449931538
1,1,1,6, 0.244068239744
1,1,1,9,-0.092468903367
1,1,2,2, 0.491073083906
1,1,2,7, 0.037773410690
1,1,3,3, 0.491073083906
1,1,3,8, 0.037773410690
1,1,4,4, 0.491073083906
1,1,4,5, 0.098571477965
1,1,4,6, 0.083322896827
1,1,4,9,-0.155617969190
1,1,5,0, 0.076289164237
1,1,5,1, 0.132449931538
1,1,5,4, 0.098571477965
1,1,5,5, 0.346566236797
1,1,5,6, 0.230774469615
1,1,5,9,-0.053014979551
1,1,6,0, 0.164356236464
1,1,6,1, 0.244068239744
1,1,6,4, 0.083322896827
1,1,6,5, 0.230774469615
1,1,6,6, 0.308063397223
1,1,6,9,-0.046783312800
1,1,7,2, 0.037773410690
1,1,7,7, 0.337557734861
1,1,8,3, 0.037773410690
1,1,8,8, 0.337557734861
1,1,9,0,-0.103813468782
1,1,9,1,-0.092468903367
1,1,9,4,-0.155617969190
1,1,9,5,-0.053014979551
1,1,9,6,-0.046783312800
1,1,9,9, 0.353583500702
1,2,0,2, 0.101353944495
1,2,0,7, 0.006936543095
1,2,1,2, 0.072461555243
1,2,1,7, 0.011839531641
1,2,2,0, 0.101353944495
1,2,2,1, 0.072461555243
1,2,2,5, 0.010287590714
1,2,2,6, 0.034515705180
1,2,2,9,-0.013887125802
1,2,4,7, 0.009304633406
1,2,5,2, 0.010287590714
1,2,5,7, 0.019462805315
1,2,6,2, 0.034515705180
1,2,6,7, 0.017338465246
1,2,7,0, 0.006936543095
1,2,7,1, 0.011839531641
1,2,7,4, 0.009304633406
1,2,7,5, 0.019462805315
1,2,7,6, 0.017338465246
1,2,7,9,-0.010619468904
1,2,9,2,-0.013887125802
1,2,9,7,-0.010619468904
1,3,0,3, 0.101353944495
1,3,0,8, 0.006936543095
1,3,1,3, 0.072461555243
1,3,1,8, 0.011839531641
1,3,3,0, 0.101353944495
1,3,3,1, 0.072461555243
1,3,3,5, 0.010287590714
1,3,3,6, 0.034515705180
1,3,3,9,-0.013887125802
1,3,4,8, 0.009304633406
1,3,5,3, 0.010287590714
1,3,5,8, 0.019462805315
1,3,6,3, 0.034515705180
1,3,6,8, 0.017338465246
1,3,8,0, 0.006936543095
1,3,8,1, 0.011839531641
1,3,8,4, 0.009304633406
1,3,8,5, 0.019462805315
1,3,8,6, 0.017338465246
1,3,8,9,-0.010619468904
1,3,9,3,-0.013887125802
1,3,9,8,-0.010619468904
1,4,0,4, 0.101353944495
1,4,0,5, 0.018398946550
1,4,0,6, 0.015771215960
1,4,0,9,-0.028816028083
1,4,1,4, 0.072461555243
1,4,1,5, 0.029476851403
1,4,1,6, 0.026108286143
1,4,1,9,-0.027318558278
1,4,2,7, 0.009304633406
1,4,3,8, 0.009304633406
1,4,4,0, 0.101353944495
1,4,4,1, 0.072461555243
1,4,4,5, 0.030068908332
1,4,4,6, 0.040259056025
1,4,4,9,-0.049483126234
1,4,5,0, 0.018398946550
1,4,5,1, 0.029476851403
1,4,5,4, 0.030068908332
1,4,5,5, 0.079496848805
1,4,5,6, 0.048699570185
1,4,5,9,-0.029031484170
1,4,6,0, 0.015771215960
1,4,6,1, 0.026108286143
1,4,6,4, 0.040259056025
1,4,6,5, 0.048699570185
1,4,6,6, 0.046783312800
1,4,6,9,-0.022346768718
1,4,7,2, 0.009304633406
1,4,7,7, 0.071056321364
1,4,8,3, 0.009304633406
1,4,8,8, 0.071056321364
1,4,9,0,-0.028816028083
1,4,9,1,-0.027318558278
1,4,9,4,-0.049483126234
1,4,9,5,-0.029031484170
1,4,9,6,-0.022346768718
1,4,9,9, 0.089544175622
1,5,0,0, 0.158485665733
1,5,0,1, 0.104048130169
1,5,0,4, 0.034598361945
1,5,0,5, 0.038457140356
1,5,0,6, 0.061805377133
1,5,0,9,-0.050623975551
1,5,1,0, 0.104048130169
1,5,1,1, 0.132449931538
1,5,1,4, 0.029476851403
1,5,1,5, 0.078923730976
1,5,1,6, 0.106465956340
1,5,1,9,-0.045944602153
1,5,2,2, 0.150735360038
1,5,2,7, 0.018619116421
1,5,3,3, 0.150735360038
1,5,3,8, 0.018619116421
1,5,4,0, 0.034598361945
1,5,4,1, 0.029476851403
1,5,4,4, 0.166995720636
1,5,4,5, 0.054092386055
1,5,4,6, 0.047867761990
1,5,4,9,-0.081607531409
1,5,5,0, 0.038457140356
1,5,5,1, 0.078923730976
1,5,5,4, 0.054092386055
1,5,5,5, 0.250083253363
1,5,5,6, 0.150035600288
1,5,5,9,-0.020897576792
1,5,6,0, 0.061805377133
1,5,6,1, 0.106465956340
1,5,6,4, 0.047867761990
1,5,6,5, 0.150035600288
1,5,6,6, 0.164356236464
1,5,6,9,-0.015771215960
1,5,7,2, 0.018619116421
1,5,7,7, 0.229714906924
1,5,8,3, 0.018619116421
1,5,8,8, 0.229714906924
1,5,9,0,-0.050623975551
1,5,9,1,-0.045944602153
1,5,9,4,-0.081607531409
1,5,9,5,-0.020897576792
1,5,9,6,-0.015771215960
1,5,9,9, 0.232876743474
1,6,0,0, 0.301163541643
1,6,0,1, 0.194966583052
1,6,0,4, 0.030674158098
1,6,0,5, 0.055944581208
1,6,0,6, 0.106465956340
1,6,0,9,-0.074996584887
1,6,1,0, 0.194966583052
1,6,1,1, 0.244068239744
1,6,1,4, 0.026108286143
1,6,1,5, 0.106465956340
1,6,1,6, 0.172768128791
1,6,1,9,-0.067055063872
1,6,2,2, 0.291927485531
1,6,2,7, 0.027853899201
1,6,3,3, 0.291927485531
1,6,3,8, 0.027853899201
1,6,4,0, 0.030674158098
1,6,4,1, 0.026108286143
1,6,4,4, 0.297328888812
1,6,4,5, 0.074996584887
1,6,4,6, 0.067055063872
1,6,4,9,-0.115921409397
1,6,5,0, 0.055944581208
1,6,5,1, 0.106465956340
1,6,5,4, 0.074996584887
1,6,5,5, 0.301163541643
1,6,5,6, 0.194966583052
1,6,5,9,-0.030674158098
1,6,6,0, 0.106465956340
1,6,6,1, 0.172768128791
1,6,6,4, 0.067055063872
1,6,6,5, 0.194966583052
1,6,6,6, 0.244068239744
1,6,6,9,-0.026108286143
1,6,7,2, 0.027853899201
1,6,7,7, 0.291927485531
1,6,8,3, 0.027853899201
1,6,8,8, 0.291927485531
1,6,9,0,-0.074996584887
1,6,9,1,-0.067055063872
1,6,9,4,-0.115921409397
1,6,9,5,-0.030674158098
1,6,9,6,-0.026108286143
1,6,9,9, 0.297328888812
1,7,0,2, 0.013747051859
1,7,0,7, 0.006032869940
1,7,1,2, 0.011839531641
1,7,1,7, 0.017648276874
1,7,2,0, 0.013747051859
1,7,2,1, 0.011839531641
1,7,2,4, 0.007596704418
1,7,2,5, 0.004489082220
1,7,2,6, 0.007935374184
1,7,2,9,-0.006227593066
1,7,4,2, 0.007596704418
1,7,4,7, 0.008411525526
1,7,5,2, 0.004489082220
1,7,5,7, 0.047918716766
1,7,6,2, 0.007935374184
1,7,6,7, 0.034515705180
1,7,7,0, 0.006032869940
1,7,7,1, 0.017648276874
1,7,7,4, 0.008411525526
1,7,7,5, 0.047918716766
1,7,7,6, 0.034515705180
1,7,7,9,-0.006736391355
1,7,9,2,-0.006227593066
1,7,9,7,-0.006736391355
1,8,0,3, 0.013747051859
1,8,0,8, 0.006032869940
1,8,1,3, 0.011839531641
1,8,1,8, 0.017648276874
1,8,3,0, 0.013747051859
1,8,3,1, 0.011839531641
1,8,3,4, 0.007596704418
1,8,3,5, 0.004489082220
1,8,3,6, 0.007935374184
1,8,3,9,-0.006227593066
1,8,4,3, 0.007596704418
1,8,4,8, 0.008411525526
1,8,5,3, 0.004489082220
1,8,5,8, 0.047918716766
1,8,6,3, 0.007935374184
1,8,6,8, 0.034515705180
1,8,8,0, 0.006032869940
1,8,8,1, 0.017648276874
1,8,8,4, 0.008411525526
1,8,8,5, 0.047918716766
1,8,8,6, 0.034515705180
1,8,8,9,-0.006736391355
1,8,9,3,-0.006227593066
1,8,9,8,-0.006736391355
1,9,0,0,-0.128523266786
1,9,0,1,-0.081081446964
1,9,0,4,-0.034836501004
1,9,0,5,-0.028863537060
1,9,0,6,-0.047867761990
1,9,0,9, 0.041934038437
1,9,1,0,-0.081081446964
1,9,1,1,-0.092468903367
1,9,1,4,-0.027318558278
1,9,1,5,-0.045944602153
1,9,1,6,-0.067055063872
1,9,1,9, 0.042746456410
1,9,2,2,-0.118675983086
1,9,2,7,-0.014216058850
1,9,3,3,-0.118675983086
1,9,3,8,-0.014216058850
1,9,4,0,-0.034836501004
1,9,4,1,-0.027318558278
1,9,4,4,-0.137341870837
1,9,4,5,-0.042016302633
1,9,4,6,-0.039003201734
1,9,4,9, 0.067898426763
1,9,5,0,-0.028863537060
1,9,5,1,-0.045944602153
1,9,5,4,-0.042016302633
1,9,5,5,-0.115543564850
1,9,5,6,-0.072497263708
1,9,5,9, 0.055182915266
1,9,6,0,-0.047867761990
1,9,6,1,-0.067055063872
1,9,6,4,-0.039003201734
1,9,6,5,-0.072497263708
1,9,6,6,-0.083322896827
1,9,6,9, 0.040259056025
1,9,7,2,-0.014216058850
1,9,7,7,-0.106997681317
1,9,8,3,-0.014216058850
1,9,8,8,-0.106997681317
1,9,9,0, 0.041934038437
1,9,9,1, 0.042746456410
1,9,9,4, 0.067898426763
1,9,9,5, 0.055182915266
1,9,9,6, 0.040259056025
1,9,9,9,-0.121350534584
2,0,0,2, 0.152608082603
2,0,0,7, 0.008808506600
2,0,1,2, 0.101353944495
2,0,1,7, 0.013747051859
2,0,2,0, 0.152608082603
2,0,2,1, 0.101353944495
2,0,2,5, 0.014121497926
2,0,2,6, 0.047918716766
2,0,2,9,-0.019195991785
2,0,4,7, 0.011663928513
2,0,5,2, 0.014121497926
2,0,5,7, 0.021602845557
2,0,6,2, 0.047918716766
2,0,6,7, 0.019462805315
2,0,7,0, 0.008808506600
2,0,7,1, 0.013747051859
2,0,7,4, 0.011663928513
2,0,7,5, 0.021602845557
2,0,7,6, 0.019462805315
2,0,7,9,-0.012651586661
2,0,9,2,-0.019195991785
2,0,9,7,-0.012651586661
2,1,0,2, 0.101353944495
2,1,0,7, 0.006936543095
2,1,1,2, 0.072461555243
2,1,1,7, 0.011839531641
2,1,2,0, 0.101353944495
2,1,2,1, 0.072461555243
2,1,2,5, 0.010287590714
2,1,2,6, 0.034515705180
2,1,2,9,-0.013887125802
2,1,4,7, 0.009304633406
2,1,5,2, 0.010287590714
2,1,5,7, 0.019462805315
2,1,6,2, 0.034515705180
2,1,6,7, 0.017338465246
2,1,7,0, 0.006936543095
2,1,7,1, 0.011839531641
2,1,7,4, 0.009304633406
2,1,7,5, 0.019462805315
2,1,7,6, 0.017338465246
2,1,7,9,-0.010619468904
2,1,9,2,-0.013887125802
2,1,9,7,-0.010619468904
2,2,0,0, 0.775037038942
2,2,0,1, 0.462081934851
2,2,0,5, 0.099074251419
2,2,0,6, 0.229714906924
2,2,0,9,-0.138192288310
2,2,1,0, 0.462081934851
2,2,1,1, 0.491073083906
2,2,1,5, 0.150735360038
2,2,1,6, 0.291927485531
2,2,1,9,-0.118675983086
2,2,2,2, 0.785718708997
2,2,2,7, 0.049657823280
2,2,3,3, 0.689508254834
2,2,3,8, 0.046103999766
2,2,4,4, 0.689508254834
2,2,4,5, 0.123272436626
2,2,4,6, 0.106997681317
2,2,4,9,-0.199928878264
2,2,5,0, 0.099074251419
2,2,5,1, 0.150735360038
2,2,5,4, 0.123272436626
2,2,5,5, 0.364188978899
2,2,5,6, 0.247233854122
2,2,5,9,-0.077645794654
2,2,6,0, 0.229714906924
2,2,6,1, 0.291927485531
2,2,6,4, 0.106997681317
2,2,6,5, 0.247233854122
2,2,6,6, 0.337557734861
2,2,6,9,-0.071056321364
2,2,7,2, 0.049657823280
2,2,7,7, 0.353848668394
2,2,8,3, 0.046103999766
2,2,8,8, 0.348356087605
2,2,9,0,-0.138192288310
2,2,9,1,-0.118675983086
2,2,9,4,-0.199928878264
2,2,9,5,-0.077645794654
2,2,9,6,-0.071056321364
2,2,9,9, 0.390376710921
2,3,2,3, 0.048105227081
2,3,2,8, 0.001776911757
2,3,3,2, 0.048105227081
2,3,3,7, 0.001776911757
2,3,7,3, 0.001776911757
2,3,7,8, 0.002746290395
2,3,8,2, 0.001776911757
2,3,8,7, 0.002746290395
2,4,0,7, 0.005016302282
2,4,1,7, 0.007596704418
2,4,2,4, 0.048105227081
2,4,2,5, 0.005960267569
2,4,2,6, 0.006736391355
2,4,2,9,-0.009809159072
2,4,4,2, 0.048105227081
2,4,4,7, 0.007656177668
2,4,5,2, 0.005960267569
2,4,5,7, 0.012651586661
2,4,6,2, 0.006736391355
2,4,6,7, 0.010619468904
2,4,7,0, 0.005016302282
2,4,7,1, 0.007596704418
2,4,7,4, 0.007656177668
2,4,7,5, 0.012651586661
2,4,7,6, 0.010619468904
2,4,7,9,-0.009219882574
2,4,9,2,-0.009809159072
2,4,9,7,-0.009219882574
2,5,0,2, 0.014121497926
2,5,0,7, 0.002427158266
2,5,1,2, 0.010287590714
2,5,1,7, 0.004489082220
2,5,2,0, 0.014121497926
2,5,2,1, 0.010287590714
2,5,2,4, 0.005960267569
2,5,2,5, 0.002711702284
2,5,2,6, 0.006032869940
2,5,2,9,-0.004023421856
2,5,4,2, 0.005960267569
2,5,4,7, 0.003587472271
2,5,5,2, 0.002711702284
2,5,5,7, 0.008808506600
2,5,6,2, 0.006032869940
2,5,6,7, 0.006936543095
2,5,7,0, 0.002427158266
2,5,7,1, 0.004489082220
2,5,7,4, 0.003587472271
2,5,7,5, 0.008808506600
2,5,7,6, 0.006936543095
2,5,7,9,-0.005016302282
2,5,9,2,-0.004023421856
2,5,9,7,-0.005016302282
2,6,0,2, 0.047918716766
2,6,0,7, 0.004489082220
2,6,1,2, 0.034515705180
2,6,1,7, 0.007935374184
2,6,2,0, 0.047918716766
2,6,2,1, 0.034515705180
2,6,2,4, 0.006736391355
2,6,2,5, 0.006032869940
2,6,2,6, 0.017648276874
2,6,2,9,-0.008411525526
2,6,4,2, 0.006736391355
2,6,4,7, 0.006227593066
2,6,5,2, 0.006032869940
2,6,5,7, 0.013747051859
2,6,6,2, 0.017648276874
2,6,6,7, 0.011839531641
2,6,7,0, 0.004489082220
2,6,7,1, 0.007935374184
2,6,7,4, 0.006227593066
2,6,7,5, 0.013747051859
2,6,7,6, 0.011839531641
2,6,7,9,-0.007596704418
2,6,9,2,-0.008411525526
2,6,9,7,-0.007596704418
2,7,0,0, 0.050308232621
2,7,0,1, 0.032091584150
2,7,0,4, 0.011663928513
2,7,0,5, 0.010698631635
2,7,0,6, 0.018619116421
2,7,0,9,-0.015036431010
2,7,1,0, 0.032091584150
2,7,1,1, 0.037773410690
2,7,1,4, 0.009304633406
2,7,1,5, 0.018619116421
2,7,1,6, 0.027853899201
2,7,1,9,-0.014216058850
2,7,2,2, 0.049657823280
2,7,2,7, 0.005766578085
2,7,3,3, 0.046103999766
2,7,3,8, 0.005060466483
2,7,4,0, 0.011663928513
2,7,4,1, 0.009304633406
2,7,4,4, 0.051983265676
2,7,4,5, 0.015036431010
2,7,4,6, 0.014216058850
2,7,4,9,-0.023857863447
2,7,5,0, 0.010698631635
2,7,5,1, 0.018619116421
2,7,5,4, 0.015036431010
2,7,5,5, 0.050308232621
2,7,5,6, 0.032091584150
2,7,5,9,-0.011663928513
2,7,6,0, 0.018619116421
2,7,6,1, 0.027853899201
2,7,6,4, 0.014216058850
2,7,6,5, 0.032091584150
2,7,6,6, 0.037773410690
2,7,6,9,-0.009304633406
2,7,7,2, 0.005766578085
2,7,7,7, 0.049657823280
2,7,8,3, 0.005060466483
2,7,8,8, 0.046103999766
2,7,9,0,-0.015036431010
2,7,9,1,-0.014216058850
2,7,9,4,-0.023857863447
2,7,9,5,-0.011663928513
2,7,9,6,-0.009304633406
2,7,9,9, 0.051983265676
2,8,2,3, 0.001776911757
2,8,2,8, 0.000353055801
2,8,3,2, 0.001776911757
2,8,3,7, 0.000353055801
2,8,7,3, 0.000353055801
2,8,7,8, 0.001776911757
2,8,8,2, 0.000353055801
2,8,8,7, 0.001776911757
2,9,0,2,-0.019195991785
2,9,0,7,-0.003587472271
2,9,1,2,-0.013887125802
2,9,1,7,-0.006227593066
2,9,2,0,-0.019195991785
2,9,2,1,-0.013887125802
2,9,2,4,-0.009809159072
2,9,2,5,-0.004023421856
2,9,2,6,-0.008411525526
2,9,2,9, 0.006136721787
2,9,4,2,-0.009809159072
2,9,4,7,-0.005430610185
2,9,5,2,-0.004023421856
2,9,5,7,-0.011663928513
2,9,6,2,-0.008411525526
2,9,6,7,-0.009304633406
2,9,7,0,-0.003587472271
2,9,7,1,-0.006227593066
2,9,7,4,-0.005430610185
2,9,7,5,-0.011663928513
2,9,7,6,-0.009304633406
2,9,7,9, 0.007656177668
2,9,9,2, 0.006136721787
2,9,9,7, 0.007656177668
3,0,0,3, 0.152608082603
3,0,0,8, 0.008808506600
3,0,1,3, 0.101353944495
3,0,1,8, 0.013747051859
3,0,3,0, 0.152608082603
3,0,3,1, 0.101353944495
3,0,3,5, 0.014121497926
3,0,3,6, 0.047918716766
3,0,3,9,-0.019195991785
3,0,4,8, 0.011663928513
3,0,5,3, 0.014121497926
3,0,5,8, 0.021602845557
3,0,6,3, 0.047918716766
3,0,6,8, 0.019462805315
3,0,8,0, 0.008808506600
3,0,8,1, 0.013747051859
3,0,8,4, 0.011663928513
3,0,8,5, 0.021602845557
3,0,8,6, 0.019462805315
3,0,8,9,-0.012651586661
3,0,9,3,-0.019195991785
3,0,9,8,-0.012651586661
3,1,0,3, 0.101353944495
3,1,0,8, 0.006936543095
3,1,1,3, 0.072461555243
3,1,1,8, 0.011839531641
3,1,3,0, 0.101353944495
3,1,3,1, 0.072461555243
3,1,3,5, 0.010287590714
3,1,3,6, 0.034515705180
3,1,3,9,-0.013887125802
3,1,4,8, 0.009304633406
3,1,5,3, 0.010287590714
3,1,5,8, 0.019462805315
3,1,6,3, 0.034515705180
3,1,6,8, 0.017338465246
3,1,8,0, 0.006936543095
3,1,8,1, 0.011839531641
3,1,8,4, 0.009304633406
3,1,8,5, 0.019462805315
3,1,8,6, 0.017338465246
3,1,8,9,-0.010619468904
3,1,9,3,-0.013887125802
3,1,9,8,-0.010619468904
3,2,2,3, 0.048105227081
3,2,2,8, 0.001776911757
3,2,3,2, 0.048105227081
3,2,3,7, 0.001776911757
3,2,7,3, 0.001776911757
3,2,7,8, 0.002746290395
3,2,8,2, 0.001776911757
3,2,8,7, 0.002746290395
3,3,0,0, 0.775037038942
3,3,0,1, 0.462081934851
3,3,0,5, 0.099074251419
3,3,0,6, 0.229714906924
3,3,0,9,-0.138192288310
3,3,1,0, 0.462081934851
3,3,1,1, 0.491073083906
3,3,1,5, 0.150735360038
3,3,1,6, 0.291927485531
3,3,1,9,-0.118675983086
3,3,2,2, 0.689508254834
3,3,2,7, 0.046103999766
3,3,3,3, 0.785718708997
3,3,3,8, 0.049657823280
3,3,4,4, 0.689508254834
3,3,4,5, 0.123272436626
3,3,4,6, 0.106997681317
3,3,4,9,-0.199928878264
3,3,5,0, 0.099074251419
3,3,5,1, 0.150735360038
3,3,5,4, 0.123272436626
3,3,5,5, 0.364188978899
3,3,5,6, 0.247233854122
3,3,5,9,-0.077645794654
3,3,6,0, 0.229714906924
3,3,6,1, 0.291927485531
3,3,6,4, 0.106997681317
3,3,6,5, 0.247233854122
3,3,6,6, 0.337557734861
3,3,6,9,-0.071056321364
3,3,7,2, 0.046103999766
3,3,7,7, 0.348356087605
3,3,8,3, 0.049657823280
3,3,8,8, 0.353848668394
3,3,9,0,-0.138192288310
3,3,9,1,-0.118675983086
3,3,9,4,-0.199928878264
3,3,9,5,-0.077645794654
3,3,9,6,-0.071056321364
3,3,9,9, 0.390376710921
3,4,0,8, 0.005016302282
3,4,1,8, 0.007596704418
3,4,3,4, 0.048105227081
3,4,3,5, 0.005960267569
3,4,3,6, 0.006736391355
3,4,3,9,-0.009809159072
3,4,4,3, 0.048105227081
3,4,4,8, 0.007656177668
3,4,5,3, 0.005960267569
3,4,5,8, 0.012651586661
3,4,6,3, 0.006736391355
3,4,6,8, 0.010619468904
3,4,8,0, 0.005016302282
3,4,8,1, 0.007596704418
3,4,8,4, 0.007656177668
3,4,8,5, 0.012651586661
3,4,8,6, 0.010619468904
3,4,8,9,-0.009219882574
3,4,9,3,-0.009809159072
3,4,9,8,-0.009219882574
3,5,0,3, 0.014121497926
3,5,0,8, 0.002427158266
3,5,1,3, 0.010287590714
3,5,1,8, 0.004489082220
3,5,3,0, 0.014121497926
3,5,3,1, 0.010287590714
3,5,3,4, 0.005960267569
3,5,3,5, 0.002711702284
3,5,3,6, 0.006032869940
3,5,3,9,-0.004023421856
3,5,4,3, 0.005960267569
3,5,4,8, 0.003587472271
3,5,5,3, 0.002711702284
3,5,5,8, 0.008808506600
3,5,6,3, 0.006032869940
3,5,6,8, 0.006936543095
3,5,8,0, 0.002427158266
3,5,8,1, 0.004489082220
3,5,8,4, 0.003587472271
3,5,8,5, 0.008808506600
3,5,8,6, 0.006936543095
3,5,8,9,-0.005016302282
3,5,9,3,-0.004023421856
3,5,9,8,-0.005016302282
3,6,0,3, 0.047918716766
3,6,0,8, 0.004489082220
3,6,1,3, 0.034515705180
3,6,1,8, 0.007935374184
3,6,3,0, 0.047918716766
3,6,3,1, 0.034515705180
3,6,3,4, 0.006736391355
3,6,3,5, 0.006032869940
3,6,3,6, 0.017648276874
3,6,3,9,-0.008411525526
3,6,4,3, 0.006736391355
3,6,4,8, 0.006227593066
3,6,5,3, 0.006032869940
3,6,5,8, 0.013747051859
3,6,6,3, 0.017648276874
3,6,6,8, 0.011839531641
3,6,8,0, 0.004489082220
3,6,8,1, 0.007935374184
3,6,8,4, 0.006227593066
3,6,8,5, 0.013747051859
3,6,8,6, 0.011839531641
3,6,8,9,-0.007596704418
3,6,9,3,-0.008411525526
3,6,9,8,-0.007596704418
3,7,2,3, 0.001776911757
3,7,2,8, 0.000353055801
3,7,3,2, 0.001776911757
3,7,3,7, 0.000353055801
3,7,7,3, 0.000353055801
3,7,7,8, 0.001776911757
3,7,8,2, 0.000353055801
3,7,8,7, 0.001776911757
3,8,0,0, 0.050308232621
3,8,0,1, 0.032091584150
3,8,0,4, 0.011663928513
3,8,0,5, 0.010698631635
3,8,0,6, 0.018619116421
3,8,0,9,-0.015036431010
3,8,1,0, 0.032091584150
3,8,1,1, 0.037773410690
3,8,1,4, 0.009304633406
3,8,1,5, 0.018619116421
3,8,1,6, 0.027853899201
3,8,1,9,-0.014216058850
3,8,2,2, 0.046103999766
3,8,2,7, 0.005060466483
3,8,3,3, 0.049657823280
3,8,3,8, 0.005766578085
3,8,4,0, 0.011663928513
3,8,4,1, 0.009304633406
3,8,4,4, 0.051983265676
3,8,4,5, 0.015036431010
3,8,4,6, 0.014216058850
3,8,4,9,-0.023857863447
3,8,5,0, 0.010698631635
3,8,5,1, 0.018619116421
3,8,5,4, 0.015036431010
3,8,5,5, 0.050308232621
3,8,5,6, 0.032091584150
3,8,5,9,-0.011663928513
3,8,6,0, 0.018619116421
3,8,6,1, 0.027853899201
3,8,6,4, 0.014216058850
3,8,6,5, 0.032091584150
3,8,6,6, 0.037773410690
3,8,6,9,-0.009304633406
3,8,7,2, 0.005060466483
3,8,7,7, 0.046103999766
3,8,8,3, 0.005766578085
3,8,8,8, 0.049657823280
3,8,9,0,-0.015036431010
3,8,9,1,-0.014216058850
3,8,9,4,-0.023857863447
3,8,9,5,-0.011663928513
3,8,9,6,-0.009304633406
3,8,9,9, 0.051983265676
3,9,0,3,-0.019195991785
3,9,0,8,-0.003587472271
3,9,1,3,-0.013887125802
3,9,1,8,-0.006227593066
3,9,3,0,-0.019195991785
3,9,3,1,-0.013887125802
3,9,3,4,-0.009809159072
3,9,3,5,-0.004023421856
3,9,3,6,-0.008411525526
3,9,3,9, 0.006136721787
3,9,4,3,-0.009809159072
3,9,4,8,-0.005430610185
3,9,5,3,-0.004023421856
3,9,5,8,-0.011663928513
3,9,6,3,-0.008411525526
3,9,6,8,-0.009304633406
3,9,8,0,-0.003587472271
3,9,8,1,-0.006227593066
3,9,8,4,-0.005430610185
3,9,8,5,-0.011663928513
3,9,8,6,-0.009304633406
3,9,8,9, 0.007656177668
3,9,9,3, 0.006136721787
3,9,9,8, 0.007656177668
4,0,0,4, 0.152608082603
4,0,0,5, 0.023955112350
4,0,0,6, 0.020897576792
4,0,0,9,-0.038940866344
4,0,1,4, 0.101353944495
4,0,1,5, 0.034598361945
4,0,1,6, 0.030674158098
4,0,1,9,-0.034836501004
4,0,2,7, 0.011663928513
4,0,3,8, 0.011663928513
4,0,4,0, 0.152608082603
4,0,4,1, 0.101353944495
4,0,4,5, 0.039085400436
4,0,4,6, 0.055182915266
4,0,4,9,-0.065868471372
4,0,5,0, 0.023955112350
4,0,5,1, 0.034598361945
4,0,5,4, 0.039085400436
4,0,5,5, 0.088262025095
4,0,5,6, 0.054942631794
4,0,5,9,-0.036547994587
4,0,6,0, 0.020897576792
4,0,6,1, 0.030674158098
4,0,6,4, 0.055182915266
4,0,6,5, 0.054942631794
4,0,6,6, 0.053014979551
4,0,6,9,-0.029031484170
4,0,7,2, 0.011663928513
4,0,7,7, 0.077645794654
4,0,8,3, 0.011663928513
4,0,8,8, 0.077645794654
4,0,9,0,-0.038940866344
4,0,9,1,-0.034836501004
4,0,9,4,-0.065868471372
4,0,9,5,-0.036547994587
4,0,9,6,-0.029031484170
4,0,9,9, 0.105584885146
4,1,0,4, 0.101353944495
4,1,0,5, 0.018398946550
4,1,0,6, 0.015771215960
4,1,0,9,-0.028816028083
4,1,1,4, 0.072461555243
4,1,1,5, 0.029476851403
4,1,1,6, 0.026108286143
4,1,1,9,-0.027318558278
4,1,2,7, 0.009304633406
4,1,3,8, 0.009304633406
4,1,4,0, 0.101353944495
4,1,4,1, 0.072461555243
4,1,4,5, 0.030068908332
4,1,4,6, 0.040259056025
4,1,4,9,-0.049483126234
4,1,5,0, 0.018398946550
4,1,5,1, 0.029476851403
4,1,5,4, 0.030068908332
4,1,5,5, 0.079496848805
4,1,5,6, 0.048699570185
4,1,5,9,-0.029031484170
4,1,6,0, 0.015771215960
4,1,6,1, 0.026108286143
4,1,6,4, 0.040259056025
4,1,6,5, 0.048699570185
4,1,6,6, 0.046783312800
4,1,6,9,-0.022346768718
4,1,7,2, 0.009304633406
4,1,7,7, 0.071056321364
4,1,8,3, 0.009304633406
4,1,8,8, 0.071056321364
4,1,9,0,-0.028816028083
4,1,9,1,-0.027318558278
4,1,9,4,-0.049483126234
4,1,9,5,-0.029031484170
4,1,9,6,-0.022346768718
4,1,9,9, 0.089544175622
4,2,0,7, 0.005016302282
4,2,1,7, 0.007596704418
4,2,2,4, 0.048105227081
4,2,2,5, 0.005960267569
4,2,2,6, 0.006736391355
4,2,2,9,-0.009809159072
4,2,4,2, 0.048105227081
4,2,4,7, 0.007656177668
4,2,5,2, 0.005960267569
4,2,5,7, 0.012651586661
4,2,6,2, 0.006736391355
4,2,6,7, 0.010619468904
4,2,7,0, 0.005016302282
4,2,7,1, 0.007596704418
4,2,7,4, 0.007656177668
4,2,7,5, 0.012651586661
4,2,7,6, 0.010619468904
4,2,7,9,-0.009219882574
4,2,9,2,-0.009809159072
4,2,9,7,-0.009219882574
4,3,0,8, 0.005016302282
4,3,1,8, 0.007596704418
4,3,3,4, 0.048105227081
4,3,3,5, 0.005960267569
4,3,3,6, 0.006736391355
4,3,3,9,-0.009809159072
4,3,4,3, 0.048105227081
4,3,4,8, 0.007656177668
4,3,5,3, 0.005960267569
4,3,5,8, 0.012651586661
4,3,6,3, 0.006736391355
4,3,6,8, 0.010619468904
4,3,8,0, 0.005016302282
4,3,8,1, 0.007596704418
4,3,8,4, 0.007656177668
4,3,8,5, 0.012651586661
4,3,8,6, 0.010619468904
4,3,8,9,-0.009219882574
4,3,9,3,-0.009809159072
4,3,9,8,-0.009219882574
4,4,0,0, 0.775037038942
4,4,0,1, 0.462081934851
4,4,0,5, 0.109859987114
4,4,0,6, 0.232876743474
4,4,0,9,-0.157980944070
4,4,1,0, 0.462081934851
4,4,1,1, 0.491073083906
4,4,1,5, 0.166995720636
4,4,1,6, 0.297328888812
4,4,1,9,-0.137341870837
4,4,2,2, 0.689508254834
4,4,2,7, 0.051983265676
4,4,3,3, 0.689508254834
4,4,3,8, 0.051983265676
4,4,4,4, 0.785718708997
4,4,4,5, 0.145169898005
4,4,4,6, 0.121350534584
4,4,4,9,-0.239672574015
4,4,5,0, 0.109859987114
4,4,5,1, 0.166995720636
4,4,5,4, 0.145169898005
4,4,5,5, 0.415024179602
4,4,5,6, 0.274555383668
4,4,5,9,-0.105584885146
4,4,6,0, 0.232876743474
4,4,6,1, 0.297328888812
4,4,6,4, 0.121350534584
4,4,6,5, 0.274555383668
4,4,6,6, 0.353583500702
4,4,6,9,-0.089544175622
4,4,7,2, 0.051983265676
4,4,7,7, 0.390376710921
4,4,8,3, 0.051983265676
4,4,8,8, 0.390376710921
4,4,9,0,-0.157980944070
4,4,9,1,-0.137341870837
4,4,9,4,-0.239672574015
4,4,9,5,-0.105584885146
4,4,9,6,-0.089544175622
4,4,9,9, 0.456437435976
4,5,0,0, 0.134316391619
4,5,0,1, 0.084869785009
4,5,0,4, 0.039085400436
4,5,0,5, 0.031307345977
4,5,0,6, 0.050623975551
4,5,0,9,-0.044612250153
4,5,1,0, 0.084869785009
4,5,1,1, 0.098571477965
4,5,1,4, 0.030068908332
4,5,1,5, 0.054092386055
4,5,1,6, 0.074996584887
4,5,1,9,-0.042016302633
4,5,2,2, 0.123272436626
4,5,2,7, 0.015036431010
4,5,3,3, 0.123272436626
4,5,3,8, 0.015036431010
4,5,4,0, 0.039085400436
4,5,4,1, 0.030068908332
4,5,4,4, 0.145169898005
4,5,4,5, 0.045435295820
4,5,4,6, 0.041934038437
4,5,4,9,-0.072639303823
4,5,5,0, 0.031307345977
4,5,5,1, 0.054092386055
4,5,5,4, 0.045435295820
4,5,5,5, 0.153437797625
4,5,5,6, 0.093696007443
4,5,5,9,-0.038940866344
4,5,6,0, 0.050623975551
4,5,6,1, 0.074996584887
4,5,6,4, 0.041934038437
4,5,6,5, 0.093696007443
4,5,6,6, 0.103813468782
4,5,6,9,-0.028816028083
4,5,7,2, 0.015036431010
4,5,7,7, 0.138192288310
4,5,8,3, 0.015036431010
4,5,8,8, 0.138192288310
4,5,9,0,-0.044612250153
4,5,9,1,-0.042016302633
4,5,9,4,-0.072639303823
4,5,9,5,-0.038940866344
4,5,9,6,-0.028816028083
4,5,9,9, 0.157980944070
4,6,0,0, 0.115543564850
4,6,0,1, 0.072497263708
4,6,0,4, 0.055182915266
4,6,0,5, 0.028863537060
4,6,0,6, 0.045944602153
4,6,0,9,-0.042016302633
4,6,1,0, 0.072497263708
4,6,1,1, 0.083322896827
4,6,1,4, 0.040259056025
4,6,1,5, 0.047867761990
4,6,1,6, 0.067055063872
4,6,1,9,-0.039003201734
4,6,2,2, 0.106997681317
4,6,2,7, 0.014216058850
4,6,3,3, 0.106997681317
4,6,3,8, 0.014216058850
4,6,4,0, 0.055182915266
4,6,4,1, 0.040259056025
4,6,4,4, 0.121350534584
4,6,4,5, 0.041934038437
4,6,4,6, 0.042746456410
4,6,4,9,-0.067898426763
4,6,5,0, 0.028863537060
4,6,5,1, 0.047867761990
4,6,5,4, 0.041934038437
4,6,5,5, 0.128523266786
4,6,5,6, 0.081081446964
4,6,5,9,-0.034836501004
4,6,6,0, 0.045944602153
4,6,6,1, 0.067055063872
4,6,6,4, 0.042746456410
4,6,6,5, 0.081081446964
4,6,6,6, 0.092468903367
4,6,6,9,-0.027318558278
4,6,7,2, 0.014216058850
4,6,7,7, 0.118675983086
4,6,8,3, 0.014216058850
4,6,8,8, 0.118675983086
4,6,9,0,-0.042016302633
4,6,9,1,-0.039003201734
4,6,9,4,-0.067898426763
4,6,9,5,-0.034836501004
4,6,9,6,-0.027318558278
4,6,9,9, 0.137341870837
4,7,0,2, 0.011663928513
4,7,0,7, 0.004023421856
4,7,1,2, 0.009304633406
4,7,1,7, 0.008411525526
4,7,2,0, 0.011663928513
4,7,2,1, 0.009304633406
4,7,2,4, 0.007656177668
4,7,2,5, 0.003587472271
4,7,2,6, 0.006227593066
4,7,2,9,-0.005430610185
4,7,4,2, 0.007656177668
4,7,4,7, 0.006136721787
4,7,5,2, 0.003587472271
4,7,5,7, 0.019195991785
4,7,6,2, 0.006227593066
4,7,6,7, 0.013887125802
4,7,7,0, 0.004023421856
4,7,7,1, 0.008411525526
4,7,7,4, 0.006136721787
4,7,7,5, 0.019195991785
4,7,7,6, 0.013887125802
4,7,7,9,-0.009809159072
4,7,9,2,-0.005430610185
4,7,9,7,-0.009809159072
4,8,0,3, 0.011663928513
4,8,0,8, 0.004023421856
4,8,1,3, 0.009304633406
4,8,1,8, 0.008411525526
4,8,3,0, 0.011663928513
4,8,3,1, 0.009304633406
4,8,3,4, 0.007656177668
4,8,3,5, 0.003587472271
4,8,3,6, 0.006227593066
4,8,3,9,-0.005430610185
4,8,4,3, 0.007656177668
4,8,4,8, 0.006136721787
4,8,5,3, 0.003587472271
4,8,5,8, 0.019195991785
4,8,6,3, 0.006227593066
4,8,6,8, 0.013887125802
4,8,8,0, 0.004023421856
4,8,8,1, 0.008411525526
4,8,8,4, 0.006136721787
4,8,8,5, 0.019195991785
4,8,8,6, 0.013887125802
4,8,8,9,-0.009809159072
4,8,9,3,-0.005430610185
4,8,9,8,-0.009809159072
4,9,0,0,-0.220511951712
4,9,0,1,-0.137569453979
4,9,0,4,-0.065868471372
4,9,0,5,-0.049772296644
4,9,0,6,-0.081607531409
4,9,0,9, 0.072639303823
4,9,1,0,-0.137569453979
4,9,1,1,-0.155617969190
4,9,1,4,-0.049483126234
4,9,1,5,-0.081607531409
4,9,1,6,-0.115921409397
4,9,1,9, 0.067898426763
4,9,2,2,-0.199928878264
4,9,2,7,-0.023857863447
4,9,3,3,-0.199928878264
4,9,3,8,-0.023857863447
4,9,4,0,-0.065868471372
4,9,4,1,-0.049483126234
4,9,4,4,-0.239672574015
4,9,4,5,-0.072639303823
4,9,4,6,-0.067898426763
4,9,4,9, 0.118473571195
4,9,5,0,-0.049772296644
4,9,5,1,-0.081607531409
4,9,5,4,-0.072639303823
4,9,5,5,-0.220511951712
4,9,5,6,-0.137569453979
4,9,5,9, 0.065868471372
4,9,6,0,-0.081607531409
4,9,6,1,-0.115921409397
4,9,6,4,-0.067898426763
4,9,6,5,-0.137569453979
4,9,6,6,-0.155617969190
4,9,6,9, 0.049483126234
4,9,7,2,-0.023857863447
4,9,7,7,-0.199928878264
4,9,8,3,-0.023857863447
4,9,8,8,-0.199928878264
4,9,9,0, 0.072639303823
4,9,9,1, 0.067898426763
4,9,9,4, 0.118473571195
4,9,9,5, 0.065868471372
4,9,9,6, 0.049483126234
4,9,9,9,-0.239672574015
5,0,0,0, 0.108484900365
5,0,0,1, 0.066965182064
5,0,0,4, 0.023955112350
5,0,0,5, 0.022252121272
5,0,0,6, 0.038457140356
5,0,0,9,-0.031307345977
5,0,1,0, 0.066965182064
5,0,1,1, 0.076289164237
5,0,1,4, 0.018398946550
5,0,1,5, 0.038457140356
5,0,1,6, 0.055944581208
5,0,1,9,-0.028863537060
5,0,2,2, 0.099074251419
5,0,2,7, 0.010698631635
5,0,3,3, 0.099074251419
5,0,3,8, 0.010698631635
5,0,4,0, 0.023955112350
5,0,4,1, 0.018398946550
5,0,4,4, 0.109859987114
5,0,4,5, 0.031307345977
5,0,4,6, 0.028863537060
5,0,4,9,-0.049772296644
5,0,5,0, 0.022252121272
5,0,5,1, 0.038457140356
5,0,5,4, 0.031307345977
5,0,5,5, 0.108484900365
5,0,5,6, 0.066965182064
5,0,5,9,-0.023955112350
5,0,6,0, 0.038457140356
5,0,6,1, 0.055944581208
5,0,6,4, 0.028863537060
5,0,6,5, 0.066965182064
5,0,6,6, 0.076289164237
5,0,6,9,-0.018398946550
5,0,7,2, 0.010698631635
5,0,7,7, 0.099074251419
5,0,8,3, 0.010698631635
5,0,8,8, 0.099074251419
5,0,9,0,-0.031307345977
5,0,9,1,-0.028863537060
5,0,9,4,-0.049772296644
5,0,9,5,-0.023955112350
5,0,9,6,-0.018398946550
5,0,9,9, 0.109859987114
5,1,0,0, 0.158485665733
5,1,0,1, 0.104048130169
5,1,0,4, 0.034598361945
5,1,0,5, 0.038457140356
5,1,0,6, 0.061805377133
5,1,0,9,-0.050623975551
5,1,1,0, 0.104048130169
5,1,1,1, 0.132449931538
5,1,1,4, 0.029476851403
5,1,1,5, 0.078923730976
5,1,1,6, 0.106465956340
5,1,1,9,-0.045944602153
5,1,2,2, 0.150735360038
5,1,2,7, 0.018619116421
5,1,3,3, 0.150735360038
5,1,3,8, 0.018619116421
5,1,4,0, 0.034598361945
5,1,4,1, 0.029476851403
5,1,4,4, 0.166995720636
5,1,4,5, 0.054092386055
5,1,4,6, 0.047867761990
5,1,4,9,-0.081607531409
5,1,5,0, 0.038457140356
5,1,5,1, 0.078923730976
5,1,5,4, 0.054092386055
5,1,5,5, 0.250083253363
5,1,5,6, 0.150035600288
5,1,5,9,-0.020897576792
5,1,6,0, 0.061805377133
5,1,6,1, 0.106465956340
5,1,6,4, 0.047867761990
5,1,6,5, 0.150035600288
5,1,6,6, 0.164356236464
5,1,6,9,-0.015771215960
5,1,7,2, 0.018619116421
5,1,7,7, 0.229714906924
5,1,8,3, 0.018619116421
5,1,8,8, 0.229714906924
5,1,9,0,-0.050623975551
5,1,9,1,-0.045944602153
5,1,9,4,-0.081607531409
5,1,9,5,-0.020897576792
5,1,9,6,-0.015771215960
5,1,9,9, 0.232876743474
5,2,0,2, 0.014121497926
5,2,0,7, 0.002427158266
5,2,1,2, 0.010287590714
5,2,1,7, 0.004489082220
5,2,2,0, 0.014121497926
5,2,2,1, 0.010287590714
5,2,2,4, 0.005960267569
5,2,2,5, 0.002711702284
5,2,2,6, 0.006032869940
5,2,2,9,-0.004023421856
5,2,4,2, 0.005960267569
5,2,4,7, 0.003587472271
5,2,5,2, 0.002711702284
5,2,5,7, 0.008808506600
5,2,6,2, 0.006032869940
5,2,6,7, 0.006936543095
5,2,7,0, 0.002427158266
5,2,7,1, 0.004489082220
5,2,7,4, 0.003587472271
5,2,7,5, 0.008808506600
5,2,7,6, 0.006936543095
5,2,7,9,-0.005016302282
5,2,9,2,-0.004023421856
5,2,9,7,-0.005016302282
5,3,0,3, 0.014121497926
5,3,0,8, 0.002427158266
5,3,1,3, 0.010287590714
5,3,1,8, 0.004489082220
5,3,3,0, 0.014121497926
5,3,3,1, 0.010287590714
5,3,3,4, 0.005960267569
5,3,3,5, 0.002711702284
5,3,3,6, 0.006032869940
5,3,3,9,-0.004023421856
5,3,4,3, 0.005960267569
5,3,4,8, 0.003587472271
5,3,5,3, 0.002711702284
5,3,5,8, 0.008808506600
5,3,6,3, 0.006032869940
5,3,6,8, 0.006936543095
5,3,8,0, 0.002427158266
5,3,8,1, 0.004489082220
5,3,8,4, 0.003587472271
5,3,8,5, 0.008808506600
5,3,8,6, 0.006936543095
5,3,8,9,-0.005016302282
5,3,9,3,-0.004023421856
5,3,9,8,-0.005016302282
5,4,0,0, 0.134316391619
5,4,0,1, 0.084869785009
5,4,0,4, 0.039085400436
5,4,0,5, 0.031307345977
5,4,0,6, 0.050623975551
5,4,0,9,-0.044612250153
5,4,1,0, 0.084869785009
5,4,1,1, 0.098571477965
5,4,1,4, 0.030068908332
5,4,1,5, 0.054092386055
5,4,1,6, 0.074996584887
5,4,1,9,-0.042016302633
5,4,2,2, 0.123272436626
5,4,2,7, 0.015036431010
5,4,3,3, 0.123272436626
5,4,3,8, 0.015036431010
5,4,4,0, 0.039085400436
5,4,4,1, 0.030068908332
5,4,4,4, 0.145169898005
5,4,4,5, 0.045435295820
5,4,4,6, 0.041934038437
5,4,4,9,-0.072639303823
5,4,5,0, 0.031307345977
5,4,5,1, 0.054092386055
5,4,5,4, 0.045435295820
5,4,5,5, 0.153437797625
5,4,5,6, 0.093696007443
5,4,5,9,-0.038940866344
5,4,6,0, 0.050623975551
5,4,6,1, 0.074996584887
5,4,6,4, 0.041934038437
5,4,6,5, 0.093696007443
5,4,6,6, 0.103813468782
5,4,6,9,-0.028816028083
5,4,7,2, 0.015036431010
5,4,7,7, 0.138192288310
5,4,8,3, 0.015036431010
5,4,8,8, 0.138192288310
5,4,9,0,-0.044612250153
5,4,9,1,-0.042016302633
5,4,9,4,-0.072639303823
5,4,9,5,-0.038940866344
5,4,9,6,-0.028816028083
5,4,9,9, 0.157980944070
5,5,0,0, 0.381753952241
5,5,0,1, 0.257683458410
5,5,0,4, 0.088262025095
5,5,0,5, 0.108484900365
5,5,0,6, 0.158485665733
5,5,0,9,-0.134316391619
5,5,1,0, 0.257683458410
5,5,1,1, 0.346566236797
5,5,1,4, 0.079496848805
5,5,1,5, 0.250083253363
5,5,1,6, 0.301163541643
5,5,1,9,-0.115543564850
5,5,2,2, 0.364188978899
5,5,2,7, 0.050308232621
5,5,3,3, 0.364188978899
5,5,3,8, 0.050308232621
5,5,4,0, 0.088262025095
5,5,4,1, 0.079496848805
5,5,4,4, 0.415024179602
5,5,4,5, 0.153437797625
5,5,4,6, 0.128523266786
5,5,4,9,-0.220511951712
5,5,5,0, 0.108484900365
5,5,5,1, 0.250083253363
5,5,5,4, 0.153437797625
5,5,5,5, 0.897251802255
5,5,5,6, 0.504699283325
5,5,6,0, 0.158485665733
5,5,6,1, 0.301163541643
5,5,6,4, 0.128523266786
5,5,6,5, 0.504699283325
5,5,6,6, 0.507364877272
5,5,7,2, 0.050308232621
5,5,7,7, 0.775037038942
5,5,8,3, 0.050308232621
5,5,8,8, 0.775037038942
5,5,9,0,-0.134316391619
5,5,9,1,-0.115543564850
5,5,9,4,-0.220511951712
5,5,9,9, 0.775037038942
5,6,0,0, 0.257683458410
5,6,0,1, 0.172769075921
5,6,0,4, 0.054942631794
5,6,0,5, 0.066965182064
5,6,0,6, 0.104048130169
5,6,0,9,-0.084869785009
5,6,1,0, 0.172769075921
5,6,1,1, 0.230774469615
5,6,1,4, 0.048699570185
5,6,1,5, 0.150035600288
5,6,1,6, 0.194966583052
5,6,1,9,-0.072497263708
5,6,2,2, 0.247233854122
5,6,2,7, 0.032091584150
5,6,3,3, 0.247233854122
5,6,3,8, 0.032091584150
5,6,4,0, 0.054942631794
5,6,4,1, 0.048699570185
5,6,4,4, 0.274555383668
5,6,4,5, 0.093696007443
5,6,4,6, 0.081081446964
5,6,4,9,-0.137569453979
5,6,5,0, 0.066965182064
5,6,5,1, 0.150035600288
5,6,5,4, 0.093696007443
5,6,5,5, 0.504699283325
5,6,5,6, 0.300015949963
5,6,6,0, 0.104048130169
5,6,6,1, 0.194966583052
5,6,6,4, 0.081081446964
5,6,6,5, 0.300015949963
5,6,6,6, 0.324022459289
5,6,7,2, 0.032091584150
5,6,7,7, 0.462081934851
5,6,8,3, 0.032091584150
5,6,8,8, 0.462081934851
5,6,9,0,-0.084869785009
5,6,9,1,-0.072497263708
5,6,9,4,-0.137569453979
5,6,9,9, 0.462081934851
5,7,0,2, 0.021602845557
5,7,0,7, 0.014121497926
5,7,1,2, 0.019462805315
5,7,1,7, 0.047918716766
5,7,2,0, 0.021602845557
5,7,2,1, 0.019462805315
5,7,2,4, 0.012651586661
5,7,2,5, 0.008808506600
5,7,2,6, 0.013747051859
5,7,2,9,-0.011663928513
5,7,4,2, 0.012651586661
5,7,4,7, 0.019195991785
5,7,5,2, 0.008808506600
5,7,5,7, 0.152608082603
5,7,6,2, 0.013747051859
5,7,6,7, 0.101353944495
5,7,7,0, 0.014121497926
5,7,7,1, 0.047918716766
5,7,7,4, 0.019195991785
5,7,7,5, 0.152608082603
5,7,7,6, 0.101353944495
5,7,9,2,-0.011663928513
5,8,0,3, 0.021602845557
5,8,0,8, 0.014121497926
5,8,1,3, 0.019462805315
5,8,1,8, 0.047918716766
5,8,3,0, 0.021602845557
5,8,3,1, 0.019462805315
5,8,3,4, 0.012651586661
5,8,3,5, 0.008808506600
5,8,3,6, 0.013747051859
5,8,3,9,-0.011663928513
5,8,4,3, 0.012651586661
5,8,4,8, 0.019195991785
5,8,5,3, 0.008808506600
5,8,5,8, 0.152608082603
5,8,6,3, 0.013747051859
5,8,6,8, 0.101353944495
5,8,8,0, 0.014121497926
5,8,8,1, 0.047918716766
5,8,8,4, 0.019195991785
5,8,8,5, 0.152608082603
5,8,8,6, 0.101353944495
5,8,9,3,-0.011663928513
5,9,0,0,-0.088262025095
5,9,0,1,-0.054942631794
5,9,0,4,-0.036547994587
5,9,0,5,-0.023955112350
5,9,0,6,-0.034598361945
5,9,0,9, 0.039085400436
5,9,1,0,-0.054942631794
5,9,1,1,-0.053014979551
5,9,1,4,-0.029031484170
5,9,1,5,-0.020897576792
5,9,1,6,-0.030674158098
5,9,1,9, 0.055182915266
5,9,2,2,-0.077645794654
5,9,2,7,-0.011663928513
5,9,3,3,-0.077645794654
5,9,3,8,-0.011663928513
5,9,4,0,-0.036547994587
5,9,4,1,-0.029031484170
5,9,4,4,-0.105584885146
5,9,4,5,-0.038940866344
5,9,4,6,-0.034836501004
5,9,4,9, 0.065868471372
5,9,5,0,-0.023955112350
5,9,5,1,-0.020897576792
5,9,5,4,-0.038940866344
5,9,5,9, 0.152608082603
5,9,6,0,-0.034598361945
5,9,6,1,-0.030674158098
5,9,6,4,-0.034836501004
5,9,6,9, 0.101353944495
5,9,7,2,-0.011663928513
5,9,8,3,-0.011663928513
5,9,9,0, 0.039085400436
5,9,9,1, 0.055182915266
5,9,9,4, 0.065868471372
5,9,9,5, 0.152608082603
5,9,9,6, 0.101353944495
6,0,0,0, 0.250083253363
6,0,0,1, 0.150035600288
6,0,0,4, 0.020897576792
6,0,0,5, 0.038457140356
6,0,0,6, 0.078923730976
6,0,0,9,-0.054092386055
6,0,1,0, 0.150035600288
6,0,1,1, 0.164356236464
6,0,1,4, 0.015771215960
6,0,1,5, 0.061805377133
6,0,1,6, 0.106465956340
6,0,1,9,-0.047867761990
6,0,2,2, 0.229714906924
6,0,2,7, 0.018619116421
6,0,3,3, 0.229714906924
6,0,3,8, 0.018619116421
6,0,4,0, 0.020897576792
6,0,4,1, 0.015771215960
6,0,4,4, 0.232876743474
6,0,4,5, 0.050623975551
6,0,4,6, 0.045944602153
6,0,4,9,-0.081607531409
6,0,5,0, 0.038457140356
6,0,5,1, 0.061805377133
6,0,5,4, 0.050623975551
6,0,5,5, 0.158485665733
6,0,5,6, 0.104048130169
6,0,5,9,-0.034598361945
6,0,6,0, 0.078923730976
6,0,6,1, 0.106465956340
6,0,6,4, 0.045944602153
6,0,6,5, 0.104048130169
6,0,6,6, 0.132449931538
6,0,6,9,-0.029476851403
6,0,7,2, 0.018619116421
6,0,7,7, 0.150735360038
6,0,8,3, 0.018619116421
6,0,8,8, 0.150735360038
6,0,9,0,-0.054092386055
6,0,9,1,-0.047867761990
6,0,9,4,-0.081607531409
6,0,9,5,-0.034598361945
6,0,9,6,-0.029476851403
6,0,9,9, 0.166995720636
6,1,0,0, 0.301163541643
6,1,0,1, 0.194966583052
6,1,0,4, 0.030674158098
6,1,0,5, 0.055944581208
6,1,0,6, 0.106465956340
6,1,0,9,-0.074996584887
6,1,1,0, 0.194966583052
6,1,1,1, 0.244068239744
6,1,1,4, 0.026108286143
6,1,1,5, 0.106465956340
6,1,1,6, 0.172768128791
6,1,1,9,-0.067055063872
6,1,2,2, 0.291927485531
6,1,2,7, 0.027853899201
6,1,3,3, 0.291927485531
6,1,3,8, 0.027853899201
6,1,4,0, 0.030674158098
6,1,4,1, 0.026108286143
6,1,4,4, 0.297328888812
6,1,4,5, 0.074996584887
6,1,4,6, 0.067055063872
6,1,4,9,-0.115921409397
6,1,5,0, 0.055944581208
6,1,5,1, 0.106465956340
6,1,5,4, 0.074996584887
6,1,5,5, 0.301163541643
6,1,5,6, 0.194966583052
6,1,5,9,-0.030674158098
6,1,6,0, 0.106465956340
6,1,6,1, 0.172768128791
6,1,6,4, 0.067055063872
6,1,6,5, 0.194966583052
6,1,6,6, 0.244068239744
6,1,6,9,-0.026108286143
6,1,7,2, 0.027853899201
6,1,7,7, 0.291927485531
6,1,8,3, 0.027853899201
6,1,8,8, 0.291927485531
6,1,9,0,-0.074996584887
6,1,9,1,-0.067055063872
6,1,9,4,-0.115921409397
6,1,9,5,-0.030674158098
6,1,9,6,-0.026108286143
6,1,9,9, 0.297328888812
6,2,0,2, 0.047918716766
6,2,0,7, 0.004489082220
6,2,1,2, 0.034515705180
6,2,1,7, 0.007935374184
6,2,2,0, 0.047918716766
6,2,2,1, 0.034515705180
6,2,2,4, 0.006736391355
6,2,2,5, 0.006032869940
6,2,2,6, 0.017648276874
6,2,2,9,-0.008411525526
6,2,4,2, 0.006736391355
6,2,4,7, 0.006227593066
6,2,5,2, 0.006032869940
6,2,5,7, 0.013747051859
6,2,6,2, 0.017648276874
6,2,6,7, 0.011839531641
6,2,7,0, 0.004489082220
6,2,7,1, 0.007935374184
6,2,7,4, 0.006227593066
6,2,7,5, 0.013747051859
6,2,7,6, 0.011839531641
6,2,7,9,-0.007596704418
6,2,9,2,-0.008411525526
6,2,9,7,-0.007596704418
6,3,0,3, 0.047918716766
6,3,0,8, 0.004489082220
6,3,1,3, 0.034515705180
6,3,1,8, 0.007935374184
6,3,3,0, 0.047918716766
6,3,3,1, 0.034515705180
6,3,3,4, 0.006736391355
6,3,3,5, 0.006032869940
6,3,3,6, 0.017648276874
6,3,3,9,-0.008411525526
6,3,4,3, 0.006736391355
6,3,4,8, 0.006227593066
6,3,5,3, 0.006032869940
6,3,5,8, 0.013747051859
6,3,6,3, 0.017648276874
6,3,6,8, 0.011839531641
6,3,8,0, 0.004489082220
6,3,8,1, 0.007935374184
6,3,8,4, 0.006227593066
6,3,8,5, 0.013747051859
6,3,8,6, 0.011839531641
6,3,8,9,-0.007596704418
6,3,9,3,-0.008411525526
6,3,9,8,-0.007596704418
6,4,0,0, 0.115543564850
6,4,0,1, 0.072497263708
6,4,0,4, 0.055182915266
6,4,0,5, 0.028863537060
6,4,0,6, 0.045944602153
6,4,0,9,-0.042016302633
6,4,1,0, 0.072497263708
6,4,1,1, 0.083322896827
6,4,1,4, 0.040259056025
6,4,1,5, 0.047867761990
6,4,1,6, 0.067055063872
6,4,1,9,-0.039003201734
6,4,2,2, 0.106997681317
6,4,2,7, 0.014216058850
6,4,3,3, 0.106997681317
6,4,3,8, 0.014216058850
6,4,4,0, 0.055182915266
6,4,4,1, 0.040259056025
6,4,4,4, 0.121350534584
6,4,4,5, 0.041934038437
6,4,4,6, 0.042746456410
6,4,4,9,-0.067898426763
6,4,5,0, 0.028863537060
6,4,5,1, 0.047867761990
6,4,5,4, 0.041934038437
6,4,5,5, 0.128523266786
6,4,5,6, 0.081081446964
6,4,5,9,-0.034836501004
6,4,6,0, 0.045944602153
6,4,6,1, 0.067055063872
6,4,6,4, 0.042746456410
6,4,6,5, 0.081081446964
6,4,6,6, 0.092468903367
6,4,6,9,-0.027318558278
6,4,7,2, 0.014216058850
6,4,7,7, 0.118675983086
6,4,8,3, 0.014216058850
6,4,8,8, 0.118675983086
6,4,9,0,-0.042016302633
6,4,9,1,-0.039003201734
6,4,9,4,-0.067898426763
6,4,9,5,-0.034836501004
6,4,9,6,-0.027318558278
6,4,9,9, 0.137341870837
6,5,0,0, 0.257683458410
6,5,0,1, 0.172769075921
6,5,0,4, 0.054942631794
6,5,0,5, 0.066965182064
6,5,0,6, 0.104048130169
6,5,0,9,-0.084869785009
6,5,1,0, 0.172769075921
6,5,1,1, 0.230774469615
6,5,1,4, 0.048699570185
6,5,1,5, 0.150035600288
6,5,1,6, 0.194966583052
6,5,1,9,-0.072497263708
6,5,2,2, 0.247233854122
6,5,2,7, 0.032091584150
6,5,3,3, 0.247233854122
6,5,3,8, 0.032091584150
6,5,4,0, 0.054942631794
6,5,4,1, 0.048699570185
6,5,4,4, 0.274555383668
6,5,4,5, 0.093696007443
6,5,4,6, 0.081081446964
6,5,4,9,-0.137569453979
6,5,5,0, 0.066965182064
6,5,5,1, 0.150035600288
6,5,5,4, 0.093696007443
6,5,5,5, 0.504699283325
6,5,5,6, 0.300015949963
6,5,6,0, 0.104048130169
6,5,6,1, 0.194966583052
6,5,6,4, 0.081081446964
6,5,6,5, 0.300015949963
6,5,6,6, 0.324022459289
6,5,7,2, 0.032091584150
6,5,7,7, 0.462081934851
6,5,8,3, 0.032091584150
6,5,8,8, 0.462081934851
6,5,9,0,-0.084869785009
6,5,9,1,-0.072497263708
6,5,9,4,-0.137569453979
6,5,9,9, 0.462081934851
6,6,0,0, 0.346566236797
6,6,0,1, 0.230774469615
6,6,0,4, 0.053014979551
6,6,0,5, 0.076289164237
6,6,0,6, 0.132449931538
6,6,0,9,-0.098571477965
6,6,1,0, 0.230774469615
6,6,1,1, 0.308063397223
6,6,1,4, 0.046783312800
6,6,1,5, 0.164356236464
6,6,1,6, 0.244068239744
6,6,1,9,-0.083322896827
6,6,2,2, 0.337557734861
6,6,2,7, 0.037773410690
6,6,3,3, 0.337557734861
6,6,3,8, 0.037773410690
6,6,4,0, 0.053014979551
6,6,4,1, 0.046783312800
6,6,4,4, 0.353583500702
6,6,4,5, 0.103813468782
6,6,4,6, 0.092468903367
6,6,4,9,-0.155617969190
6,6,5,0, 0.076289164237
6,6,5,1, 0.164356236464
6,6,5,4, 0.103813468782
6,6,5,5, 0.507364877272
6,6,5,6, 0.324022459289
6,6,6,0, 0.132449931538
6,6,6,1, 0.244068239744
6,6,6,4, 0.092468903367
6,6,6,5, 0.324022459289
6,6,6,6, 0.394125899248
6,6,7,2, 0.037773410690
6,6,7,7, 0.491073083906
6,6,8,3, 0.037773410690
6,6,8,8, 0.491073083906
6,6,9,0,-0.098571477965
6,6,9,1,-0.083322896827
6,6,9,4,-0.155617969190
6,6,9,9, 0.491073083906
6,7,0,2, 0.019462805315
6,7,0,7, 0.010287590714
6,7,1,2, 0.017338465246
6,7,1,7, 0.034515705180
6,7,2,0, 0.019462805315
6,7,2,1, 0.017338465246
6,7,2,4, 0.010619468904
6,7,2,5, 0.006936543095
6,7,2,6, 0.011839531641
6,7,2,9,-0.009304633406
6,7,4,2, 0.010619468904
6,7,4,7, 0.013887125802
6,7,5,2, 0.006936543095
6,7,5,7, 0.101353944495
6,7,6,2, 0.011839531641
6,7,6,7, 0.072461555243
6,7,7,0, 0.010287590714
6,7,7,1, 0.034515705180
6,7,7,4, 0.013887125802
6,7,7,5, 0.101353944495
6,7,7,6, 0.072461555243
6,7,9,2,-0.009304633406
6,8,0,3, 0.019462805315
6,8,0,8, 0.010287590714
6,8,1,3, 0.017338465246
6,8,1,8, 0.034515705180
6,8,3,0, 0.019462805315
6,8,3,1, 0.017338465246
6,8,3,4, 0.010619468904
6,8,3,5, 0.006936543095
6,8,3,6, 0.011839531641
6,8,3,9,-0.009304633406
6,8,4,3, 0.010619468904
6,8,4,8, 0.013887125802
6,8,5,3, 0.006936543095
6,8,5,8, 0.101353944495
6,8,6,3, 0.011839531641
6,8,6,8, 0.072461555243
6,8,8,0, 0.010287590714
6,8,8,1, 0.034515705180
6,8,8,4, 0.013887125802
6,8,8,5, 0.101353944495
6,8,8,6, 0.072461555243
6,8,9,3,-0.009304633406
6,9,0,0,-0.079496848805
6,9,0,1,-0.048699570185
6,9,0,4,-0.029031484170
6,9,0,5,-0.018398946550
6,9,0,6,-0.029476851403
6,9,0,9, 0.030068908332
6,9,1,0,-0.048699570185
6,9,1,1,-0.046783312800
6,9,1,4,-0.022346768718
6,9,1,5,-0.015771215960
6,9,1,6,-0.026108286143
6,9,1,9, 0.040259056025
6,9,2,2,-0.071056321364
6,9,2,7,-0.009304633406
6,9,3,3,-0.071056321364
6,9,3,8,-0.009304633406
6,9,4,0,-0.029031484170
6,9,4,1,-0.022346768718
6,9,4,4,-0.089544175622
6,9,4,5,-0.028816028083
6,9,4,6,-0.027318558278
6,9,4,9, 0.049483126234
6,9,5,0,-0.018398946550
6,9,5,1,-0.015771215960
6,9,5,4,-0.028816028083
6,9,5,9, 0.101353944495
6,9,6,0,-0.029476851403
6,9,6,1,-0.026108286143
6,9,6,4,-0.027318558278
6,9,6,9, 0.072461555243
6,9,7,2,-0.009304633406
6,9,8,3,-0.009304633406
6,9,9,0, 0.030068908332
6,9,9,1, 0.040259056025
6,9,9,4, 0.049483126234
6,9,9,5, 0.101353944495
6,9,9,6, 0.072461555243
7,0,0,2, 0.008808506600
7,0,0,7, 0.002711702284
7,0,1,2, 0.006936543095
7,0,1,7, 0.006032869940
7,0,2,0, 0.008808506600
7,0,2,1, 0.006936543095
7,0,2,4, 0.005016302282
7,0,2,5, 0.002427158266
7,0,2,6, 0.004489082220
7,0,2,9,-0.003587472271
7,0,4,2, 0.005016302282
7,0,4,7, 0.004023421856
7,0,5,2, 0.002427158266
7,0,5,7, 0.014121497926
7,0,6,2, 0.004489082220
7,0,6,7, 0.010287590714
7,0,7,0, 0.002711702284
7,0,7,1, 0.006032869940
7,0,7,4, 0.004023421856
7,0,7,5, 0.014121497926
7,0,7,6, 0.010287590714
7,0,7,9,-0.005960267569
7,0,9,2,-0.003587472271
7,0,9,7,-0.005960267569
7,1,0,2, 0.013747051859
7,1,0,7, 0.006032869940
7,1,1,2, 0.011839531641
7,1,1,7, 0.017648276874
7,1,2,0, 0.013747051859
7,1,2,1, 0.011839531641
7,1,2,4, 0.007596704418
7,1,2,5, 0.004489082220
7,1,2,6, 0.007935374184
7,1,2,9,-0.006227593066
7,1,4,2, 0.007596704418
7,1,4,7, 0.008411525526
7,1,5,2, 0.004489082220
7,1,5,7, 0.047918716766
7,1,6,2, 0.007935374184
7,1,6,7, 0.034515705180
7,1,7,0, 0.006032869940
7,1,7,1, 0.017648276874
7,1,7,4, 0.008411525526
7,1,7,5, 0.047918716766
7,1,7,6, 0.034515705180
7,1,7,9,-0.006736391355
7,1,9,2,-0.006227593066
7,1,9,7,-0.006736391355
7,2,0,0, 0.050308232621
7,2,0,1, 0.032091584150
7,2,0,4, 0.011663928513
7,2,0,5, 0.010698631635
7,2,0,6, 0.018619116421
7,2,0,9,-0.015036431010
7,2,1,0, 0.032091584150
7,2,1,1, 0.037773410690
7,2,1,4, 0.009304633406
7,2,1,5, 0.018619116421
7,2,1,6, 0.027853899201
7,2,1,9,-0.014216058850
7,2,2,2, 0.049657823280
7,2,2,7, 0.005766578085
7,2,3,3, 0.046103999766
7,2,3,8, 0.005060466483
7,2,4,0, 0.011663928513
7,2,4,1, 0.009304633406
7,2,4,4, 0.051983265676
7,2,4,5, 0.015036431010
7,2,4,6, 0.014216058850
7,2,4,9,-0.023857863447
7,2,5,0, 0.010698631635
7,2,5,1, 0.018619116421
7,2,5,4, 0.015036431010
7,2,5,5, 0.050308232621
7,2,5,6, 0.032091584150
7,2,5,9,-0.011663928513
7,2,6,0, 0.018619116421
7,2,6,1, 0.027853899201
7,2,6,4, 0.014216058850
7,2,6,5, 0.032091584150
7,2,6,6, 0.037773410690
7,2,6,9,-0.009304633406
7,2,7,2, 0.005766578085
7,2,7,7, 0.049657823280
7,2,8,3, 0.005060466483
7,2,8,8, 0.046103999766
7,2,9,0,-0.015036431010
7,2,9,1,-0.014216058850
7,2,9,4,-0.023857863447
7,2,9,5,-0.011663928513
7,2,9,6,-0.009304633406
7,2,9,9, 0.051983265676
7,3,2,3, 0.001776911757
7,3,2,8, 0.000353055801
7,3,3,2, 0.001776911757
7,3,3,7, 0.000353055801
7,3,7,3, 0.000353055801
7,3,7,8, 0.001776911757
7,3,8,2, 0.000353055801
7,3,8,7, 0.001776911757
7,4,0,2, 0.011663928513
7,4,0,7, 0.004023421856
7,4,1,2, 0.009304633406
7,4,1,7, 0.008411525526
7,4,2,0, 0.011663928513
7,4,2,1, 0.009304633406
7,4,2,4, 0.007656177668
7,4,2,5, 0.003587472271
7,4,2,6, 0.006227593066
7,4,2,9,-0.005430610185
7,4,4,2, 0.007656177668
7,4,4,7, 0.006136721787
7,4,5,2, 0.003587472271
7,4,5,7, 0.019195991785
7,4,6,2, 0.006227593066
7,4,6,7, 0.013887125802
7,4,7,0, 0.004023421856
7,4,7,1, 0.008411525526
7,4,7,4, 0.006136721787
7,4,7,5, 0.019195991785
7,4,7,6, 0.013887125802
7,4,7,9,-0.009809159072
7,4,9,2,-0.005430610185
7,4,9,7,-0.009809159072
7,5,0,2, 0.021602845557
7,5,0,7, 0.014121497926
7,5,1,2, 0.019462805315
7,5,1,7, 0.047918716766
7,5,2,0, 0.021602845557
7,5,2,1, 0.019462805315
7,5,2,4, 0.012651586661
7,5,2,5, 0.008808506600
7,5,2,6, 0.013747051859
7,5,2,9,-0.011663928513
7,5,4,2, 0.012651586661
7,5,4,7, 0.019195991785
7,5,5,2, 0.008808506600
7,5,5,7, 0.152608082603
7,5,6,2, 0.013747051859
7,5,6,7, 0.101353944495
7,5,7,0, 0.014121497926
7,5,7,1, 0.047918716766
7,5,7,4, 0.019195991785
7,5,7,5, 0.152608082603
7,5,7,6, 0.101353944495
7,5,9,2,-0.011663928513
7,6,0,2, 0.019462805315
7,6,0,7, 0.010287590714
7,6,1,2, 0.017338465246
7,6,1,7, 0.034515705180
7,6,2,0, 0.019462805315
7,6,2,1, 0.017338465246
7,6,2,4, 0.010619468904
7,6,2,5, 0.006936543095
7,6,2,6, 0.011839531641
7,6,2,9,-0.009304633406
7,6,4,2, 0.010619468904
7,6,4,7, 0.013887125802
7,6,5,2, 0.006936543095
7,6,5,7, 0.101353944495
7,6,6,2, 0.011839531641
7,6,6,7, 0.072461555243
7,6,7,0, 0.010287590714
7,6,7,1, 0.034515705180
7,6,7,4, 0.013887125802
7,6,7,5, 0.101353944495
7,6,7,6, 0.072461555243
7,6,9,2,-0.009304633406
7,7,0,0, 0.364188978899
7,7,0,1, 0.247233854122
7,7,0,4, 0.077645794654
7,7,0,5, 0.099074251419
7,7,0,6, 0.150735360038
7,7,0,9,-0.123272436626
7,7,1,0, 0.247233854122
7,7,1,1, 0.337557734861
7,7,1,4, 0.071056321364
7,7,1,5, 0.229714906924
7,7,1,6, 0.291927485531
7,7,1,9,-0.106997681317
7,7,2,2, 0.353848668394
7,7,2,7, 0.049657823280
7,7,3,3, 0.348356087605
7,7,3,8, 0.046103999766
7,7,4,0, 0.077645794654
7,7,4,1, 0.071056321364
7,7,4,4, 0.390376710921
7,7,4,5, 0.138192288310
7,7,4,6, 0.118675983086
7,7,4,9,-0.199928878264
7,7,5,0, 0.099074251419
7,7,5,1, 0.229714906924
7,7,5,4, 0.138192288310
7,7,5,5, 0.775037038942
7,7,5,6, 0.462081934851
7,7,6,0, 0.150735360038
7,7,6,1, 0.291927485531
7,7,6,4, 0.118675983086
7,7,6,5, 0.462081934851
7,7,6,6, 0.491073083906
7,7,7,2, 0.049657823280
7,7,7,7, 0.785718708997
7,7,8,3, 0.046103999766
7,7,8,8, 0.689508254834
7,7,9,0,-0.123272436626
7,7,9,1,-0.106997681317
7,7,9,4,-0.199928878264
7,7,9,9, 0.689508254834
7,8,2,3, 0.002746290395
7,8,2,8, 0.001776911757
7,8,3,2, 0.002746290395
7,8,3,7, 0.001776911757
7,8,7,3, 0.001776911757
7,8,7,8, 0.048105227081
7,8,8,2, 0.001776911757
7,8,8,7, 0.048105227081
7,9,0,2,-0.012651586661
7,9,0,7,-0.005960267569
7,9,1,2,-0.010619468904
7,9,1,7,-0.006736391355
7,9,2,0,-0.012651586661
7,9,2,1,-0.010619468904
7,9,2,4,-0.009219882574
7,9,2,5,-0.005016302282
7,9,2,6,-0.007596704418
7,9,2,9, 0.007656177668
7,9,4,2,-0.009219882574
7,9,4,7,-0.009809159072
7,9,5,2,-0.005016302282
7,9,6,2,-0.007596704418
7,9,7,0,-0.005960267569
7,9,7,1,-0.006736391355
7,9,7,4,-0.009809159072
7,9,7,9, 0.048105227081
7,9,9,2, 0.007656177668
7,9,9,7, 0.048105227081
8,0,0,3, 0.008808506600
8,0,0,8, 0.002711702284
8,0,1,3, 0.006936543095
8,0,1,8, 0.006032869940
8,0,3,0, 0.008808506600
8,0,3,1, 0.006936543095
8,0,3,4, 0.005016302282
8,0,3,5, 0.002427158266
8,0,3,6, 0.004489082220
8,0,3,9,-0.003587472271
8,0,4,3, 0.005016302282
8,0,4,8, 0.004023421856
8,0,5,3, 0.002427158266
8,0,5,8, 0.014121497926
8,0,6,3, 0.004489082220
8,0,6,8, 0.010287590714
8,0,8,0, 0.002711702284
8,0,8,1, 0.006032869940
8,0,8,4, 0.004023421856
8,0,8,5, 0.014121497926
8,0,8,6, 0.010287590714
8,0,8,9,-0.005960267569
8,0,9,3,-0.003587472271
8,0,9,8,-0.005960267569
8,1,0,3, 0.013747051859
8,1,0,8, 0.006032869940
8,1,1,3, 0.011839531641
8,1,1,8, 0.017648276874
8,1,3,0, 0.013747051859
8,1,3,1, 0.011839531641
8,1,3,4, 0.007596704418
8,1,3,5, 0.004489082220
8,1,3,6, 0.007935374184
8,1,3,9,-0.006227593066
8,1,4,3, 0.007596704418
8,1,4,8, 0.008411525526
8,1,5,3, 0.004489082220
8,1,5,8, 0.047918716766
8,1,6,3, 0.007935374184
8,1,6,8, 0.034515705180
8,1,8,0, 0.006032869940
8,1,8,1, 0.017648276874
8,1,8,4, 0.008411525526
8,1,8,5, 0.047918716766
8,1,8,6, 0.034515705180
8,1,8,9,-0.006736391355
8,1,9,3,-0.006227593066
8,1,9,8,-0.006736391355
8,2,2,3, 0.001776911757
8,2,2,8, 0.000353055801
8,2,3,2, 0.001776911757
8,2,3,7, 0.000353055801
8,2,7,3, 0.000353055801
8,2,7,8, 0.001776911757
8,2,8,2, 0.000353055801
8,2,8,7, 0.001776911757
8,3,0,0, 0.050308232621
8,3,0,1, 0.032091584150
8,3,0,4, 0.011663928513
8,3,0,5, 0.010698631635
8,3,0,6, 0.018619116421
8,3,0,9,-0.015036431010
8,3,1,0, 0.032091584150
8,3,1,1, 0.037773410690
8,3,1,4, 0.009304633406
8,3,1,5, 0.018619116421
8,3,1,6, 0.027853899201
8,3,1,9,-0.014216058850
8,3,2,2, 0.046103999766
8,3,2,7, 0.005060466483
8,3,3,3, 0.049657823280
8,3,3,8, 0.005766578085
8,3,4,0, 0.011663928513
8,3,4,1, 0.009304633406
8,3,4,4, 0.051983265676
8,3,4,5, 0.015036431010
8,3,4,6, 0.014216058850
8,3,4,9,-0.023857863447
8,3,5,0, 0.010698631635
8,3,5,1, 0.018619116421
8,3,5,4, 0.015036431010
8,3,5,5, 0.050308232621
8,3,5,6, 0.032091584150
8,3,5,9,-0.011663928513
8,3,6,0, 0.018619116421
8,3,6,1, 0.027853899201
8,3,6,4, 0.014216058850
8,3,6,5, 0.032091584150
8,3,6,6, 0.037773410690
8,3,6,9,-0.009304633406
8,3,7,2, 0.005060466483
8,3,7,7, 0.046103999766
8,3,8,3, 0.005766578085
8,3,8,8, 0.049657823280
8,3,9,0,-0.015036431010
8,3,9,1,-0.014216058850
8,3,9,4,-0.023857863447
8,3,9,5,-0.011663928513
8,3,9,6,-0.009304633406
8,3,9,9, 0.051983265676
8,4,0,3, 0.011663928513
8,4,0,8, 0.004023421856
8,4,1,3, 0.009304633406
8,4,1,8, 0.008411525526
8,4,3,0, 0.011663928513
8,4,3,1, 0.009304633406
8,4,3,4, 0.007656177668
8,4,3,5, 0.003587472271
8,4,3,6, 0.006227593066
8,4,3,9,-0.005430610185
8,4,4,3, 0.007656177668
8,4,4,8, 0.006136721787
8,4,5,3, 0.003587472271
8,4,5,8, 0.019195991785
8,4,6,3, 0.006227593066
8,4,6,8, 0.013887125802
8,4,8,0, 0.004023421856
8,4,8,1, 0.008411525526
8,4,8,4, 0.006136721787
8,4,8,5, 0.019195991785
8,4,8,6, 0.013887125802
8,4,8,9,-0.009809159072
8,4,9,3,-0.005430610185
8,4,9,8,-0.009809159072
8,5,0,3, 0.021602845557
8,5,0,8, 0.014121497926
8,5,1,3, 0.019462805315
8,5,1,8, 0.047918716766
8,5,3,0, 0.021602845557
8,5,3,1, 0.019462805315
8,5,3,4, 0.012651586661
8,5,3,5, 0.008808506600
8,5,3,6, 0.013747051859
8,5,3,9,-0.011663928513
8,5,4,3, 0.012651586661
8,5,4,8, 0.019195991785
8,5,5,3, 0.008808506600
8,5,5,8, 0.152608082603
8,5,6,3, 0.013747051859
8,5,6,8, 0.101353944495
8,5,8,0, 0.014121497926
8,5,8,1, 0.047918716766
8,5,8,4, 0.019195991785
8,5,8,5, 0.152608082603
8,5,8,6, 0.101353944495
8,5,9,3,-0.011663928513
8,6,0,3, 0.019462805315
8,6,0,8, 0.010287590714
8,6,1,3, 0.017338465246
8,6,1,8, 0.034515705180
8,6,3,0, 0.019462805315
8,6,3,1, 0.017338465246
8,6,3,4, 0.010619468904
8,6,3,5, 0.006936543095
8,6,3,6, 0.011839531641
8,6,3,9,-0.009304633406
8,6,4,3, 0.010619468904
8,6,4,8, 0.013887125802
8,6,5,3, 0.006936543095
8,6,5,8, 0.101353944495
8,6,6,3, 0.011839531641
8,6,6,8, 0.072461555243
8,6,8,0, 0.010287590714
8,6,8,1, 0.034515705180
8,6,8,4, 0.013887125802
8,6,8,5, 0.101353944495
8,6,8,6, 0.072461555243
8,6,9,3,-0.009304633406
8,7,2,3, 0.002746290395
8,7,2,8, 0.001776911757
8,7,3,2, 0.002746290395
8,7,3,7, 0.001776911757
8,7,7,3, 0.001776911757
8,7,7,8, 0.048105227081
8,7,8,2, 0.001776911757
8,7,8,7, 0.048105227081
8,8,0,0, 0.364188978899
8,8,0,1, 0.247233854122
8,8,0,4, 0.077645794654
8,8,0,5, 0.099074251419
8,8,0,6, 0.150735360038
8,8,0,9,-0.123272436626
8,8,1,0, 0.247233854122
8,8,1,1, 0.337557734861
8,8,1,4, 0.071056321364
8,8,1,5, 0.229714906924
8,8,1,6, 0.291927485531
8,8,1,9,-0.106997681317
8,8,2,2, 0.348356087605
8,8,2,7, 0.046103999766
8,8,3,3, 0.353848668394
8,8,3,8, 0.049657823280
8,8,4,0, 0.077645794654
8,8,4,1, 0.071056321364
8,8,4,4, 0.390376710921
8,8,4,5, 0.138192288310
8,8,4,6, 0.118675983086
8,8,4,9,-0.199928878264
8,8,5,0, 0.099074251419
8,8,5,1, 0.229714906924
8,8,5,4, 0.138192288310
8,8,5,5, 0.775037038942
8,8,5,6, 0.462081934851
8,8,6,0, 0.150735360038
8,8,6,1, 0.291927485531
8,8,6,4, 0.118675983086
8,8,6,5, 0.462081934851
8,8,6,6, 0.491073083906
8,8,7,2, 0.046103999766
8,8,7,7, 0.689508254834
8,8,8,3, 0.049657823280
8,8,8,8, 0.785718708997
8,8,9,0,-0.123272436626
8,8,9,1,-0.106997681317
8,8,9,4,-0.199928878264
8,8,9,9, 0.689508254834
8,9,0,3,-0.012651586661
8,9,0,8,-0.005960267569
8,9,1,3,-0.010619468904
8,9,1,8,-0.006736391355
8,9,3,0,-0.012651586661
8,9,3,1,-0.010619468904
8,9,3,4,-0.009219882574
8,9,3,5,-0.005016302282
8,9,3,6,-0.007596704418
8,9,3,9, 0.007656177668
8,9,4,3,-0.009219882574
8,9,4,8,-0.009809159072
8,9,5,3,-0.005016302282
8,9,6,3,-0.007596704418
8,9,8,0,-0.005960267569
8,9,8,1,-0.006736391355
8,9,8,4,-0.009809159072
8,9,8,9, 0.048105227081
8,9,9,3, 0.007656177668
8,9,9,8, 0.048105227081
9,0,0,0,-0.153437797625
9,0,0,1,-0.093696007443
9,0,0,4,-0.038940866344
9,0,0,5,-0.031307345977
9,0,0,6,-0.054092386055
9,0,0,9, 0.045435295820
9,0,1,0,-0.093696007443
9,0,1,1,-0.103813468782
9,0,1,4,-0.028816028083
9,0,1,5,-0.050623975551
9,0,1,6,-0.074996584887
9,0,1,9, 0.041934038437
9,0,2,2,-0.138192288310
9,0,2,7,-0.015036431010
9,0,3,3,-0.138192288310
9,0,3,8,-0.015036431010
9,0,4,0,-0.038940866344
9,0,4,1,-0.028816028083
9,0,4,4,-0.157980944070
9,0,4,5,-0.044612250153
9,0,4,6,-0.042016302633
9,0,4,9, 0.072639303823
9,0,5,0,-0.031307345977
9,0,5,1,-0.050623975551
9,0,5,4,-0.044612250153
9,0,5,5,-0.134316391619
9,0,5,6,-0.084869785009
9,0,5,9, 0.039085400436
9,0,6,0,-0.054092386055
9,0,6,1,-0.074996584887
9,0,6,4,-0.042016302633
9,0,6,5,-0.084869785009
9,0,6,6,-0.098571477965
9,0,6,9, 0.030068908332
9,0,7,2,-0.015036431010
9,0,7,7,-0.123272436626
9,0,8,3,-0.015036431010
9,0,8,8,-0.123272436626
9,0,9,0, 0.045435295820
9,0,9,1, 0.041934038437
9,0,9,4, 0.072639303823
9,0,9,5, 0.039085400436
9,0,9,6, 0.030068908332
9,0,9,9,-0.145169898005
9,1,0,0,-0.128523266786
9,1,0,1,-0.081081446964
9,1,0,4,-0.034836501004
9,1,0,5,-0.028863537060
9,1,0,6,-0.047867761990
9,1,0,9, 0.041934038437
9,1,1,0,-0.081081446964
9,1,1,1,-0.092468903367
9,1,1,4,-0.027318558278
9,1,1,5,-0.045944602153
9,1,1,6,-0.067055063872
9,1,1,9, 0.042746456410
9,1,2,2,-0.118675983086
9,1,2,7,-0.014216058850
9,1,3,3,-0.118675983086
9,1,3,8,-0.014216058850
9,1,4,0,-0.034836501004
9,1,4,1,-0.027318558278
9,1,4,4,-0.137341870837
9,1,4,5,-0.042016302633
9,1,4,6,-0.039003201734
9,1,4,9, 0.067898426763
9,1,5,0,-0.028863537060
9,1,5,1,-0.045944602153
9,1,5,4,-0.042016302633
9,1,5,5,-0.115543564850
9,1,5,6,-0.072497263708
9,1,5,9, 0.055182915266
9,1,6,0,-0.047867761990
9,1,6,1,-0.067055063872
9,1,6,4,-0.039003201734
9,1,6,5,-0.072497263708
9,1,6,6,-0.083322896827
9,1,6,9, 0.040259056025
9,1,7,2,-0.014216058850
9,1,7,7,-0.106997681317
9,1,8,3,-0.014216058850
9,1,8,8,-0.106997681317
9,1,9,0, 0.041934038437
9,1,9,1, 0.042746456410
9,1,9,4, 0.067898426763
9,1,9,5, 0.055182915266
9,1,9,6, 0.040259056025
9,1,9,9,-0.121350534584
9,2,0,2,-0.019195991785
9,2,0,7,-0.003587472271
9,2,1,2,-0.013887125802
9,2,1,7,-0.006227593066
9,2,2,0,-0.019195991785
9,2,2,1,-0.013887125802
9,2,2,4,-0.009809159072
9,2,2,5,-0.004023421856
9,2,2,6,-0.008411525526
9,2,2,9, 0.006136721787
9,2,4,2,-0.009809159072
9,2,4,7,-0.005430610185
9,2,5,2,-0.004023421856
9,2,5,7,-0.011663928513
9,2,6,2,-0.008411525526
9,2,6,7,-0.009304633406
9,2,7,0,-0.003587472271
9,2,7,1,-0.006227593066
9,2,7,4,-0.005430610185
9,2,7,5,-0.011663928513
9,2,7,6,-0.009304633406
9,2,7,9, 0.007656177668
9,2,9,2, 0.006136721787
9,2,9,7, 0.007656177668
9,3,0,3,-0.019195991785
9,3,0,8,-0.003587472271
9,3,1,3,-0.013887125802
9,3,1,8,-0.006227593066
9,3,3,0,-0.019195991785
9,3,3,1,-0.013887125802
9,3,3,4,-0.009809159072
9,3,3,5,-0.004023421856
9,3,3,6,-0.008411525526
9,3,3,9, 0.006136721787
9,3,4,3,-0.009809159072
9,3,4,8,-0.005430610185
9,3,5,3,-0.004023421856
9,3,5,8,-0.011663928513
9,3,6,3,-0.008411525526
9,3,6,8,-0.009304633406
9,3,8,0,-0.003587472271
9,3,8,1,-0.006227593066
9,3,8,4,-0.005430610185
9,3,8,5,-0.011663928513
9,3,8,6,-0.009304633406
9,3,8,9, 0.007656177668
9,3,9,3, 0.006136721787
9,3,9,8, 0.007656177668
9,4,0,0,-0.220511951712
9,4,0,1,-0.137569453979
9,4,0,4,-0.065868471372
9,4,0,5,-0.049772296644
9,4,0,6,-0.081607531409
9,4,0,9, 0.072639303823
9,4,1,0,-0.137569453979
9,4,1,1,-0.155617969190
9,4,1,4,-0.049483126234
9,4,1,5,-0.081607531409
9,4,1,6,-0.115921409397
9,4,1,9, 0.067898426763
9,4,2,2,-0.199928878264
9,4,2,7,-0.023857863447
9,4,3,3,-0.199928878264
9,4,3,8,-0.023857863447
9,4,4,0,-0.065868471372
9,4,4,1,-0.049483126234
9,4,4,4,-0.239672574015
9,4,4,5,-0.072639303823
9,4,4,6,-0.067898426763
9,4,4,9, 0.118473571195
9,4,5,0,-0.049772296644
9,4,5,1,-0.081607531409
9,4,5,4,-0.072639303823
9,4,5,5,-0.220511951712
9,4,5,6,-0.137569453979
9,4,5,9, 0.065868471372
9,4,6,0,-0.081607531409
9,4,6,1,-0.115921409397
9,4,6,4,-0.067898426763
9,4,6,5,-0.137569453979
9,4,6,6,-0.155617969190
9,4,6,9, 0.049483126234
9,4,7,2,-0.023857863447
9,4,7,7,-0.199928878264
9,4,8,3,-0.023857863447
9,4,8,8,-0.199928878264
9,4,9,0, 0.072639303823
9,4,9,1, 0.067898426763
9,4,9,4, 0.118473571195
9,4,9,5, 0.065868471372
9,4,9,6, 0.049483126234
9,4,9,9,-0.239672574015
9,5,0,0,-0.088262025095
9,5,0,1,-0.054942631794
9,5,0,4,-0.036547994587
9,5,0,5,-0.023955112350
9,5,0,6,-0.034598361945
9,5,0,9, 0.039085400436
9,5,1,0,-0.054942631794
9,5,1,1,-0.053014979551
9,5,1,4,-0.029031484170
9,5,1,5,-0.020897576792
9,5,1,6,-0.030674158098
9,5,1,9, 0.055182915266
9,5,2,2,-0.077645794654
9,5,2,7,-0.011663928513
9,5,3,3,-0.077645794654
9,5,3,8,-0.011663928513
9,5,4,0,-0.036547994587
9,5,4,1,-0.029031484170
9,5,4,4,-0.105584885146
9,5,4,5,-0.038940866344
9,5,4,6,-0.034836501004
9,5,4,9, 0.065868471372
9,5,5,0,-0.023955112350
9,5,5,1,-0.020897576792
9,5,5,4,-0.038940866344
9,5,5,9, 0.152608082603
9,5,6,0,-0.034598361945
9,5,6,1,-0.030674158098
9,5,6,4,-0.034836501004
9,5,6,9, 0.101353944495
9,5,7,2,-0.011663928513
9,5,8,3,-0.011663928513
9,5,9,0, 0.039085400436
9,5,9,1, 0.055182915266
9,5,9,4, 0.065868471372
9,5,9,5, 0.152608082603
9,5,9,6, 0.101353944495
9,6,0,0,-0.079496848805
9,6,0,1,-0.048699570185
9,6,0,4,-0.029031484170
9,6,0,5,-0.018398946550
9,6,0,6,-0.029476851403
9,6,0,9, 0.030068908332
9,6,1,0,-0.048699570185
9,6,1,1,-0.046783312800
9,6,1,4,-0.022346768718
9,6,1,5,-0.015771215960
9,6,1,6,-0.026108286143
9,6,1,9, 0.040259056025
9,6,2,2,-0.071056321364
9,6,2,7,-0.009304633406
9,6,3,3,-0.071056321364
9,6,3,8,-0.009304633406
9,6,4,0,-0.029031484170
9,6,4,1,-0.022346768718
9,6,4,4,-0.089544175622
9,6,4,5,-0.028816028083
9,6,4,6,-0.027318558278
9,6,4,9, 0.049483126234
9,6,5,0,-0.018398946550
9,6,5,1,-0.015771215960
9,6,5,4,-0.028816028083
9,6,5,9, 0.101353944495
9,6,6,0,-0.029476851403
9,6,6,1,-0.026108286143
9,6,6,4,-0.027318558278
9,6,6,9, 0.072461555243
9,6,7,2,-0.009304633406
9,6,8,3,-0.009304633406
9,6,9,0, 0.030068908332
9,6,9,1, 0.040259056025
9,6,9,4, 0.049483126234
9,6,9,5, 0.101353944495
9,6,9,6, 0.072461555243
9,7,0,2,-0.012651586661
9,7,0,7,-0.005960267569
9,7,1,2,-0.010619468904
9,7,1,7,-0.006736391355
9,7,2,0,-0.012651586661
9,7,2,1,-0.010619468904
9,7,2,4,-0.009219882574
9,7,2,5,-0.005016302282
9,7,2,6,-0.007596704418
9,7,2,9, 0.007656177668
9,7,4,2,-0.009219882574
9,7,4,7,-0.009809159072
9,7,5,2,-0.005016302282
9,7,6,2,-0.007596704418
9,7,7,0,-0.005960267569
9,7,7,1,-0.006736391355
9,7,7,4,-0.009809159072
9,7,7,9, 0.048105227081
9,7,9,2, 0.007656177668
9,7,9,7, 0.048105227081
9,8,0,3,-0.012651586661
9,8,0,8,-0.005960267569
9,8,1,3,-0.010619468904
9,8,1,8,-0.006736391355
9,8,3,0,-0.012651586661
9,8,3,1,-0.010619468904
9,8,3,4,-0.009219882574
9,8,3,5,-0.005016302282
9,8,3,6,-0.007596704418
9,8,3,9, 0.007656177668
9,8,4,3,-0.009219882574
9,8,4,8,-0.009809159072
9,8,5,3,-0.005016302282
9,8,6,3,-0.007596704418
9,8,8,0,-0.005960267569
9,8,8,1,-0.006736391355
9,8,8,4,-0.009809159072
9,8,8,9, 0.048105227081
9,8,9,3, 0.007656177668
9,8,9,8, 0.048105227081
9,9,0,0, 0.415024179602
9,9,0,1, 0.274555383668
9,9,0,4, 0.105584885146
9,9,0,5, 0.109859987114
9,9,0,6, 0.166995720636
9,9,0,9,-0.145169898005
9,9,1,0, 0.274555383668
9,9,1,1, 0.353583500702
9,9,1,4, 0.089544175622
9,9,1,5, 0.232876743474
9,9,1,6, 0.297328888812
9,9,1,9,-0.121350534584
9,9,2,2, 0.390376710921
9,9,2,7, 0.051983265676
9,9,3,3, 0.390376710921
9,9,3,8, 0.051983265676
9,9,4,0, 0.105584885146
9,9,4,1, 0.089544175622
9,9,4,4, 0.456437435976
9,9,4,5, 0.157980944070
9,9,4,6, 0.137341870837
9,9,4,9,-0.239672574015
9,9,5,0, 0.109859987114
9,9,5,1, 0.232876743474
9,9,5,4, 0.157980944070
9,9,5,5, 0.775037038942
9,9,5,6, 0.462081934851
9,9,6,0, 0.166995720636
9,9,6,1, 0.297328888812
9,9,6,4, 0.137341870837
9,9,6,5, 0.462081934851
9,9,6,6, 0.491073083906
9,9,7,2, 0.051983265676
9,9,7,7, 0.689508254834
9,9,8,3, 0.051983265676
9,9,8,8, 0.689508254834
9,9,9,0,-0.145169898005
9,9,9,1,-0.121350534584
9,9,9,4,-0.239672574015
9,9,9,9, 0.785718708997
