0,0,0,0, 0.897251802255
0,0,0,1, 0.504699283325
0,0,0,5, 0.648488758529
0,0,0,6, 0.462161069812
0,0,0,9,-0.550329427672
0,0,1,0, 0.504699283325
0,0,1,1, 0.507364877272
0,0,1,5, 0.425929872306
0,0,1,6, 0.475021300024
0,0,1,9,-0.184062231204
0,0,2,2, 0.775037038942
0,0,2,7, 0.547366234077
0,0,3,3, 0.775037038942
0,0,3,8, 0.547366234077
0,0,4,4, 0.775037038942
0,0,4,5, 0.384799188538
0,0,4,6, 0.077068874633
0,0,4,9, 0.167583389515
0,0,5,0, 0.648488758529
0,0,5,1, 0.425929872306
0,0,5,4, 0.384799188538
0,0,5,5, 0.748034197774
0,0,5,6, 0.446167077780
0,0,5,9,-0.162721048914
0,0,6,0, 0.462161069812
0,0,6,1, 0.475021300024
0,0,6,4, 0.077068874633
0,0,6,5, 0.446167077780
0,0,6,6, 0.479743941137
0,0,6,9,-0.114916772558
0,0,7,2, 0.547366234077
0,0,7,7, 0.666696068207
0,0,8,3, 0.547366234077
0,0,8,8, 0.666696068207
0,0,9,0,-0.550329427672
0,0,9,1,-0.184062231204
0,0,9,4, 0.167583389515
0,0,9,5,-0.162721048914
0,0,9,6,-0.114916772558
0,0,9,9, 0.740759686933
0,1,0,0, 0.504699283325
0,1,0,1, 0.300015949963
0,1,0,5, 0.373545959026
0,1,0,6, 0.275051894307
0,1,0,9,-0.296843119722
0,1,1,0, 0.300015949963
0,1,1,1, 0.324022459289
0,1,1,5, 0.259222926888
0,1,1,6, 0.303923932292
0,1,1,9,-0.096125990372
0,1,2,2, 0.462081934851
0,1,2,7, 0.329941955495
0,1,3,3, 0.462081934851
0,1,3,8, 0.329941955495
0,1,4,4, 0.462081934851
0,1,4,5, 0.231843185112
0,1,4,6, 0.048197431959
0,1,4,9, 0.107977252317
0,1,5,0, 0.373545959026
0,1,5,1, 0.259222926888
0,1,5,4, 0.231843185112
0,1,5,5, 0.446167077780
0,1,5,6, 0.273657414978
0,1,5,9,-0.069690980046
0,1,6,0, 0.275051894307
0,1,6,1, 0.303923932292
0,1,6,4, 0.048197431959
0,1,6,5, 0.273657414978
0,1,6,6, 0.308568313416
0,1,6,9,-0.052703475825
0,1,7,2, 0.329941955495
0,1,7,7, 0.413368483818
0,1,8,3, 0.329941955495
0,1,8,8, 0.413368483818
0,1,9,0,-0.296843119722
0,1,9,1,-0.096125990372
0,1,9,4, 0.107977252317
0,1,9,5,-0.069690980046
0,1,9,6,-0.052703475825
0,1,9,9, 0.435428894354
0,2,0,2, 0.152608082603
0,2,0,7, 0.105032749828
0,2,1,2, 0.101353944495
0,2,1,7, 0.076888543715
0,2,2,0, 0.152608082603
0,2,2,1, 0.101353944495
0,2,2,5, 0.109118918631
0,2,2,6, 0.092277819986
0,2,2,9,-0.105776935338
0,2,4,7, 0.059182236441
0,2,5,2, 0.109118918631
0,2,5,7, 0.110112935442
0,2,6,2, 0.092277819986
0,2,6,7, 0.078595653814
0,2,7,0, 0.105032749828
0,2,7,1, 0.076888543715
0,2,7,4, 0.059182236441
0,2,7,5, 0.110112935442
0,2,7,6, 0.078595653814
0,2,7,9,-0.046298151803
0,2,9,2,-0.105776935338
0,2,9,7,-0.046298151803
0,3,0,3, 0.152608082603
0,3,0,8, 0.105032749828
0,3,1,3, 0.101353944495
0,3,1,8, 0.076888543715
0,3,3,0, 0.152608082603
0,3,3,1, 0.101353944495
0,3,3,5, 0.109118918631
0,3,3,6, 0.092277819986
0,3,3,9,-0.105776935338
0,3,4,8, 0.059182236441
0,3,5,3, 0.109118918631
0,3,5,8, 0.110112935442
0,3,6,3, 0.092277819986
0,3,6,8, 0.078595653814
0,3,8,0, 0.105032749828
0,3,8,1, 0.076888543715
0,3,8,4, 0.059182236441
0,3,8,5, 0.110112935442
0,3,8,6, 0.078595653814
0,3,8,9,-0.046298151803
0,3,9,3,-0.105776935338
0,3,9,8,-0.046298151803
0,4,0,4, 0.152608082603
0,4,0,5, 0.074236438289
0,4,0,6, 0.013960417973
0,4,0,9, 0.027071996679
0,4,1,4, 0.101353944495
0,4,1,5, 0.056200067530
0,4,1,6, 0.018588207526
0,4,1,9, 0.034985149355
0,4,2,7, 0.059182236441
0,4,3,8, 0.059182236441
0,4,4,0, 0.152608082603
0,4,4,1, 0.101353944495
0,4,4,5, 0.154321964921
0,4,4,6, 0.094021646944
0,4,4,9,-0.033186639082
0,4,5,0, 0.074236438289
0,4,5,1, 0.056200067530
0,4,5,4, 0.154321964921
0,4,5,5, 0.162721048914
0,4,5,6, 0.069690980046
0,4,5,9, 0.041360008861
0,4,6,0, 0.013960417973
0,4,6,1, 0.018588207526
0,4,6,4, 0.094021646944
0,4,6,5, 0.069690980046
0,4,6,6, 0.036248707712
0,4,6,9, 0.039724763560
0,4,7,2, 0.059182236441
0,4,7,7, 0.127936357439
0,4,8,3, 0.059182236441
0,4,8,8, 0.127936357439
0,4,9,0, 0.027071996679
0,4,9,1, 0.034985149355
0,4,9,4,-0.033186639082
0,4,9,5, 0.041360008861
0,4,9,6, 0.039724763560
0,4,9,9, 0.073318823274
0,5,0,0, 0.648488758529
0,5,0,1, 0.373545959026
0,5,0,4, 0.074236438289
0,5,0,5, 0.513671424847
0,5,0,6, 0.349413509138
0,5,0,9,-0.372081441504
0,5,1,0, 0.373545959026
0,5,1,1, 0.385413543171
0,5,1,4, 0.050537647726
0,5,1,5, 0.349413509138
0,5,1,6, 0.371175925779
0,5,1,9,-0.106602470518
0,5,2,2, 0.570036762131
0,5,2,7, 0.435140903802
0,5,3,3, 0.570036762131
0,5,3,8, 0.435140903802
0,5,4,0, 0.074236438289
0,5,4,1, 0.050537647726
0,5,4,4, 0.590135207593
0,5,4,5, 0.372081441504
0,5,4,6, 0.106602470518
0,5,4,9, 0.121281458846
0,5,5,0, 0.513671424847
0,5,5,1, 0.349413509138
0,5,5,4, 0.372081441504
0,5,5,5, 0.648488758529
0,5,5,6, 0.373545959026
0,5,5,9,-0.074236438289
0,5,6,0, 0.349413509138
0,5,6,1, 0.371175925779
0,5,6,4, 0.106602470518
0,5,6,5, 0.373545959026
0,5,6,6, 0.385413543171
0,5,6,9,-0.050537647726
0,5,7,2, 0.435140903802
0,5,7,7, 0.570036762131
0,5,8,3, 0.435140903802
0,5,8,8, 0.570036762131
0,5,9,0,-0.372081441504
0,5,9,1,-0.106602470518
0,5,9,4, 0.121281458846
0,5,9,5,-0.074236438289
0,5,9,6,-0.050537647726
0,5,9,9, 0.590135207593
0,6,0,0, 0.462161069812
0,6,0,1, 0.275051894307
0,6,0,4, 0.013960417973
0,6,0,5, 0.349413509138
0,6,0,6, 0.253746132181
0,6,0,9,-0.267969031556
0,6,1,0, 0.275051894307
0,6,1,1, 0.297595416447
0,6,1,4, 0.010439669501
0,6,1,5, 0.244177667436
0,6,1,6, 0.281787586641
0,6,1,9,-0.082837658626
0,6,2,2, 0.423311766749
0,6,2,7, 0.308623575325
0,6,3,3, 0.423311766749
0,6,3,8, 0.308623575325
0,6,4,0, 0.013960417973
0,6,4,1, 0.010439669501
0,6,4,4, 0.424068654025
0,6,4,5, 0.227715653312
0,6,4,6, 0.054029481809
0,6,4,9, 0.098422989624
0,6,5,0, 0.349413509138
0,6,5,1, 0.244177667436
0,6,5,4, 0.227715653312
0,6,5,5, 0.425929872306
0,6,5,6, 0.259222926888
0,6,5,9,-0.056200067530
0,6,6,0, 0.253746132181
0,6,6,1, 0.281787586641
0,6,6,4, 0.054029481809
0,6,6,5, 0.259222926888
0,6,6,6, 0.288694152411
0,6,6,9,-0.041941747938
0,6,7,2, 0.308623575325
0,6,7,7, 0.393923125795
0,6,8,3, 0.308623575325
0,6,8,8, 0.393923125795
0,6,9,0,-0.267969031556
0,6,9,1,-0.082837658626
0,6,9,4, 0.098422989624
0,6,9,5,-0.056200067530
0,6,9,6,-0.041941747938
0,6,9,9, 0.409705579316
0,7,0,2, 0.105032749828
0,7,0,7, 0.088723898741
0,7,1,2, 0.071530988189
0,7,1,7, 0.069626323361
0,7,2,0, 0.105032749828
0,7,2,1, 0.071530988189
0,7,2,4, 0.025742750960
0,7,2,5, 0.088198520286
0,7,2,6, 0.067896675453
0,7,2,9,-0.066317281412
0,7,4,2, 0.025742750960
0,7,4,7, 0.070634011094
0,7,5,2, 0.088198520286
0,7,5,7, 0.109118918631
0,7,6,2, 0.067896675453
0,7,6,7, 0.074101711219
0,7,7,0, 0.088723898741
0,7,7,1, 0.069626323361
0,7,7,4, 0.070634011094
0,7,7,5, 0.109118918631
0,7,7,6, 0.074101711219
0,7,7,9,-0.020979318467
0,7,9,2,-0.066317281412
0,7,9,7,-0.020979318467
0,8,0,3, 0.105032749828
0,8,0,8, 0.088723898741
0,8,1,3, 0.071530988189
0,8,1,8, 0.069626323361
0,8,3,0, 0.105032749828
0,8,3,1, 0.071530988189
0,8,3,4, 0.025742750960
0,8,3,5, 0.088198520286
0,8,3,6, 0.067896675453
0,8,3,9,-0.066317281412
0,8,4,3, 0.025742750960
0,8,4,8, 0.070634011094
0,8,5,3, 0.088198520286
0,8,5,8, 0.109118918631
0,8,6,3, 0.067896675453
0,8,6,8, 0.074101711219
0,8,8,0, 0.088723898741
0,8,8,1, 0.069626323361
0,8,8,4, 0.070634011094
0,8,8,5, 0.109118918631
0,8,8,6, 0.074101711219
0,8,8,9,-0.020979318467
0,8,9,3,-0.066317281412
0,8,9,8,-0.020979318467
0,9,0,0,-0.550329427672
0,9,0,1,-0.296843119722
0,9,0,4, 0.027071996679
0,9,0,5,-0.372081441504
0,9,0,6,-0.267969031556
0,9,0,9, 0.364802592280
0,9,1,0,-0.296843119722
0,9,1,1,-0.280427547581
0,9,1,4, 0.021962551852
0,9,1,5,-0.227715653312
0,9,1,6,-0.255884785791
0,9,1,9, 0.139940042858
0,9,2,2,-0.466168808676
0,9,2,7,-0.310984564369
0,9,3,3,-0.466168808676
0,9,3,8,-0.310984564369
0,9,4,0, 0.027071996679
0,9,4,1, 0.021962551852
0,9,4,4,-0.434930536338
0,9,4,5,-0.179964966737
0,9,4,6,-0.020475922251
0,9,4,9,-0.077397745684
0,9,5,0,-0.372081441504
0,9,5,1,-0.227715653312
0,9,5,4,-0.179964966737
0,9,5,5,-0.384799188538
0,9,5,6,-0.231843185112
0,9,5,9, 0.154321964921
0,9,6,0,-0.267969031556
0,9,6,1,-0.255884785791
0,9,6,4,-0.020475922251
0,9,6,5,-0.231843185112
0,9,6,6,-0.250370835732
0,9,6,9, 0.105955353701
0,9,7,2,-0.310984564369
0,9,7,7,-0.342517542143
0,9,8,3,-0.310984564369
0,9,8,8,-0.342517542143
0,9,9,0, 0.364802592280
0,9,9,1, 0.139940042858
0,9,9,4,-0.077397745684
0,9,9,5, 0.154321964921
0,9,9,6, 0.105955353701
0,9,9,9,-0.398743994491
1,0,0,0, 0.504699283325
1,0,0,1, 0.300015949963
1,0,0,5, 0.373545959026
1,0,0,6, 0.275051894307
1,0,0,9,-0.296843119722
1,0,1,0, 0.300015949963
1,0,1,1, 0.324022459289
1,0,1,5, 0.259222926888
1,0,1,6, 0.303923932292
1,0,1,9,-0.096125990372
1,0,2,2, 0.462081934851
1,0,2,7, 0.329941955495
1,0,3,3, 0.462081934851
1,0,3,8, 0.329941955495
1,0,4,4, 0.462081934851
1,0,4,5, 0.231843185112
1,0,4,6, 0.048197431959
1,0,4,9, 0.107977252317
1,0,5,0, 0.373545959026
1,0,5,1, 0.259222926888
1,0,5,4, 0.231843185112
1,0,5,5, 0.446167077780
1,0,5,6, 0.273657414978
1,0,5,9,-0.069690980046
1,0,6,0, 0.275051894307
1,0,6,1, 0.303923932292
1,0,6,4, 0.048197431959
1,0,6,5, 0.273657414978
1,0,6,6, 0.308568313416
1,0,6,9,-0.052703475825
1,0,7,2, 0.329941955495
1,0,7,7, 0.413368483818
1,0,8,3, 0.329941955495
1,0,8,8, 0.413368483818
1,0,9,0,-0.296843119722
1,0,9,1,-0.096125990372
1,0,9,4, 0.107977252317
1,0,9,5,-0.069690980046
1,0,9,6,-0.052703475825
1,0,9,9, 0.435428894354
1,1,0,0, 0.507364877272
1,1,0,1, 0.324022459289
1,1,0,5, 0.385413543171
1,1,0,6, 0.297595416447
1,1,0,9,-0.280427547581
1,1,1,0, 0.324022459289
1,1,1,1, 0.394125899248
1,1,1,5, 0.288694152411
1,1,1,6, 0.371097378172
1,1,1,9,-0.081942353236
1,1,2,2, 0.491073083906
1,1,2,7, 0.355977159568
1,1,3,3, 0.491073083906
1,1,3,8, 0.355977159568
1,1,4,4, 0.491073083906
1,1,4,5, 0.250370835732
1,1,4,6, 0.055081084064
1,1,4,9, 0.126982242223
1,1,5,0, 0.385413543171
1,1,5,1, 0.288694152411
1,1,5,4, 0.250370835732
1,1,5,5, 0.479743941137
1,1,5,6, 0.308568313416
1,1,5,9,-0.036248707712
1,1,6,0, 0.297595416447
1,1,6,1, 0.371097378172
1,1,6,4, 0.055081084064
1,1,6,5, 0.308568313416
1,1,6,6, 0.380970100791
1,1,6,9,-0.030634802077
1,1,7,2, 0.355977159568
1,1,7,7, 0.464679419838
1,1,8,3, 0.355977159568
1,1,8,8, 0.464679419838
1,1,9,0,-0.280427547581
1,1,9,1,-0.081942353236
1,1,9,4, 0.126982242223
1,1,9,5,-0.036248707712
1,1,9,6,-0.030634802077
1,1,9,9, 0.469303436569
1,2,0,2, 0.101353944495
1,2,0,7, 0.071530988189
1,2,1,2, 0.072461555243
1,2,1,7, 0.056767162046
1,2,2,0, 0.101353944495
1,2,2,1, 0.072461555243
1,2,2,5, 0.074101711219
1,2,2,6, 0.066034948827
1,2,2,9,-0.067085596674
1,2,4,7, 0.043043477831
1,2,5,2, 0.074101711219
1,2,5,7, 0.078595653814
1,2,6,2, 0.066034948827
1,2,6,7, 0.058671147065
1,2,7,0, 0.071530988189
1,2,7,1, 0.056767162046
1,2,7,4, 0.043043477831
1,2,7,5, 0.078595653814
1,2,7,6, 0.058671147065
1,2,7,9,-0.025762276988
1,2,9,2,-0.067085596674
1,2,9,7,-0.025762276988
1,3,0,3, 0.101353944495
1,3,0,8, 0.071530988189
1,3,1,3, 0.072461555243
1,3,1,8, 0.056767162046
1,3,3,0, 0.101353944495
1,3,3,1, 0.072461555243
1,3,3,5, 0.074101711219
1,3,3,6, 0.066034948827
1,3,3,9,-0.067085596674
1,3,4,8, 0.043043477831
1,3,5,3, 0.074101711219
1,3,5,8, 0.078595653814
1,3,6,3, 0.066034948827
1,3,6,8, 0.058671147065
1,3,8,0, 0.071530988189
1,3,8,1, 0.056767162046
1,3,8,4, 0.043043477831
1,3,8,5, 0.078595653814
1,3,8,6, 0.058671147065
1,3,8,9,-0.025762276988
1,3,9,3,-0.067085596674
1,3,9,8,-0.025762276988
1,4,0,4, 0.101353944495
1,4,0,5, 0.050537647726
1,4,0,6, 0.010439669501
1,4,0,9, 0.021962551852
1,4,1,4, 0.072461555243
1,4,1,5, 0.041941747938
1,4,1,6, 0.015622560021
1,4,1,9, 0.029327730240
1,4,2,7, 0.043043477831
1,4,3,8, 0.043043477831
1,4,4,0, 0.101353944495
1,4,4,1, 0.072461555243
1,4,4,5, 0.105955353701
1,4,4,6, 0.067407243408
1,4,4,9,-0.012948033265
1,4,5,0, 0.050537647726
1,4,5,1, 0.041941747938
1,4,5,4, 0.105955353701
1,4,5,5, 0.114916772558
1,4,5,6, 0.052703475825
1,4,5,9, 0.039724763560
1,4,6,0, 0.010439669501
1,4,6,1, 0.015622560021
1,4,6,4, 0.067407243408
1,4,6,5, 0.052703475825
1,4,6,6, 0.030634802077
1,4,6,9, 0.034428528526
1,4,7,2, 0.043043477831
1,4,7,7, 0.097198163123
1,4,8,3, 0.043043477831
1,4,8,8, 0.097198163123
1,4,9,0, 0.021962551852
1,4,9,1, 0.029327730240
1,4,9,4,-0.012948033265
1,4,9,5, 0.039724763560
1,4,9,6, 0.034428528526
1,4,9,9, 0.061872932106
1,5,0,0, 0.425929872306
1,5,0,1, 0.259222926888
1,5,0,4, 0.056200067530
1,5,0,5, 0.349413509138
1,5,0,6, 0.244177667436
1,5,0,9,-0.227715653312
1,5,1,0, 0.259222926888
1,5,1,1, 0.288694152411
1,5,1,4, 0.041941747938
1,5,1,5, 0.253746132181
1,5,1,6, 0.281787586641
1,5,1,9,-0.054029481809
1,5,2,2, 0.393923125795
1,5,2,7, 0.308623575325
1,5,3,3, 0.393923125795
1,5,3,8, 0.308623575325
1,5,4,0, 0.056200067530
1,5,4,1, 0.041941747938
1,5,4,4, 0.409705579316
1,5,4,5, 0.267969031556
1,5,4,6, 0.082837658626
1,5,4,9, 0.098422989624
1,5,5,0, 0.349413509138
1,5,5,1, 0.253746132181
1,5,5,4, 0.267969031556
1,5,5,5, 0.462161069812
1,5,5,6, 0.275051894307
1,5,5,9,-0.013960417973
1,5,6,0, 0.244177667436
1,5,6,1, 0.281787586641
1,5,6,4, 0.082837658626
1,5,6,5, 0.275051894307
1,5,6,6, 0.297595416447
1,5,6,9,-0.010439669501
1,5,7,2, 0.308623575325
1,5,7,7, 0.423311766749
1,5,8,3, 0.308623575325
1,5,8,8, 0.423311766749
1,5,9,0,-0.227715653312
1,5,9,1,-0.054029481809
1,5,9,4, 0.098422989624
1,5,9,5,-0.013960417973
1,5,9,6,-0.010439669501
1,5,9,9, 0.424068654025
1,6,0,0, 0.475021300024
1,6,0,1, 0.303923932292
1,6,0,4, 0.018588207526
1,6,0,5, 0.371175925779
1,6,0,6, 0.281787586641
1,6,0,9,-0.255884785791
1,6,1,0, 0.303923932292
1,6,1,1, 0.371097378172
1,6,1,4, 0.015622560021
1,6,1,5, 0.281787586641
1,6,1,6, 0.355458888891
1,6,1,9,-0.066503072330
1,6,2,2, 0.459851021295
1,6,2,7, 0.342851073138
1,6,3,3, 0.459851021295
1,6,3,8, 0.342851073138
1,6,4,0, 0.018588207526
1,6,4,1, 0.015622560021
1,6,4,4, 0.461057138192
1,6,4,5, 0.255884785791
1,6,4,6, 0.066503072330
1,6,4,9, 0.121269939096
1,6,5,0, 0.371175925779
1,6,5,1, 0.281787586641
1,6,5,4, 0.255884785791
1,6,5,5, 0.475021300024
1,6,5,6, 0.303923932292
1,6,5,9,-0.018588207526
1,6,6,0, 0.281787586641
1,6,6,1, 0.355458888891
1,6,6,4, 0.066503072330
1,6,6,5, 0.303923932292
1,6,6,6, 0.371097378172
1,6,6,9,-0.015622560021
1,6,7,2, 0.342851073138
1,6,7,7, 0.459851021295
1,6,8,3, 0.342851073138
1,6,8,8, 0.459851021295
1,6,9,0,-0.255884785791
1,6,9,1,-0.066503072330
1,6,9,4, 0.121269939096
1,6,9,5,-0.018588207526
1,6,9,6,-0.015622560021
1,6,9,9, 0.461057138192
1,7,0,2, 0.076888543715
1,7,0,7, 0.069626323361
1,7,1,2, 0.056767162046
1,7,1,7, 0.060716250856
1,7,2,0, 0.076888543715
1,7,2,1, 0.056767162046
1,7,2,4, 0.021967734567
1,7,2,5, 0.067896675453
1,7,2,6, 0.054482930600
1,7,2,9,-0.043945910986
1,7,4,2, 0.021967734567
1,7,4,7, 0.060262976414
1,7,5,2, 0.067896675453
1,7,5,7, 0.092277819986
1,7,6,2, 0.054482930600
1,7,6,7, 0.066034948827
1,7,7,0, 0.069626323361
1,7,7,1, 0.060716250856
1,7,7,4, 0.060262976414
1,7,7,5, 0.092277819986
1,7,7,6, 0.066034948827
1,7,7,9,-0.004632261310
1,7,9,2,-0.043945910986
1,7,9,7,-0.004632261310
1,8,0,3, 0.076888543715
1,8,0,8, 0.069626323361
1,8,1,3, 0.056767162046
1,8,1,8, 0.060716250856
1,8,3,0, 0.076888543715
1,8,3,1, 0.056767162046
1,8,3,4, 0.021967734567
1,8,3,5, 0.067896675453
1,8,3,6, 0.054482930600
1,8,3,9,-0.043945910986
1,8,4,3, 0.021967734567
1,8,4,8, 0.060262976414
1,8,5,3, 0.067896675453
1,8,5,8, 0.092277819986
1,8,6,3, 0.054482930600
1,8,6,8, 0.066034948827
1,8,8,0, 0.069626323361
1,8,8,1, 0.060716250856
1,8,8,4, 0.060262976414
1,8,8,5, 0.092277819986
1,8,8,6, 0.066034948827
1,8,8,9,-0.004632261310
1,8,9,3,-0.043945910986
1,8,9,8,-0.004632261310
1,9,0,0,-0.184062231204
1,9,0,1,-0.096125990372
1,9,0,4, 0.034985149355
1,9,0,5,-0.106602470518
1,9,0,6,-0.082837658626
1,9,0,9, 0.139940042858
1,9,1,0,-0.096125990372
1,9,1,1,-0.081942353236
1,9,1,4, 0.029327730240
1,9,1,5,-0.054029481809
1,9,1,6,-0.066503072330
1,9,1,9, 0.071527448788
1,9,2,2,-0.161305230995
1,9,2,7,-0.092486505159
1,9,3,3,-0.161305230995
1,9,3,8,-0.092486505159
1,9,4,0, 0.034985149355
1,9,4,1, 0.029327730240
1,9,4,4,-0.131468327359
1,9,4,5,-0.020475922251
1,9,4,6, 0.016580512671
1,9,4,9,-0.010128050847
1,9,5,0,-0.106602470518
1,9,5,1,-0.054029481809
1,9,5,4,-0.020475922251
1,9,5,5,-0.077068874633
1,9,5,6,-0.048197431959
1,9,5,9, 0.094021646944
1,9,6,0,-0.082837658626
1,9,6,1,-0.066503072330
1,9,6,4, 0.016580512671
1,9,6,5,-0.048197431959
1,9,6,6,-0.055081084064
1,9,6,9, 0.067407243408
1,9,7,2,-0.092486505159
1,9,7,7,-0.071294514833
1,9,8,3,-0.092486505159
1,9,8,8,-0.071294514833
1,9,9,0, 0.139940042858
1,9,9,1, 0.071527448788
1,9,9,4,-0.010128050847
1,9,9,5, 0.094021646944
1,9,9,6, 0.067407243408
1,9,9,9,-0.080634550730
2,0,0,2, 0.152608082603
2,0,0,7, 0.105032749828
2,0,1,2, 0.101353944495
2,0,1,7, 0.076888543715
2,0,2,0, 0.152608082603
2,0,2,1, 0.101353944495
2,0,2,5, 0.109118918631
2,0,2,6, 0.092277819986
2,0,2,9,-0.105776935338
2,0,4,7, 0.059182236441
2,0,5,2, 0.109118918631
2,0,5,7, 0.110112935442
2,0,6,2, 0.092277819986
2,0,6,7, 0.078595653814
2,0,7,0, 0.105032749828
2,0,7,1, 0.076888543715
2,0,7,4, 0.059182236441
2,0,7,5, 0.110112935442
2,0,7,6, 0.078595653814
2,0,7,9,-0.046298151803
2,0,9,2,-0.105776935338
2,0,9,7,-0.046298151803
2,1,0,2, 0.101353944495
2,1,0,7, 0.071530988189
2,1,1,2, 0.072461555243
2,1,1,7, 0.056767162046
2,1,2,0, 0.101353944495
2,1,2,1, 0.072461555243
2,1,2,5, 0.074101711219
2,1,2,6, 0.066034948827
2,1,2,9,-0.067085596674
2,1,4,7, 0.043043477831
2,1,5,2, 0.074101711219
2,1,5,7, 0.078595653814
2,1,6,2, 0.066034948827
2,1,6,7, 0.058671147065
2,1,7,0, 0.071530988189
2,1,7,1, 0.056767162046
2,1,7,4, 0.043043477831
2,1,7,5, 0.078595653814
2,1,7,6, 0.058671147065
2,1,7,9,-0.025762276988
2,1,9,2,-0.067085596674
2,1,9,7,-0.025762276988
2,2,0,0, 0.775037038942
2,2,0,1, 0.462081934851
2,2,0,5, 0.570036762131
2,2,0,6, 0.423311766749
2,2,0,9,-0.466168808676
2,2,1,0, 0.462081934851
2,2,1,1, 0.491073083906
2,2,1,5, 0.393923125795
2,2,1,6, 0.459851021295
2,2,1,9,-0.161305230995
2,2,2,2, 0.785718708997
2,2,2,7, 0.552598044987
2,2,3,3, 0.689508254834
2,2,3,8, 0.489193746731
2,2,4,4, 0.689508254834
2,2,4,5, 0.342517542143
2,2,4,6, 0.071294514833
2,2,4,9, 0.154097459562
2,2,5,0, 0.570036762131
2,2,5,1, 0.393923125795
2,2,5,4, 0.342517542143
2,2,5,5, 0.666696068207
2,2,5,6, 0.413368483818
2,2,5,9,-0.127936357439
2,2,6,0, 0.423311766749
2,2,6,1, 0.459851021295
2,2,6,4, 0.071294514833
2,2,6,5, 0.413368483818
2,2,6,6, 0.464679419838
2,2,6,9,-0.097198163123
2,2,7,2, 0.552598044987
2,2,7,7, 0.665612890452
2,2,8,3, 0.489193746731
2,2,8,8, 0.603068846912
2,2,9,0,-0.466168808676
2,2,9,1,-0.161305230995
2,2,9,4, 0.154097459562
2,2,9,5,-0.127936357439
2,2,9,6,-0.097198163123
2,2,9,9, 0.653674536589
2,3,2,3, 0.048105227081
2,3,2,8, 0.031702149128
2,3,3,2, 0.048105227081
2,3,3,7, 0.031702149128
2,3,7,3, 0.031702149128
2,3,7,8, 0.031272021770
2,3,8,2, 0.031702149128
2,3,8,7, 0.031272021770
2,4,0,7, 0.025742750960
2,4,1,7, 0.021967734567
2,4,2,4, 0.048105227081
2,4,2,5, 0.020979318467
2,4,2,6, 0.004632261310
2,4,2,9, 0.005296717957
2,4,4,2, 0.048105227081
2,4,4,7, 0.044311462335
2,4,5,2, 0.020979318467
2,4,5,7, 0.046298151803
2,4,6,2, 0.004632261310
2,4,6,7, 0.025762276988
2,4,7,0, 0.025742750960
2,4,7,1, 0.021967734567
2,4,7,4, 0.044311462335
2,4,7,5, 0.046298151803
2,4,7,6, 0.025762276988
2,4,7,9, 0.004906908577
2,4,9,2, 0.005296717957
2,4,9,7, 0.004906908577
2,5,0,2, 0.109118918631
2,5,0,7, 0.088198520286
2,5,1,2, 0.074101711219
2,5,1,7, 0.067896675453
2,5,2,0, 0.109118918631
2,5,2,1, 0.074101711219
2,5,2,4, 0.020979318467
2,5,2,5, 0.088723898741
2,5,2,6, 0.069626323361
2,5,2,9,-0.070634011094
2,5,4,2, 0.020979318467
2,5,4,7, 0.066317281412
2,5,5,2, 0.088723898741
2,5,5,7, 0.105032749828
2,5,6,2, 0.069626323361
2,5,6,7, 0.071530988189
2,5,7,0, 0.088198520286
2,5,7,1, 0.067896675453
2,5,7,4, 0.066317281412
2,5,7,5, 0.105032749828
2,5,7,6, 0.071530988189
2,5,7,9,-0.025742750960
2,5,9,2,-0.070634011094
2,5,9,7,-0.025742750960
2,6,0,2, 0.092277819986
2,6,0,7, 0.067896675453
2,6,1,2, 0.066034948827
2,6,1,7, 0.054482930600
2,6,2,0, 0.092277819986
2,6,2,1, 0.066034948827
2,6,2,4, 0.004632261310
2,6,2,5, 0.069626323361
2,6,2,6, 0.060716250856
2,6,2,9,-0.060262976414
2,6,4,2, 0.004632261310
2,6,4,7, 0.043945910986
2,6,5,2, 0.069626323361
2,6,5,7, 0.076888543715
2,6,6,2, 0.060716250856
2,6,6,7, 0.056767162046
2,6,7,0, 0.067896675453
2,6,7,1, 0.054482930600
2,6,7,4, 0.043945910986
2,6,7,5, 0.076888543715
2,6,7,6, 0.056767162046
2,6,7,9,-0.021967734567
2,6,9,2,-0.060262976414
2,6,9,7,-0.021967734567
2,7,0,0, 0.547366234077
2,7,0,1, 0.329941955495
2,7,0,4, 0.059182236441
2,7,0,5, 0.435140903802
2,7,0,6, 0.308623575325
2,7,0,9,-0.310984564369
2,7,1,0, 0.329941955495
2,7,1,1, 0.355977159568
2,7,1,4, 0.043043477831
2,7,1,5, 0.308623575325
2,7,1,6, 0.342851073138
2,7,1,9,-0.092486505159
2,7,2,2, 0.552598044987
2,7,2,7, 0.424650319148
2,7,3,3, 0.489193746731
2,7,3,8, 0.372652320885
2,7,4,0, 0.059182236441
2,7,4,1, 0.043043477831
2,7,4,4, 0.501803059939
2,7,4,5, 0.310984564369
2,7,4,6, 0.092486505159
2,7,4,9, 0.106018372005
2,7,5,0, 0.435140903802
2,7,5,1, 0.308623575325
2,7,5,4, 0.310984564369
2,7,5,5, 0.547366234077
2,7,5,6, 0.329941955495
2,7,5,9,-0.059182236441
2,7,6,0, 0.308623575325
2,7,6,1, 0.342851073138
2,7,6,4, 0.092486505159
2,7,6,5, 0.329941955495
2,7,6,6, 0.355977159568
2,7,6,9,-0.043043477831
2,7,7,2, 0.424650319148
2,7,7,7, 0.552598044987
2,7,8,3, 0.372652320885
2,7,8,8, 0.489193746731
2,7,9,0,-0.310984564369
2,7,9,1,-0.092486505159
2,7,9,4, 0.106018372005
2,7,9,5,-0.059182236441
2,7,9,6,-0.043043477831
2,7,9,9, 0.501803059939
2,8,2,3, 0.031702149128
2,8,2,8, 0.025998999132
2,8,3,2, 0.031702149128
2,8,3,7, 0.025998999132
2,8,7,3, 0.025998999132
2,8,7,8, 0.031702149128
2,8,8,2, 0.025998999132
2,8,8,7, 0.031702149128
2,9,0,2,-0.105776935338
2,9,0,7,-0.066317281412
2,9,1,2,-0.067085596674
2,9,1,7,-0.043945910986
2,9,2,0,-0.105776935338
2,9,2,1,-0.067085596674
2,9,2,4, 0.005296717957
2,9,2,5,-0.070634011094
2,9,2,6,-0.060262976414
2,9,2,9, 0.079325788908
2,9,4,2, 0.005296717957
2,9,4,7,-0.027327790644
2,9,5,2,-0.070634011094
2,9,5,7,-0.059182236441
2,9,6,2,-0.060262976414
2,9,6,7,-0.043043477831
2,9,7,0,-0.066317281412
2,9,7,1,-0.043945910986
2,9,7,4,-0.027327790644
2,9,7,5,-0.059182236441
2,9,7,6,-0.043043477831
2,9,7,9, 0.044311462335
2,9,9,2, 0.079325788908
2,9,9,7, 0.044311462335
3,0,0,3, 0.152608082603
3,0,0,8, 0.105032749828
3,0,1,3, 0.101353944495
3,0,1,8, 0.076888543715
3,0,3,0, 0.152608082603
3,0,3,1, 0.101353944495
3,0,3,5, 0.109118918631
3,0,3,6, 0.092277819986
3,0,3,9,-0.105776935338
3,0,4,8, 0.059182236441
3,0,5,3, 0.109118918631
3,0,5,8, 0.110112935442
3,0,6,3, 0.092277819986
3,0,6,8, 0.078595653814
3,0,8,0, 0.105032749828
3,0,8,1, 0.076888543715
3,0,8,4, 0.059182236441
3,0,8,5, 0.110112935442
3,0,8,6, 0.078595653814
3,0,8,9,-0.046298151803
3,0,9,3,-0.105776935338
3,0,9,8,-0.046298151803
3,1,0,3, 0.101353944495
3,1,0,8, 0.071530988189
3,1,1,3, 0.072461555243
3,1,1,8, 0.056767162046
3,1,3,0, 0.101353944495
3,1,3,1, 0.072461555243
3,1,3,5, 0.074101711219
3,1,3,6, 0.066034948827
3,1,3,9,-0.067085596674
3,1,4,8, 0.043043477831
3,1,5,3, 0.074101711219
3,1,5,8, 0.078595653814
3,1,6,3, 0.066034948827
3,1,6,8, 0.058671147065
3,1,8,0, 0.071530988189
3,1,8,1, 0.056767162046
3,1,8,4, 0.043043477831
3,1,8,5, 0.078595653814
3,1,8,6, 0.058671147065
3,1,8,9,-0.025762276988
3,1,9,3,-0.067085596674
3,1,9,8,-0.025762276988
3,2,2,3, 0.048105227081
3,2,2,8, 0.031702149128
3,2,3,2, 0.048105227081
3,2,3,7, 0.031702149128
3,2,7,3, 0.031702149128
3,2,7,8, 0.031272021770
3,2,8,2, 0.031702149128
3,2,8,7, 0.031272021770
3,3,0,0, 0.775037038942
3,3,0,1, 0.462081934851
3,3,0,5, 0.570036762131
3,3,0,6, 0.423311766749
3,3,0,9,-0.466168808676
3,3,1,0, 0.462081934851
3,3,1,1, 0.491073083906
3,3,1,5, 0.393923125795
3,3,1,6, 0.459851021295
3,3,1,9,-0.161305230995
3,3,2,2, 0.689508254834
3,3,2,7, 0.489193746731
3,3,3,3, 0.785718708997
3,3,3,8, 0.552598044987
3,3,4,4, 0.689508254834
3,3,4,5, 0.342517542143
3,3,4,6, 0.071294514833
3,3,4,9, 0.154097459562
3,3,5,0, 0.570036762131
3,3,5,1, 0.393923125795
3,3,5,4, 0.342517542143
3,3,5,5, 0.666696068207
3,3,5,6, 0.413368483818
3,3,5,9,-0.127936357439
3,3,6,0, 0.423311766749
3,3,6,1, 0.459851021295
3,3,6,4, 0.071294514833
3,3,6,5, 0.413368483818
3,3,6,6, 0.464679419838
3,3,6,9,-0.097198163123
3,3,7,2, 0.489193746731
3,3,7,7, 0.603068846912
3,3,8,3, 0.552598044987
3,3,8,8, 0.665612890452
3,3,9,0,-0.466168808676
3,3,9,1,-0.161305230995
3,3,9,4, 0.154097459562
3,3,9,5,-0.127936357439
3,3,9,6,-0.097198163123
3,3,9,9, 0.653674536589
3,4,0,8, 0.025742750960
3,4,1,8, 0.021967734567
3,4,3,4, 0.048105227081
3,4,3,5, 0.020979318467
3,4,3,6, 0.004632261310
3,4,3,9, 0.005296717957
3,4,4,3, 0.048105227081
3,4,4,8, 0.044311462335
3,4,5,3, 0.020979318467
3,4,5,8, 0.046298151803
3,4,6,3, 0.004632261310
3,4,6,8, 0.025762276988
3,4,8,0, 0.025742750960
3,4,8,1, 0.021967734567
3,4,8,4, 0.044311462335
3,4,8,5, 0.046298151803
3,4,8,6, 0.025762276988
3,4,8,9, 0.004906908577
3,4,9,3, 0.005296717957
3,4,9,8, 0.004906908577
3,5,0,3, 0.109118918631
3,5,0,8, 0.088198520286
3,5,1,3, 0.074101711219
3,5,1,8, 0.067896675453
3,5,3,0, 0.109118918631
3,5,3,1, 0.074101711219
3,5,3,4, 0.020979318467
3,5,3,5, 0.088723898741
3,5,3,6, 0.069626323361
3,5,3,9,-0.070634011094
3,5,4,3, 0.020979318467
3,5,4,8, 0.066317281412
3,5,5,3, 0.088723898741
3,5,5,8, 0.105032749828
3,5,6,3, 0.069626323361
3,5,6,8, 0.071530988189
3,5,8,0, 0.088198520286
3,5,8,1, 0.067896675453
3,5,8,4, 0.066317281412
3,5,8,5, 0.105032749828
3,5,8,6, 0.071530988189
3,5,8,9,-0.025742750960
3,5,9,3,-0.070634011094
3,5,9,8,-0.025742750960
3,6,0,3, 0.092277819986
3,6,0,8, 0.067896675453
3,6,1,3, 0.066034948827
3,6,1,8, 0.054482930600
3,6,3,0, 0.092277819986
3,6,3,1, 0.066034948827
3,6,3,4, 0.004632261310
3,6,3,5, 0.069626323361
3,6,3,6, 0.060716250856
3,6,3,9,-0.060262976414
3,6,4,3, 0.004632261310
3,6,4,8, 0.043945910986
3,6,5,3, 0.069626323361
3,6,5,8, 0.076888543715
3,6,6,3, 0.060716250856
3,6,6,8, 0.056767162046
3,6,8,0, 0.067896675453
3,6,8,1, 0.054482930600
3,6,8,4, 0.043945910986
3,6,8,5, 0.076888543715
3,6,8,6, 0.056767162046
3,6,8,9,-0.021967734567
3,6,9,3,-0.060262976414
3,6,9,8,-0.021967734567
3,7,2,3, 0.031702149128
3,7,2,8, 0.025998999132
3,7,3,2, 0.031702149128
3,7,3,7, 0.025998999132
3,7,7,3, 0.025998999132
3,7,7,8, 0.031702149128
3,7,8,2, 0.025998999132
3,7,8,7, 0.031702149128
3,8,0,0, 0.547366234077
3,8,0,1, 0.329941955495
3,8,0,4, 0.059182236441
3,8,0,5, 0.435140903802
3,8,0,6, 0.308623575325
3,8,0,9,-0.310984564369
3,8,1,0, 0.329941955495
3,8,1,1, 0.355977159568
3,8,1,4, 0.043043477831
3,8,1,5, 0.308623575325
3,8,1,6, 0.342851073138
3,8,1,9,-0.092486505159
3,8,2,2, 0.489193746731
3,8,2,7, 0.372652320885
3,8,3,3, 0.552598044987
3,8,3,8, 0.424650319148
3,8,4,0, 0.059182236441
3,8,4,1, 0.043043477831
3,8,4,4, 0.501803059939
3,8,4,5, 0.310984564369
3,8,4,6, 0.092486505159
3,8,4,9, 0.106018372005
3,8,5,0, 0.435140903802
3,8,5,1, 0.308623575325
3,8,5,4, 0.310984564369
3,8,5,5, 0.547366234077
3,8,5,6, 0.329941955495
3,8,5,9,-0.059182236441
3,8,6,0, 0.308623575325
3,8,6,1, 0.342851073138
3,8,6,4, 0.092486505159
3,8,6,5, 0.329941955495
3,8,6,6, 0.355977159568
3,8,6,9,-0.043043477831
3,8,7,2, 0.372652320885
3,8,7,7, 0.489193746731
3,8,8,3, 0.424650319148
3,8,8,8, 0.552598044987
3,8,9,0,-0.310984564369
3,8,9,1,-0.092486505159
3,8,9,4, 0.106018372005
3,8,9,5,-0.059182236441
3,8,9,6,-0.043043477831
3,8,9,9, 0.501803059939
3,9,0,3,-0.105776935338
3,9,0,8,-0.066317281412
3,9,1,3,-0.067085596674
3,9,1,8,-0.043945910986
3,9,3,0,-0.105776935338
3,9,3,1,-0.067085596674
3,9,3,4, 0.005296717957
3,9,3,5,-0.070634011094
3,9,3,6,-0.060262976414
3,9,3,9, 0.079325788908
3,9,4,3, 0.005296717957
3,9,4,8,-0.027327790644
3,9,5,3,-0.070634011094
3,9,5,8,-0.059182236441
3,9,6,3,-0.060262976414
3,9,6,8,-0.043043477831
3,9,8,0,-0.066317281412
3,9,8,1,-0.043945910986
3,9,8,4,-0.027327790644
3,9,8,5,-0.059182236441
3,9,8,6,-0.043043477831
3,9,8,9, 0.044311462335
3,9,9,3, 0.079325788908
3,9,9,8, 0.044311462335
4,0,0,4, 0.152608082603
4,0,0,5, 0.074236438289
4,0,0,6, 0.013960417973
4,0,0,9, 0.027071996679
4,0,1,4, 0.101353944495
4,0,1,5, 0.056200067530
4,0,1,6, 0.018588207526
4,0,1,9, 0.034985149355
4,0,2,7, 0.059182236441
4,0,3,8, 0.059182236441
4,0,4,0, 0.152608082603
4,0,4,1, 0.101353944495
4,0,4,5, 0.154321964921
4,0,4,6, 0.094021646944
4,0,4,9,-0.033186639082
4,0,5,0, 0.074236438289
4,0,5,1, 0.056200067530
4,0,5,4, 0.154321964921
4,0,5,5, 0.162721048914
4,0,5,6, 0.069690980046
4,0,5,9, 0.041360008861
4,0,6,0, 0.013960417973
4,0,6,1, 0.018588207526
4,0,6,4, 0.094021646944
4,0,6,5, 0.069690980046
4,0,6,6, 0.036248707712
4,0,6,9, 0.039724763560
4,0,7,2, 0.059182236441
4,0,7,7, 0.127936357439
4,0,8,3, 0.059182236441
4,0,8,8, 0.127936357439
4,0,9,0, 0.027071996679
4,0,9,1, 0.034985149355
4,0,9,4,-0.033186639082
4,0,9,5, 0.041360008861
4,0,9,6, 0.039724763560
4,0,9,9, 0.073318823274
4,1,0,4, 0.101353944495
4,1,0,5, 0.050537647726
4,1,0,6, 0.010439669501
4,1,0,9, 0.021962551852
4,1,1,4, 0.072461555243
4,1,1,5, 0.041941747938
4,1,1,6, 0.015622560021
4,1,1,9, 0.029327730240
4,1,2,7, 0.043043477831
4,1,3,8, 0.043043477831
4,1,4,0, 0.101353944495
4,1,4,1, 0.072461555243
4,1,4,5, 0.105955353701
4,1,4,6, 0.067407243408
4,1,4,9,-0.012948033265
4,1,5,0, 0.050537647726
4,1,5,1, 0.041941747938
4,1,5,4, 0.105955353701
4,1,5,5, 0.114916772558
4,1,5,6, 0.052703475825
4,1,5,9, 0.039724763560
4,1,6,0, 0.010439669501
4,1,6,1, 0.015622560021
4,1,6,4, 0.067407243408
4,1,6,5, 0.052703475825
4,1,6,6, 0.030634802077
4,1,6,9, 0.034428528526
4,1,7,2, 0.043043477831
4,1,7,7, 0.097198163123
4,1,8,3, 0.043043477831
4,1,8,8, 0.097198163123
4,1,9,0, 0.021962551852
4,1,9,1, 0.029327730240
4,1,9,4,-0.012948033265
4,1,9,5, 0.039724763560
4,1,9,6, 0.034428528526
4,1,9,9, 0.061872932106
4,2,0,7, 0.025742750960
4,2,1,7, 0.021967734567
4,2,2,4, 0.048105227081
4,2,2,5, 0.020979318467
4,2,2,6, 0.004632261310
4,2,2,9, 0.005296717957
4,2,4,2, 0.048105227081
4,2,4,7, 0.044311462335
4,2,5,2, 0.020979318467
4,2,5,7, 0.046298151803
4,2,6,2, 0.004632261310
4,2,6,7, 0.025762276988
4,2,7,0, 0.025742750960
4,2,7,1, 0.021967734567
4,2,7,4, 0.044311462335
4,2,7,5, 0.046298151803
4,2,7,6, 0.025762276988
4,2,7,9, 0.004906908577
4,2,9,2, 0.005296717957
4,2,9,7, 0.004906908577
4,3,0,8, 0.025742750960
4,3,1,8, 0.021967734567
4,3,3,4, 0.048105227081
4,3,3,5, 0.020979318467
4,3,3,6, 0.004632261310
4,3,3,9, 0.005296717957
4,3,4,3, 0.048105227081
4,3,4,8, 0.044311462335
4,3,5,3, 0.020979318467
4,3,5,8, 0.046298151803
4,3,6,3, 0.004632261310
4,3,6,8, 0.025762276988
4,3,8,0, 0.025742750960
4,3,8,1, 0.021967734567
4,3,8,4, 0.044311462335
4,3,8,5, 0.046298151803
4,3,8,6, 0.025762276988
4,3,8,9, 0.004906908577
4,3,9,3, 0.005296717957
4,3,9,8, 0.004906908577
4,4,0,0, 0.775037038942
4,4,0,1, 0.462081934851
4,4,0,5, 0.590135207593
4,4,0,6, 0.424068654025
4,4,0,9,-0.434930536338
4,4,1,0, 0.462081934851
4,4,1,1, 0.491073083906
4,4,1,5, 0.409705579316
4,4,1,6, 0.461057138192
4,4,1,9,-0.131468327359
4,4,2,2, 0.689508254834
4,4,2,7, 0.501803059939
4,4,3,3, 0.689508254834
4,4,3,8, 0.501803059939
4,4,4,4, 0.785718708997
4,4,4,5, 0.398743994491
4,4,4,6, 0.080634550730
4,4,4,9, 0.192155592521
4,4,5,0, 0.590135207593
4,4,5,1, 0.409705579316
4,4,5,4, 0.398743994491
4,4,5,5, 0.740759686933
4,4,5,6, 0.435428894354
4,4,5,9,-0.073318823274
4,4,6,0, 0.424068654025
4,4,6,1, 0.461057138192
4,4,6,4, 0.080634550730
4,4,6,5, 0.435428894354
4,4,6,6, 0.469303436569
4,4,6,9,-0.061872932106
4,4,7,2, 0.501803059939
4,4,7,7, 0.653674536589
4,4,8,3, 0.501803059939
4,4,8,8, 0.653674536589
4,4,9,0,-0.434930536338
4,4,9,1,-0.131468327359
4,4,9,4, 0.192155592521
4,4,9,5,-0.073318823274
4,4,9,6,-0.061872932106
4,4,9,9, 0.685939240057
4,5,0,0, 0.384799188538
4,5,0,1, 0.231843185112
4,5,0,4, 0.154321964921
4,5,0,5, 0.372081441504
4,5,0,6, 0.227715653312
4,5,0,9,-0.179964966737
4,5,1,0, 0.231843185112
4,5,1,1, 0.250370835732
4,5,1,4, 0.105955353701
4,5,1,5, 0.267969031556
4,5,1,6, 0.255884785791
4,5,1,9,-0.020475922251
4,5,2,2, 0.342517542143
4,5,2,7, 0.310984564369
4,5,3,3, 0.342517542143
4,5,3,8, 0.310984564369
4,5,4,0, 0.154321964921
4,5,4,1, 0.105955353701
4,5,4,4, 0.398743994491
4,5,4,5, 0.364802592280
4,5,4,6, 0.139940042858
4,5,4,9, 0.077397745684
4,5,5,0, 0.372081441504
4,5,5,1, 0.267969031556
4,5,5,4, 0.364802592280
4,5,5,5, 0.550329427672
4,5,5,6, 0.296843119722
4,5,5,9, 0.027071996679
4,5,6,0, 0.227715653312
4,5,6,1, 0.255884785791
4,5,6,4, 0.139940042858
4,5,6,5, 0.296843119722
4,5,6,6, 0.280427547581
4,5,6,9, 0.021962551852
4,5,7,2, 0.310984564369
4,5,7,7, 0.466168808676
4,5,8,3, 0.310984564369
4,5,8,8, 0.466168808676
4,5,9,0,-0.179964966737
4,5,9,1,-0.020475922251
4,5,9,4, 0.077397745684
4,5,9,5, 0.027071996679
4,5,9,6, 0.021962551852
4,5,9,9, 0.434930536338
4,6,0,0, 0.077068874633
4,6,0,1, 0.048197431959
4,6,0,4, 0.094021646944
4,6,0,5, 0.106602470518
4,6,0,6, 0.054029481809
4,6,0,9,-0.020475922251
4,6,1,0, 0.048197431959
4,6,1,1, 0.055081084064
4,6,1,4, 0.067407243408
4,6,1,5, 0.082837658626
4,6,1,6, 0.066503072330
4,6,1,9, 0.016580512671
4,6,2,2, 0.071294514833
4,6,2,7, 0.092486505159
4,6,3,3, 0.071294514833
4,6,3,8, 0.092486505159
4,6,4,0, 0.094021646944
4,6,4,1, 0.067407243408
4,6,4,4, 0.080634550730
4,6,4,5, 0.139940042858
4,6,4,6, 0.071527448788
4,6,4,9, 0.010128050847
4,6,5,0, 0.106602470518
4,6,5,1, 0.082837658626
4,6,5,4, 0.139940042858
4,6,5,5, 0.184062231204
4,6,5,6, 0.096125990372
4,6,5,9, 0.034985149355
4,6,6,0, 0.054029481809
4,6,6,1, 0.066503072330
4,6,6,4, 0.071527448788
4,6,6,5, 0.096125990372
4,6,6,6, 0.081942353236
4,6,6,9, 0.029327730240
4,6,7,2, 0.092486505159
4,6,7,7, 0.161305230995
4,6,8,3, 0.092486505159
4,6,8,8, 0.161305230995
4,6,9,0,-0.020475922251
4,6,9,1, 0.016580512671
4,6,9,4, 0.010128050847
4,6,9,5, 0.034985149355
4,6,9,6, 0.029327730240
4,6,9,9, 0.131468327359
4,7,0,2, 0.059182236441
4,7,0,7, 0.070634011094
4,7,1,2, 0.043043477831
4,7,1,7, 0.060262976414
4,7,2,0, 0.059182236441
4,7,2,1, 0.043043477831
4,7,2,4, 0.044311462335
4,7,2,5, 0.066317281412
4,7,2,6, 0.043945910986
4,7,2,9,-0.027327790644
4,7,4,2, 0.044311462335
4,7,4,7, 0.079325788908
4,7,5,2, 0.066317281412
4,7,5,7, 0.105776935338
4,7,6,2, 0.043945910986
4,7,6,7, 0.067085596674
4,7,7,0, 0.070634011094
4,7,7,1, 0.060262976414
4,7,7,4, 0.079325788908
4,7,7,5, 0.105776935338
4,7,7,6, 0.067085596674
4,7,7,9, 0.005296717957
4,7,9,2,-0.027327790644
4,7,9,7, 0.005296717957
4,8,0,3, 0.059182236441
4,8,0,8, 0.070634011094
4,8,1,3, 0.043043477831
4,8,1,8, 0.060262976414
4,8,3,0, 0.059182236441
4,8,3,1, 0.043043477831
4,8,3,4, 0.044311462335
4,8,3,5, 0.066317281412
4,8,3,6, 0.043945910986
4,8,3,9,-0.027327790644
4,8,4,3, 0.044311462335
4,8,4,8, 0.079325788908
4,8,5,3, 0.066317281412
4,8,5,8, 0.105776935338
4,8,6,3, 0.043945910986
4,8,6,8, 0.067085596674
4,8,8,0, 0.070634011094
4,8,8,1, 0.060262976414
4,8,8,4, 0.079325788908
4,8,8,5, 0.105776935338
4,8,8,6, 0.067085596674
4,8,8,9, 0.005296717957
4,8,9,3,-0.027327790644
4,8,9,8, 0.005296717957
4,9,0,0, 0.167583389515
4,9,0,1, 0.107977252317
4,9,0,4,-0.033186639082
4,9,0,5, 0.121281458846
4,9,0,6, 0.098422989624
4,9,0,9,-0.077397745684
4,9,1,0, 0.107977252317
4,9,1,1, 0.126982242223
4,9,1,4,-0.012948033265
4,9,1,5, 0.098422989624
4,9,1,6, 0.121269939096
4,9,1,9,-0.010128050847
4,9,2,2, 0.154097459562
4,9,2,7, 0.106018372005
4,9,3,3, 0.154097459562
4,9,3,8, 0.106018372005
4,9,4,0,-0.033186639082
4,9,4,1,-0.012948033265
4,9,4,4, 0.192155592521
4,9,4,5, 0.077397745684
4,9,4,6, 0.010128050847
4,9,4,9, 0.088264758596
4,9,5,0, 0.121281458846
4,9,5,1, 0.098422989624
4,9,5,4, 0.077397745684
4,9,5,5, 0.167583389515
4,9,5,6, 0.107977252317
4,9,5,9, 0.033186639082
4,9,6,0, 0.098422989624
4,9,6,1, 0.121269939096
4,9,6,4, 0.010128050847
4,9,6,5, 0.107977252317
4,9,6,6, 0.126982242223
4,9,6,9, 0.012948033265
4,9,7,2, 0.106018372005
4,9,7,7, 0.154097459562
4,9,8,3, 0.106018372005
4,9,8,8, 0.154097459562
4,9,9,0,-0.077397745684
4,9,9,1,-0.010128050847
4,9,9,4, 0.088264758596
4,9,9,5, 0.033186639082
4,9,9,6, 0.012948033265
4,9,9,9, 0.192155592521
5,0,0,0, 0.648488758529
5,0,0,1, 0.373545959026
5,0,0,4, 0.074236438289
5,0,0,5, 0.513671424847
5,0,0,6, 0.349413509138
5,0,0,9,-0.372081441504
5,0,1,0, 0.373545959026
5,0,1,1, 0.385413543171
5,0,1,4, 0.050537647726
5,0,1,5, 0.349413509138
5,0,1,6, 0.371175925779
5,0,1,9,-0.106602470518
5,0,2,2, 0.570036762131
5,0,2,7, 0.435140903802
5,0,3,3, 0.570036762131
5,0,3,8, 0.435140903802
5,0,4,0, 0.074236438289
5,0,4,1, 0.050537647726
5,0,4,4, 0.590135207593
5,0,4,5, 0.372081441504
5,0,4,6, 0.106602470518
5,0,4,9, 0.121281458846
5,0,5,0, 0.513671424847
5,0,5,1, 0.349413509138
5,0,5,4, 0.372081441504
5,0,5,5, 0.648488758529
5,0,5,6, 0.373545959026
5,0,5,9,-0.074236438289
5,0,6,0, 0.349413509138
5,0,6,1, 0.371175925779
5,0,6,4, 0.106602470518
5,0,6,5, 0.373545959026
5,0,6,6, 0.385413543171
5,0,6,9,-0.050537647726
5,0,7,2, 0.435140903802
5,0,7,7, 0.570036762131
5,0,8,3, 0.435140903802
5,0,8,8, 0.570036762131
5,0,9,0,-0.372081441504
5,0,9,1,-0.106602470518
5,0,9,4, 0.121281458846
5,0,9,5,-0.074236438289
5,0,9,6,-0.050537647726
5,0,9,9, 0.590135207593
5,1,0,0, 0.425929872306
5,1,0,1, 0.259222926888
5,1,0,4, 0.056200067530
5,1,0,5, 0.349413509138
5,1,0,6, 0.244177667436
5,1,0,9,-0.227715653312
5,1,1,0, 0.259222926888
5,1,1,1, 0.288694152411
5,1,1,4, 0.041941747938
5,1,1,5, 0.253746132181
5,1,1,6, 0.281787586641
5,1,1,9,-0.054029481809
5,1,2,2, 0.393923125795
5,1,2,7, 0.308623575325
5,1,3,3, 0.393923125795
5,1,3,8, 0.308623575325
5,1,4,0, 0.056200067530
5,1,4,1, 0.041941747938
5,1,4,4, 0.409705579316
5,1,4,5, 0.267969031556
5,1,4,6, 0.082837658626
5,1,4,9, 0.098422989624
5,1,5,0, 0.349413509138
5,1,5,1, 0.253746132181
5,1,5,4, 0.267969031556
5,1,5,5, 0.462161069812
5,1,5,6, 0.275051894307
5,1,5,9,-0.013960417973
5,1,6,0, 0.244177667436
5,1,6,1, 0.281787586641
5,1,6,4, 0.082837658626
5,1,6,5, 0.275051894307
5,1,6,6, 0.297595416447
5,1,6,9,-0.010439669501
5,1,7,2, 0.308623575325
5,1,7,7, 0.423311766749
5,1,8,3, 0.308623575325
5,1,8,8, 0.423311766749
5,1,9,0,-0.227715653312
5,1,9,1,-0.054029481809
5,1,9,4, 0.098422989624
5,1,9,5,-0.013960417973
5,1,9,6,-0.010439669501
5,1,9,9, 0.424068654025
5,2,0,2, 0.109118918631
5,2,0,7, 0.088198520286
5,2,1,2, 0.074101711219
5,2,1,7, 0.067896675453
5,2,2,0, 0.109118918631
5,2,2,1, 0.074101711219
5,2,2,4, 0.020979318467
5,2,2,5, 0.088723898741
5,2,2,6, 0.069626323361
5,2,2,9,-0.070634011094
5,2,4,2, 0.020979318467
5,2,4,7, 0.066317281412
5,2,5,2, 0.088723898741
5,2,5,7, 0.105032749828
5,2,6,2, 0.069626323361
5,2,6,7, 0.071530988189
5,2,7,0, 0.088198520286
5,2,7,1, 0.067896675453
5,2,7,4, 0.066317281412
5,2,7,5, 0.105032749828
5,2,7,6, 0.071530988189
5,2,7,9,-0.025742750960
5,2,9,2,-0.070634011094
5,2,9,7,-0.025742750960
5,3,0,3, 0.109118918631
5,3,0,8, 0.088198520286
5,3,1,3, 0.074101711219
5,3,1,8, 0.067896675453
5,3,3,0, 0.109118918631
5,3,3,1, 0.074101711219
5,3,3,4, 0.020979318467
5,3,3,5, 0.088723898741
5,3,3,6, 0.069626323361
5,3,3,9,-0.070634011094
5,3,4,3, 0.020979318467
5,3,4,8, 0.066317281412
5,3,5,3, 0.088723898741
5,3,5,8, 0.105032749828
5,3,6,3, 0.069626323361
5,3,6,8, 0.071530988189
5,3,8,0, 0.088198520286
5,3,8,1, 0.067896675453
5,3,8,4, 0.066317281412
5,3,8,5, 0.105032749828
5,3,8,6, 0.071530988189
5,3,8,9,-0.025742750960
5,3,9,3,-0.070634011094
5,3,9,8,-0.025742750960
5,4,0,0, 0.384799188538
5,4,0,1, 0.231843185112
5,4,0,4, 0.154321964921
5,4,0,5, 0.372081441504
5,4,0,6, 0.227715653312
5,4,0,9,-0.179964966737
5,4,1,0, 0.231843185112
5,4,1,1, 0.250370835732
5,4,1,4, 0.105955353701
5,4,1,5, 0.267969031556
5,4,1,6, 0.255884785791
5,4,1,9,-0.020475922251
5,4,2,2, 0.342517542143
5,4,2,7, 0.310984564369
5,4,3,3, 0.342517542143
5,4,3,8, 0.310984564369
5,4,4,0, 0.154321964921
5,4,4,1, 0.105955353701
5,4,4,4, 0.398743994491
5,4,4,5, 0.364802592280
5,4,4,6, 0.139940042858
5,4,4,9, 0.077397745684
5,4,5,0, 0.372081441504
5,4,5,1, 0.267969031556
5,4,5,4, 0.364802592280
5,4,5,5, 0.550329427672
5,4,5,6, 0.296843119722
5,4,5,9, 0.027071996679
5,4,6,0, 0.227715653312
5,4,6,1, 0.255884785791
5,4,6,4, 0.139940042858
5,4,6,5, 0.296843119722
5,4,6,6, 0.280427547581
5,4,6,9, 0.021962551852
5,4,7,2, 0.310984564369
5,4,7,7, 0.466168808676
5,4,8,3, 0.310984564369
5,4,8,8, 0.466168808676
5,4,9,0,-0.179964966737
5,4,9,1,-0.020475922251
5,4,9,4, 0.077397745684
5,4,9,5, 0.027071996679
5,4,9,6, 0.021962551852
5,4,9,9, 0.434930536338
5,5,0,0, 0.748034197774
5,5,0,1, 0.446167077780
5,5,0,4, 0.162721048914
5,5,0,5, 0.648488758529
5,5,0,6, 0.425929872306
5,5,0,9,-0.384799188538
5,5,1,0, 0.446167077780
5,5,1,1, 0.479743941137
5,5,1,4, 0.114916772558
5,5,1,5, 0.462161069812
5,5,1,6, 0.475021300024
5,5,1,9,-0.077068874633
5,5,2,2, 0.666696068207
5,5,2,7, 0.547366234077
5,5,3,3, 0.666696068207
5,5,3,8, 0.547366234077
5,5,4,0, 0.162721048914
5,5,4,1, 0.114916772558
5,5,4,4, 0.740759686933
5,5,4,5, 0.550329427672
5,5,4,6, 0.184062231204
5,5,4,9, 0.167583389515
5,5,5,0, 0.648488758529
5,5,5,1, 0.462161069812
5,5,5,4, 0.550329427672
5,5,5,5, 0.897251802255
5,5,5,6, 0.504699283325
5,5,6,0, 0.425929872306
5,5,6,1, 0.475021300024
5,5,6,4, 0.184062231204
5,5,6,5, 0.504699283325
5,5,6,6, 0.507364877272
5,5,7,2, 0.547366234077
5,5,7,7, 0.775037038942
5,5,8,3, 0.547366234077
5,5,8,8, 0.775037038942
5,5,9,0,-0.384799188538
5,5,9,1,-0.077068874633
5,5,9,4, 0.167583389515
5,5,9,9, 0.775037038942
5,6,0,0, 0.446167077780
5,6,0,1, 0.273657414978
5,6,0,4, 0.069690980046
5,6,0,5, 0.373545959026
5,6,0,6, 0.259222926888
5,6,0,9,-0.231843185112
5,6,1,0, 0.273657414978
5,6,1,1, 0.308568313416
5,6,1,4, 0.052703475825
5,6,1,5, 0.275051894307
5,6,1,6, 0.303923932292
5,6,1,9,-0.048197431959
5,6,2,2, 0.413368483818
5,6,2,7, 0.329941955495
5,6,3,3, 0.413368483818
5,6,3,8, 0.329941955495
5,6,4,0, 0.069690980046
5,6,4,1, 0.052703475825
5,6,4,4, 0.435428894354
5,6,4,5, 0.296843119722
5,6,4,6, 0.096125990372
5,6,4,9, 0.107977252317
5,6,5,0, 0.373545959026
5,6,5,1, 0.275051894307
5,6,5,4, 0.296843119722
5,6,5,5, 0.504699283325
5,6,5,6, 0.300015949963
5,6,6,0, 0.259222926888
5,6,6,1, 0.303923932292
5,6,6,4, 0.096125990372
5,6,6,5, 0.300015949963
5,6,6,6, 0.324022459289
5,6,7,2, 0.329941955495
5,6,7,7, 0.462081934851
5,6,8,3, 0.329941955495
5,6,8,8, 0.462081934851
5,6,9,0,-0.231843185112
5,6,9,1,-0.048197431959
5,6,9,4, 0.107977252317
5,6,9,9, 0.462081934851
5,7,0,2, 0.110112935442
5,7,0,7, 0.109118918631
5,7,1,2, 0.078595653814
5,7,1,7, 0.092277819986
5,7,2,0, 0.110112935442
5,7,2,1, 0.078595653814
5,7,2,4, 0.046298151803
5,7,2,5, 0.105032749828
5,7,2,6, 0.076888543715
5,7,2,9,-0.059182236441
5,7,4,2, 0.046298151803
5,7,4,7, 0.105776935338
5,7,5,2, 0.105032749828
5,7,5,7, 0.152608082603
5,7,6,2, 0.076888543715
5,7,6,7, 0.101353944495
5,7,7,0, 0.109118918631
5,7,7,1, 0.092277819986
5,7,7,4, 0.105776935338
5,7,7,5, 0.152608082603
5,7,7,6, 0.101353944495
5,7,9,2,-0.059182236441
5,8,0,3, 0.110112935442
5,8,0,8, 0.109118918631
5,8,1,3, 0.078595653814
5,8,1,8, 0.092277819986
5,8,3,0, 0.110112935442
5,8,3,1, 0.078595653814
5,8,3,4, 0.046298151803
5,8,3,5, 0.105032749828
5,8,3,6, 0.076888543715
5,8,3,9,-0.059182236441
5,8,4,3, 0.046298151803
5,8,4,8, 0.105776935338
5,8,5,3, 0.105032749828
5,8,5,8, 0.152608082603
5,8,6,3, 0.076888543715
5,8,6,8, 0.101353944495
5,8,8,0, 0.109118918631
5,8,8,1, 0.092277819986
5,8,8,4, 0.105776935338
5,8,8,5, 0.152608082603
5,8,8,6, 0.101353944495
5,8,9,3,-0.059182236441
5,9,0,0,-0.162721048914
5,9,0,1,-0.069690980046
5,9,0,4, 0.041360008861
5,9,0,5,-0.074236438289
5,9,0,6,-0.056200067530
5,9,0,9, 0.154321964921
5,9,1,0,-0.069690980046
5,9,1,1,-0.036248707712
5,9,1,4, 0.039724763560
5,9,1,5,-0.013960417973
5,9,1,6,-0.018588207526
5,9,1,9, 0.094021646944
5,9,2,2,-0.127936357439
5,9,2,7,-0.059182236441
5,9,3,3,-0.127936357439
5,9,3,8,-0.059182236441
5,9,4,0, 0.041360008861
5,9,4,1, 0.039724763560
5,9,4,4,-0.073318823274
5,9,4,5, 0.027071996679
5,9,4,6, 0.034985149355
5,9,4,9, 0.033186639082
5,9,5,0,-0.074236438289
5,9,5,1,-0.013960417973
5,9,5,4, 0.027071996679
5,9,5,9, 0.152608082603
5,9,6,0,-0.056200067530
5,9,6,1,-0.018588207526
5,9,6,4, 0.034985149355
5,9,6,9, 0.101353944495
5,9,7,2,-0.059182236441
5,9,8,3,-0.059182236441
5,9,9,0, 0.154321964921
5,9,9,1, 0.094021646944
5,9,9,4, 0.033186639082
5,9,9,5, 0.152608082603
5,9,9,6, 0.101353944495
6,0,0,0, 0.462161069812
6,0,0,1, 0.275051894307
6,0,0,4, 0.013960417973
6,0,0,5, 0.349413509138
6,0,0,6, 0.253746132181
6,0,0,9,-0.267969031556
6,0,1,0, 0.275051894307
6,0,1,1, 0.297595416447
6,0,1,4, 0.010439669501
6,0,1,5, 0.244177667436
6,0,1,6, 0.281787586641
6,0,1,9,-0.082837658626
6,0,2,2, 0.423311766749
6,0,2,7, 0.308623575325
6,0,3,3, 0.423311766749
6,0,3,8, 0.308623575325
6,0,4,0, 0.013960417973
6,0,4,1, 0.010439669501
6,0,4,4, 0.424068654025
6,0,4,5, 0.227715653312
6,0,4,6, 0.054029481809
6,0,4,9, 0.098422989624
6,0,5,0, 0.349413509138
6,0,5,1, 0.244177667436
6,0,5,4, 0.227715653312
6,0,5,5, 0.425929872306
6,0,5,6, 0.259222926888
6,0,5,9,-0.056200067530
6,0,6,0, 0.253746132181
6,0,6,1, 0.281787586641
6,0,6,4, 0.054029481809
6,0,6,5, 0.259222926888
6,0,6,6, 0.288694152411
6,0,6,9,-0.041941747938
6,0,7,2, 0.308623575325
6,0,7,7, 0.393923125795
6,0,8,3, 0.308623575325
6,0,8,8, 0.393923125795
6,0,9,0,-0.267969031556
6,0,9,1,-0.082837658626
6,0,9,4, 0.098422989624
6,0,9,5,-0.056200067530
6,0,9,6,-0.041941747938
6,0,9,9, 0.409705579316
6,1,0,0, 0.475021300024
6,1,0,1, 0.303923932292
6,1,0,4, 0.018588207526
6,1,0,5, 0.371175925779
6,1,0,6, 0.281787586641
6,1,0,9,-0.255884785791
6,1,1,0, 0.303923932292
6,1,1,1, 0.371097378172
6,1,1,4, 0.015622560021
6,1,1,5, 0.281787586641
6,1,1,6, 0.355458888891
6,1,1,9,-0.066503072330
6,1,2,2, 0.459851021295
6,1,2,7, 0.342851073138
6,1,3,3, 0.459851021295
6,1,3,8, 0.342851073138
6,1,4,0, 0.018588207526
6,1,4,1, 0.015622560021
6,1,4,4, 0.461057138192
6,1,4,5, 0.255884785791
6,1,4,6, 0.066503072330
6,1,4,9, 0.121269939096
6,1,5,0, 0.371175925779
6,1,5,1, 0.281787586641
6,1,5,4, 0.255884785791
6,1,5,5, 0.475021300024
6,1,5,6, 0.303923932292
6,1,5,9,-0.018588207526
6,1,6,0, 0.281787586641
6,1,6,1, 0.355458888891
6,1,6,4, 0.066503072330
6,1,6,5, 0.303923932292
6,1,6,6, 0.371097378172
6,1,6,9,-0.015622560021
6,1,7,2, 0.342851073138
6,1,7,7, 0.459851021295
6,1,8,3, 0.342851073138
6,1,8,8, 0.459851021295
6,1,9,0,-0.255884785791
6,1,9,1,-0.066503072330
6,1,9,4, 0.121269939096
6,1,9,5,-0.018588207526
6,1,9,6,-0.015622560021
6,1,9,9, 0.461057138192
6,2,0,2, 0.092277819986
6,2,0,7, 0.067896675453
6,2,1,2, 0.066034948827
6,2,1,7, 0.054482930600
6,2,2,0, 0.092277819986
6,2,2,1, 0.066034948827
6,2,2,4, 0.004632261310
6,2,2,5, 0.069626323361
6,2,2,6, 0.060716250856
6,2,2,9,-0.060262976414
6,2,4,2, 0.004632261310
6,2,4,7, 0.043945910986
6,2,5,2, 0.069626323361
6,2,5,7, 0.076888543715
6,2,6,2, 0.060716250856
6,2,6,7, 0.056767162046
6,2,7,0, 0.067896675453
6,2,7,1, 0.054482930600
6,2,7,4, 0.043945910986
6,2,7,5, 0.076888543715
6,2,7,6, 0.056767162046
6,2,7,9,-0.021967734567
6,2,9,2,-0.060262976414
6,2,9,7,-0.021967734567
6,3,0,3, 0.092277819986
6,3,0,8, 0.067896675453
6,3,1,3, 0.066034948827
6,3,1,8, 0.054482930600
6,3,3,0, 0.092277819986
6,3,3,1, 0.066034948827
6,3,3,4, 0.004632261310
6,3,3,5, 0.069626323361
6,3,3,6, 0.060716250856
6,3,3,9,-0.060262976414
6,3,4,3, 0.004632261310
6,3,4,8, 0.043945910986
6,3,5,3, 0.069626323361
6,3,5,8, 0.076888543715
6,3,6,3, 0.060716250856
6,3,6,8, 0.056767162046
6,3,8,0, 0.067896675453
6,3,8,1, 0.054482930600
6,3,8,4, 0.043945910986
6,3,8,5, 0.076888543715
6,3,8,6, 0.056767162046
6,3,8,9,-0.021967734567
6,3,9,3,-0.060262976414
6,3,9,8,-0.021967734567
6,4,0,0, 0.077068874633
6,4,0,1, 0.048197431959
6,4,0,4, 0.094021646944
6,4,0,5, 0.106602470518
6,4,0,6, 0.054029481809
6,4,0,9,-0.020475922251
6,4,1,0, 0.048197431959
6,4,1,1, 0.055081084064
6,4,1,4, 0.067407243408
6,4,1,5, 0.082837658626
6,4,1,6, 0.066503072330
6,4,1,9, 0.016580512671
6,4,2,2, 0.071294514833
6,4,2,7, 0.092486505159
6,4,3,3, 0.071294514833
6,4,3,8, 0.092486505159
6,4,4,0, 0.094021646944
6,4,4,1, 0.067407243408
6,4,4,4, 0.080634550730
6,4,4,5, 0.139940042858
6,4,4,6, 0.071527448788
6,4,4,9, 0.010128050847
6,4,5,0, 0.106602470518
6,4,5,1, 0.082837658626
6,4,5,4, 0.139940042858
6,4,5,5, 0.184062231204
6,4,5,6, 0.096125990372
6,4,5,9, 0.034985149355
6,4,6,0, 0.054029481809
6,4,6,1, 0.066503072330
6,4,6,4, 0.071527448788
6,4,6,5, 0.096125990372
6,4,6,6, 0.081942353236
6,4,6,9, 0.029327730240
6,4,7,2, 0.092486505159
6,4,7,7, 0.161305230995
6,4,8,3, 0.092486505159
6,4,8,8, 0.161305230995
6,4,9,0,-0.020475922251
6,4,9,1, 0.016580512671
6,4,9,4, 0.010128050847
6,4,9,5, 0.034985149355
6,4,9,6, 0.029327730240
6,4,9,9, 0.131468327359
6,5,0,0, 0.446167077780
6,5,0,1, 0.273657414978
6,5,0,4, 0.069690980046
6,5,0,5, 0.373545959026
6,5,0,6, 0.259222926888
6,5,0,9,-0.231843185112
6,5,1,0, 0.273657414978
6,5,1,1, 0.308568313416
6,5,1,4, 0.052703475825
6,5,1,5, 0.275051894307
6,5,1,6, 0.303923932292
6,5,1,9,-0.048197431959
6,5,2,2, 0.413368483818
6,5,2,7, 0.329941955495
6,5,3,3, 0.413368483818
6,5,3,8, 0.329941955495
6,5,4,0, 0.069690980046
6,5,4,1, 0.052703475825
6,5,4,4, 0.435428894354
6,5,4,5, 0.296843119722
6,5,4,6, 0.096125990372
6,5,4,9, 0.107977252317
6,5,5,0, 0.373545959026
6,5,5,1, 0.275051894307
6,5,5,4, 0.296843119722
6,5,5,5, 0.504699283325
6,5,5,6, 0.300015949963
6,5,6,0, 0.259222926888
6,5,6,1, 0.303923932292
6,5,6,4, 0.096125990372
6,5,6,5, 0.300015949963
6,5,6,6, 0.324022459289
6,5,7,2, 0.329941955495
6,5,7,7, 0.462081934851
6,5,8,3, 0.329941955495
6,5,8,8, 0.462081934851
6,5,9,0,-0.231843185112
6,5,9,1,-0.048197431959
6,5,9,4, 0.107977252317
6,5,9,9, 0.462081934851
6,6,0,0, 0.479743941137
6,6,0,1, 0.308568313416
6,6,0,4, 0.036248707712
6,6,0,5, 0.385413543171
6,6,0,6, 0.288694152411
6,6,0,9,-0.250370835732
6,6,1,0, 0.308568313416
6,6,1,1, 0.380970100791
6,6,1,4, 0.030634802077
6,6,1,5, 0.297595416447
6,6,1,6, 0.371097378172
6,6,1,9,-0.055081084064
6,6,2,2, 0.464679419838
6,6,2,7, 0.355977159568
6,6,3,3, 0.464679419838
6,6,3,8, 0.355977159568
6,6,4,0, 0.036248707712
6,6,4,1, 0.030634802077
6,6,4,4, 0.469303436569
6,6,4,5, 0.280427547581
6,6,4,6, 0.081942353236
6,6,4,9, 0.126982242223
6,6,5,0, 0.385413543171
6,6,5,1, 0.297595416447
6,6,5,4, 0.280427547581
6,6,5,5, 0.507364877272
6,6,5,6, 0.324022459289
6,6,6,0, 0.288694152411
6,6,6,1, 0.371097378172
6,6,6,4, 0.081942353236
6,6,6,5, 0.324022459289
6,6,6,6, 0.394125899248
6,6,7,2, 0.355977159568
6,6,7,7, 0.491073083906
6,6,8,3, 0.355977159568
6,6,8,8, 0.491073083906
6,6,9,0,-0.250370835732
6,6,9,1,-0.055081084064
6,6,9,4, 0.126982242223
6,6,9,9, 0.491073083906
6,7,0,2, 0.078595653814
6,7,0,7, 0.074101711219
6,7,1,2, 0.058671147065
6,7,1,7, 0.066034948827
6,7,2,0, 0.078595653814
6,7,2,1, 0.058671147065
6,7,2,4, 0.025762276988
6,7,2,5, 0.071530988189
6,7,2,6, 0.056767162046
6,7,2,9,-0.043043477831
6,7,4,2, 0.025762276988
6,7,4,7, 0.067085596674
6,7,5,2, 0.071530988189
6,7,5,7, 0.101353944495
6,7,6,2, 0.056767162046
6,7,6,7, 0.072461555243
6,7,7,0, 0.074101711219
6,7,7,1, 0.066034948827
6,7,7,4, 0.067085596674
6,7,7,5, 0.101353944495
6,7,7,6, 0.072461555243
6,7,9,2,-0.043043477831
6,8,0,3, 0.078595653814
6,8,0,8, 0.074101711219
6,8,1,3, 0.058671147065
6,8,1,8, 0.066034948827
6,8,3,0, 0.078595653814
6,8,3,1, 0.058671147065
6,8,3,4, 0.025762276988
6,8,3,5, 0.071530988189
6,8,3,6, 0.056767162046
6,8,3,9,-0.043043477831
6,8,4,3, 0.025762276988
6,8,4,8, 0.067085596674
6,8,5,3, 0.071530988189
6,8,5,8, 0.101353944495
6,8,6,3, 0.056767162046
6,8,6,8, 0.072461555243
6,8,8,0, 0.074101711219
6,8,8,1, 0.066034948827
6,8,8,4, 0.067085596674
6,8,8,5, 0.101353944495
6,8,8,6, 0.072461555243
6,8,9,3,-0.043043477831
6,9,0,0,-0.114916772558
6,9,0,1,-0.052703475825
6,9,0,4, 0.039724763560
6,9,0,5,-0.050537647726
6,9,0,6,-0.041941747938
6,9,0,9, 0.105955353701
6,9,1,0,-0.052703475825
6,9,1,1,-0.030634802077
6,9,1,4, 0.034428528526
6,9,1,5,-0.010439669501
6,9,1,6,-0.015622560021
6,9,1,9, 0.067407243408
6,9,2,2,-0.097198163123
6,9,2,7,-0.043043477831
6,9,3,3,-0.097198163123
6,9,3,8,-0.043043477831
6,9,4,0, 0.039724763560
6,9,4,1, 0.034428528526
6,9,4,4,-0.061872932106
6,9,4,5, 0.021962551852
6,9,4,6, 0.029327730240
6,9,4,9, 0.012948033265
6,9,5,0,-0.050537647726
6,9,5,1,-0.010439669501
6,9,5,4, 0.021962551852
6,9,5,9, 0.101353944495
6,9,6,0,-0.041941747938
6,9,6,1,-0.015622560021
6,9,6,4, 0.029327730240
6,9,6,9, 0.072461555243
6,9,7,2,-0.043043477831
6,9,8,3,-0.043043477831
6,9,9,0, 0.105955353701
6,9,9,1, 0.067407243408
6,9,9,4, 0.012948033265
6,9,9,5, 0.101353944495
6,9,9,6, 0.072461555243
7,0,0,2, 0.105032749828
7,0,0,7, 0.088723898741
7,0,1,2, 0.071530988189
7,0,1,7, 0.069626323361
7,0,2,0, 0.105032749828
7,0,2,1, 0.071530988189
7,0,2,4, 0.025742750960
7,0,2,5, 0.088198520286
7,0,2,6, 0.067896675453
7,0,2,9,-0.066317281412
7,0,4,2, 0.025742750960
7,0,4,7, 0.070634011094
7,0,5,2, 0.088198520286
7,0,5,7, 0.109118918631
7,0,6,2, 0.067896675453
7,0,6,7, 0.074101711219
7,0,7,0, 0.088723898741
7,0,7,1, 0.069626323361
7,0,7,4, 0.070634011094
7,0,7,5, 0.109118918631
7,0,7,6, 0.074101711219
7,0,7,9,-0.020979318467
7,0,9,2,-0.066317281412
7,0,9,7,-0.020979318467
7,1,0,2, 0.076888543715
7,1,0,7, 0.069626323361
7,1,1,2, 0.056767162046
7,1,1,7, 0.060716250856
7,1,2,0, 0.076888543715
7,1,2,1, 0.056767162046
7,1,2,4, 0.021967734567
7,1,2,5, 0.067896675453
7,1,2,6, 0.054482930600
7,1,2,9,-0.043945910986
7,1,4,2, 0.021967734567
7,1,4,7, 0.060262976414
7,1,5,2, 0.067896675453
7,1,5,7, 0.092277819986
7,1,6,2, 0.054482930600
7,1,6,7, 0.066034948827
7,1,7,0, 0.069626323361
7,1,7,1, 0.060716250856
7,1,7,4, 0.060262976414
7,1,7,5, 0.092277819986
7,1,7,6, 0.066034948827
7,1,7,9,-0.004632261310
7,1,9,2,-0.043945910986
7,1,9,7,-0.004632261310
7,2,0,0, 0.547366234077
7,2,0,1, 0.329941955495
7,2,0,4, 0.059182236441
7,2,0,5, 0.435140903802
7,2,0,6, 0.308623575325
7,2,0,9,-0.310984564369
7,2,1,0, 0.329941955495
7,2,1,1, 0.355977159568
7,2,1,4, 0.043043477831
7,2,1,5, 0.308623575325
7,2,1,6, 0.342851073138
7,2,1,9,-0.092486505159
7,2,2,2, 0.552598044987
7,2,2,7, 0.424650319148
7,2,3,3, 0.489193746731
7,2,3,8, 0.372652320885
7,2,4,0, 0.059182236441
7,2,4,1, 0.043043477831
7,2,4,4, 0.501803059939
7,2,4,5, 0.310984564369
7,2,4,6, 0.092486505159
7,2,4,9, 0.106018372005
7,2,5,0, 0.435140903802
7,2,5,1, 0.308623575325
7,2,5,4, 0.310984564369
7,2,5,5, 0.547366234077
7,2,5,6, 0.329941955495
7,2,5,9,-0.059182236441
7,2,6,0, 0.308623575325
7,2,6,1, 0.342851073138
7,2,6,4, 0.092486505159
7,2,6,5, 0.329941955495
7,2,6,6, 0.355977159568
7,2,6,9,-0.043043477831
7,2,7,2, 0.424650319148
7,2,7,7, 0.552598044987
7,2,8,3, 0.372652320885
7,2,8,8, 0.489193746731
7,2,9,0,-0.310984564369
7,2,9,1,-0.092486505159
7,2,9,4, 0.106018372005
7,2,9,5,-0.059182236441
7,2,9,6,-0.043043477831
7,2,9,9, 0.501803059939
7,3,2,3, 0.031702149128
7,3,2,8, 0.025998999132
7,3,3,2, 0.031702149128
7,3,3,7, 0.025998999132
7,3,7,3, 0.025998999132
7,3,7,8, 0.031702149128
7,3,8,2, 0.025998999132
7,3,8,7, 0.031702149128
7,4,0,2, 0.059182236441
7,4,0,7, 0.070634011094
7,4,1,2, 0.043043477831
7,4,1,7, 0.060262976414
7,4,2,0, 0.059182236441
7,4,2,1, 0.043043477831
7,4,2,4, 0.044311462335
7,4,2,5, 0.066317281412
7,4,2,6, 0.043945910986
7,4,2,9,-0.027327790644
7,4,4,2, 0.044311462335
7,4,4,7, 0.079325788908
7,4,5,2, 0.066317281412
7,4,5,7, 0.105776935338
7,4,6,2, 0.043945910986
7,4,6,7, 0.067085596674
7,4,7,0, 0.070634011094
7,4,7,1, 0.060262976414
7,4,7,4, 0.079325788908
7,4,7,5, 0.105776935338
7,4,7,6, 0.067085596674
7,4,7,9, 0.005296717957
7,4,9,2,-0.027327790644
7,4,9,7, 0.005296717957
7,5,0,2, 0.110112935442
7,5,0,7, 0.109118918631
7,5,1,2, 0.078595653814
7,5,1,7, 0.092277819986
7,5,2,0, 0.110112935442
7,5,2,1, 0.078595653814
7,5,2,4, 0.046298151803
7,5,2,5, 0.105032749828
7,5,2,6, 0.076888543715
7,5,2,9,-0.059182236441
7,5,4,2, 0.046298151803
7,5,4,7, 0.105776935338
7,5,5,2, 0.105032749828
7,5,5,7, 0.152608082603
7,5,6,2, 0.076888543715
7,5,6,7, 0.101353944495
7,5,7,0, 0.109118918631
7,5,7,1, 0.092277819986
7,5,7,4, 0.105776935338
7,5,7,5, 0.152608082603
7,5,7,6, 0.101353944495
7,5,9,2,-0.059182236441
7,6,0,2, 0.078595653814
7,6,0,7, 0.074101711219
7,6,1,2, 0.058671147065
7,6,1,7, 0.066034948827
7,6,2,0, 0.078595653814
7,6,2,1, 0.058671147065
7,6,2,4, 0.025762276988
7,6,2,5, 0.071530988189
7,6,2,6, 0.056767162046
7,6,2,9,-0.043043477831
7,6,4,2, 0.025762276988
7,6,4,7, 0.067085596674
7,6,5,2, 0.071530988189
7,6,5,7, 0.101353944495
7,6,6,2, 0.056767162046
7,6,6,7, 0.072461555243
7,6,7,0, 0.074101711219
7,6,7,1, 0.066034948827
7,6,7,4, 0.067085596674
7,6,7,5, 0.101353944495
7,6,7,6, 0.072461555243
7,6,9,2,-0.043043477831
7,7,0,0, 0.666696068207
7,7,0,1, 0.413368483818
7,7,0,4, 0.127936357439
7,7,0,5, 0.570036762131
7,7,0,6, 0.393923125795
7,7,0,9,-0.342517542143
7,7,1,0, 0.413368483818
7,7,1,1, 0.464679419838
7,7,1,4, 0.097198163123
7,7,1,5, 0.423311766749
7,7,1,6, 0.459851021295
7,7,1,9,-0.071294514833
7,7,2,2, 0.665612890452
7,7,2,7, 0.552598044987
7,7,3,3, 0.603068846912
7,7,3,8, 0.489193746731
7,7,4,0, 0.127936357439
7,7,4,1, 0.097198163123
7,7,4,4, 0.653674536589
7,7,4,5, 0.466168808676
7,7,4,6, 0.161305230995
7,7,4,9, 0.154097459562
7,7,5,0, 0.570036762131
7,7,5,1, 0.423311766749
7,7,5,4, 0.466168808676
7,7,5,5, 0.775037038942
7,7,5,6, 0.462081934851
7,7,6,0, 0.393923125795
7,7,6,1, 0.459851021295
7,7,6,4, 0.161305230995
7,7,6,5, 0.462081934851
7,7,6,6, 0.491073083906
7,7,7,2, 0.552598044987
7,7,7,7, 0.785718708997
7,7,8,3, 0.489193746731
7,7,8,8, 0.689508254834
7,7,9,0,-0.342517542143
7,7,9,1,-0.071294514833
7,7,9,4, 0.154097459562
7,7,9,9, 0.689508254834
7,8,2,3, 0.031272021770
7,8,2,8, 0.031702149128
7,8,3,2, 0.031272021770
7,8,3,7, 0.031702149128
7,8,7,3, 0.031702149128
7,8,7,8, 0.048105227081
7,8,8,2, 0.031702149128
7,8,8,7, 0.048105227081
7,9,0,2,-0.046298151803
7,9,0,7,-0.020979318467
7,9,1,2,-0.025762276988
7,9,1,7,-0.004632261310
7,9,2,0,-0.046298151803
7,9,2,1,-0.025762276988
7,9,2,4, 0.004906908577
7,9,2,5,-0.025742750960
7,9,2,6,-0.021967734567
7,9,2,9, 0.044311462335
7,9,4,2, 0.004906908577
7,9,4,7, 0.005296717957
7,9,5,2,-0.025742750960
7,9,6,2,-0.021967734567
7,9,7,0,-0.020979318467
7,9,7,1,-0.004632261310
7,9,7,4, 0.005296717957
7,9,7,9, 0.048105227081
7,9,9,2, 0.044311462335
7,9,9,7, 0.048105227081
8,0,0,3, 0.105032749828
8,0,0,8, 0.088723898741
8,0,1,3, 0.071530988189
8,0,1,8, 0.069626323361
8,0,3,0, 0.105032749828
8,0,3,1, 0.071530988189
8,0,3,4, 0.025742750960
8,0,3,5, 0.088198520286
8,0,3,6, 0.067896675453
8,0,3,9,-0.066317281412
8,0,4,3, 0.025742750960
8,0,4,8, 0.070634011094
8,0,5,3, 0.088198520286
8,0,5,8, 0.109118918631
8,0,6,3, 0.067896675453
8,0,6,8, 0.074101711219
8,0,8,0, 0.088723898741
8,0,8,1, 0.069626323361
8,0,8,4, 0.070634011094
8,0,8,5, 0.109118918631
8,0,8,6, 0.074101711219
8,0,8,9,-0.020979318467
8,0,9,3,-0.066317281412
8,0,9,8,-0.020979318467
8,1,0,3, 0.076888543715
8,1,0,8, 0.069626323361
8,1,1,3, 0.056767162046
8,1,1,8, 0.060716250856
8,1,3,0, 0.076888543715
8,1,3,1, 0.056767162046
8,1,3,4, 0.021967734567
8,1,3,5, 0.067896675453
8,1,3,6, 0.054482930600
8,1,3,9,-0.043945910986
8,1,4,3, 0.021967734567
8,1,4,8, 0.060262976414
8,1,5,3, 0.067896675453
8,1,5,8, 0.092277819986
8,1,6,3, 0.054482930600
8,1,6,8, 0.066034948827
8,1,8,0, 0.069626323361
8,1,8,1, 0.060716250856
8,1,8,4, 0.060262976414
8,1,8,5, 0.092277819986
8,1,8,6, 0.066034948827
8,1,8,9,-0.004632261310
8,1,9,3,-0.043945910986
8,1,9,8,-0.004632261310
8,2,2,3, 0.031702149128
8,2,2,8, 0.025998999132
8,2,3,2, 0.031702149128
8,2,3,7, 0.025998999132
8,2,7,3, 0.025998999132
8,2,7,8, 0.031702149128
8,2,8,2, 0.025998999132
8,2,8,7, 0.031702149128
8,3,0,0, 0.547366234077
8,3,0,1, 0.329941955495
8,3,0,4, 0.059182236441
8,3,0,5, 0.435140903802
8,3,0,6, 0.308623575325
8,3,0,9,-0.310984564369
8,3,1,0, 0.329941955495
8,3,1,1, 0.355977159568
8,3,1,4, 0.043043477831
8,3,1,5, 0.308623575325
8,3,1,6, 0.342851073138
8,3,1,9,-0.092486505159
8,3,2,2, 0.489193746731
8,3,2,7, 0.372652320885
8,3,3,3, 0.552598044987
8,3,3,8, 0.424650319148
8,3,4,0, 0.059182236441
8,3,4,1, 0.043043477831
8,3,4,4, 0.501803059939
8,3,4,5, 0.310984564369
8,3,4,6, 0.092486505159
8,3,4,9, 0.106018372005
8,3,5,0, 0.435140903802
8,3,5,1, 0.308623575325
8,3,5,4, 0.310984564369
8,3,5,5, 0.547366234077
8,3,5,6, 0.329941955495
8,3,5,9,-0.059182236441
8,3,6,0, 0.308623575325
8,3,6,1, 0.342851073138
8,3,6,4, 0.092486505159
8,3,6,5, 0.329941955495
8,3,6,6, 0.355977159568
8,3,6,9,-0.043043477831
8,3,7,2, 0.372652320885
8,3,7,7, 0.489193746731
8,3,8,3, 0.424650319148
8,3,8,8, 0.552598044987
8,3,9,0,-0.310984564369
8,3,9,1,-0.092486505159
8,3,9,4, 0.106018372005
8,3,9,5,-0.059182236441
8,3,9,6,-0.043043477831
8,3,9,9, 0.501803059939
8,4,0,3, 0.059182236441
8,4,0,8, 0.070634011094
8,4,1,3, 0.043043477831
8,4,1,8, 0.060262976414
8,4,3,0, 0.059182236441
8,4,3,1, 0.043043477831
8,4,3,4, 0.044311462335
8,4,3,5, 0.066317281412
8,4,3,6, 0.043945910986
8,4,3,9,-0.027327790644
8,4,4,3, 0.044311462335
8,4,4,8, 0.079325788908
8,4,5,3, 0.066317281412
8,4,5,8, 0.105776935338
8,4,6,3, 0.043945910986
8,4,6,8, 0.067085596674
8,4,8,0, 0.070634011094
8,4,8,1, 0.060262976414
8,4,8,4, 0.079325788908
8,4,8,5, 0.105776935338
8,4,8,6, 0.067085596674
8,4,8,9, 0.005296717957
8,4,9,3,-0.027327790644
8,4,9,8, 0.005296717957
8,5,0,3, 0.110112935442
8,5,0,8, 0.109118918631
8,5,1,3, 0.078595653814
8,5,1,8, 0.092277819986
8,5,3,0, 0.110112935442
8,5,3,1, 0.078595653814
8,5,3,4, 0.046298151803
8,5,3,5, 0.105032749828
8,5,3,6, 0.076888543715
8,5,3,9,-0.059182236441
8,5,4,3, 0.046298151803
8,5,4,8, 0.105776935338
8,5,5,3, 0.105032749828
8,5,5,8, 0.152608082603
8,5,6,3, 0.076888543715
8,5,6,8, 0.101353944495
8,5,8,0, 0.109118918631
8,5,8,1, 0.092277819986
8,5,8,4, 0.105776935338
8,5,8,5, 0.152608082603
8,5,8,6, 0.101353944495
8,5,9,3,-0.059182236441
8,6,0,3, 0.078595653814
8,6,0,8, 0.074101711219
8,6,1,3, 0.058671147065
8,6,1,8, 0.066034948827
8,6,3,0, 0.078595653814
8,6,3,1, 0.058671147065
8,6,3,4, 0.025762276988
8,6,3,5, 0.071530988189
8,6,3,6, 0.056767162046
8,6,3,9,-0.043043477831
8,6,4,3, 0.025762276988
8,6,4,8, 0.067085596674
8,6,5,3, 0.071530988189
8,6,5,8, 0.101353944495
8,6,6,3, 0.056767162046
8,6,6,8, 0.072461555243
8,6,8,0, 0.074101711219
8,6,8,1, 0.066034948827
8,6,8,4, 0.067085596674
8,6,8,5, 0.101353944495
8,6,8,6, 0.072461555243
8,6,9,3,-0.043043477831
8,7,2,3, 0.031272021770
8,7,2,8, 0.031702149128
8,7,3,2, 0.031272021770
8,7,3,7, 0.031702149128
8,7,7,3, 0.031702149128
8,7,7,8, 0.048105227081
8,7,8,2, 0.031702149128
8,7,8,7, 0.048105227081
8,8,0,0, 0.666696068207
8,8,0,1, 0.413368483818
8,8,0,4, 0.127936357439
8,8,0,5, 0.570036762131
8,8,0,6, 0.393923125795
8,8,0,9,-0.342517542143
8,8,1,0, 0.413368483818
8,8,1,1, 0.464679419838
8,8,1,4, 0.097198163123
8,8,1,5, 0.423311766749
8,8,1,6, 0.459851021295
8,8,1,9,-0.071294514833
8,8,2,2, 0.603068846912
8,8,2,7, 0.489193746731
8,8,3,3, 0.665612890452
8,8,3,8, 0.552598044987
8,8,4,0, 0.127936357439
8,8,4,1, 0.097198163123
8,8,4,4, 0.653674536589
8,8,4,5, 0.466168808676
8,8,4,6, 0.161305230995
8,8,4,9, 0.154097459562
8,8,5,0, 0.570036762131
8,8,5,1, 0.423311766749
8,8,5,4, 0.466168808676
8,8,5,5, 0.775037038942
8,8,5,6, 0.462081934851
8,8,6,0, 0.393923125795
8,8,6,1, 0.459851021295
8,8,6,4, 0.161305230995
8,8,6,5, 0.462081934851
8,8,6,6, 0.491073083906
8,8,7,2, 0.489193746731
8,8,7,7, 0.689508254834
8,8,8,3, 0.552598044987
8,8,8,8, 0.785718708997
8,8,9,0,-0.342517542143
8,8,9,1,-0.071294514833
8,8,9,4, 0.154097459562
8,8,9,9, 0.689508254834
8,9,0,3,-0.046298151803
8,9,0,8,-0.020979318467
8,9,1,3,-0.025762276988
8,9,1,8,-0.004632261310
8,9,3,0,-0.046298151803
8,9,3,1,-0.025762276988
8,9,3,4, 0.004906908577
8,9,3,5,-0.025742750960
8,9,3,6,-0.021967734567
8,9,3,9, 0.044311462335
8,9,4,3, 0.004906908577
8,9,4,8, 0.005296717957
8,9,5,3,-0.025742750960
8,9,6,3,-0.021967734567
8,9,8,0,-0.020979318467
8,9,8,1,-0.004632261310
8,9,8,4, 0.005296717957
8,9,8,9, 0.048105227081
8,9,9,3, 0.044311462335
8,9,9,8, 0.048105227081
9,0,0,0,-0.550329427672
9,0,0,1,-0.296843119722
9,0,0,4, 0.027071996679
9,0,0,5,-0.372081441504
9,0,0,6,-0.267969031556
9,0,0,9, 0.364802592280
9,0,1,0,-0.296843119722
9,0,1,1,-0.280427547581
9,0,1,4, 0.021962551852
9,0,1,5,-0.227715653312
9,0,1,6,-0.255884785791
9,0,1,9, 0.139940042858
9,0,2,2,-0.466168808676
9,0,2,7,-0.310984564369
9,0,3,3,-0.466168808676
9,0,3,8,-0.310984564369
9,0,4,0, 0.027071996679
9,0,4,1, 0.021962551852
9,0,4,4,-0.434930536338
9,0,4,5,-0.179964966737
9,0,4,6,-0.020475922251
9,0,4,9,-0.077397745684
9,0,5,0,-0.372081441504
9,0,5,1,-0.227715653312
9,0,5,4,-0.179964966737
9,0,5,5,-0.384799188538
9,0,5,6,-0.231843185112
9,0,5,9, 0.154321964921
9,0,6,0,-0.267969031556
9,0,6,1,-0.255884785791
9,0,6,4,-0.020475922251
9,0,6,5,-0.231843185112
9,0,6,6,-0.250370835732
9,0,6,9, 0.105955353701
9,0,7,2,-0.310984564369
9,0,7,7,-0.342517542143
9,0,8,3,-0.310984564369
9,0,8,8,-0.342517542143
9,0,9,0, 0.364802592280
9,0,9,1, 0.139940042858
9,0,9,4,-0.077397745684
9,0,9,5, 0.154321964921
9,0,9,6, 0.105955353701
9,0,9,9,-0.398743994491
9,1,0,0,-0.184062231204
9,1,0,1,-0.096125990372
9,1,0,4, 0.034985149355
9,1,0,5,-0.106602470518
9,1,0,6,-0.082837658626
9,1,0,9, 0.139940042858
9,1,1,0,-0.096125990372
9,1,1,1,-0.081942353236
9,1,1,4, 0.029327730240
9,1,1,5,-0.054029481809
9,1,1,6,-0.066503072330
9,1,1,9, 0.071527448788
9,1,2,2,-0.161305230995
9,1,2,7,-0.092486505159
9,1,3,3,-0.161305230995
9,1,3,8,-0.092486505159
9,1,4,0, 0.034985149355
9,1,4,1, 0.029327730240
9,1,4,4,-0.131468327359
9,1,4,5,-0.020475922251
9,1,4,6, 0.016580512671
9,1,4,9,-0.010128050847
9,1,5,0,-0.106602470518
9,1,5,1,-0.054029481809
9,1,5,4,-0.020475922251
9,1,5,5,-0.077068874633
9,1,5,6,-0.048197431959
9,1,5,9, 0.094021646944
9,1,6,0,-0.082837658626
9,1,6,1,-0.066503072330
9,1,6,4, 0.016580512671
9,1,6,5,-0.048197431959
9,1,6,6,-0.055081084064
9,1,6,9, 0.067407243408
9,1,7,2,-0.092486505159
9,1,7,7,-0.071294514833
9,1,8,3,-0.092486505159
9,1,8,8,-0.071294514833
9,1,9,0, 0.139940042858
9,1,9,1, 0.071527448788
9,1,9,4,-0.010128050847
9,1,9,5, 0.094021646944
9,1,9,6, 0.067407243408
9,1,9,9,-0.080634550730
9,2,0,2,-0.105776935338
9,2,0,7,-0.066317281412
9,2,1,2,-0.067085596674
9,2,1,7,-0.043945910986
9,2,2,0,-0.105776935338
9,2,2,1,-0.067085596674
9,2,2,4, 0.005296717957
9,2,2,5,-0.070634011094
9,2,2,6,-0.060262976414
9,2,2,9, 0.079325788908
9,2,4,2, 0.005296717957
9,2,4,7,-0.027327790644
9,2,5,2,-0.070634011094
9,2,5,7,-0.059182236441
9,2,6,2,-0.060262976414
9,2,6,7,-0.043043477831
9,2,7,0,-0.066317281412
9,2,7,1,-0.043945910986
9,2,7,4,-0.027327790644
9,2,7,5,-0.059182236441
9,2,7,6,-0.043043477831
9,2,7,9, 0.044311462335
9,2,9,2, 0.079325788908
9,2,9,7, 0.044311462335
9,3,0,3,-0.105776935338
9,3,0,8,-0.066317281412
9,3,1,3,-0.067085596674
9,3,1,8,-0.043945910986
9,3,3,0,-0.105776935338
9,3,3,1,-0.067085596674
9,3,3,4, 0.005296717957
9,3,3,5,-0.070634011094
9,3,3,6,-0.060262976414
9,3,3,9, 0.079325788908
9,3,4,3, 0.005296717957
9,3,4,8,-0.027327790644
9,3,5,3,-0.070634011094
9,3,5,8,-0.059182236441
9,3,6,3,-0.060262976414
9,3,6,8,-0.043043477831
9,3,8,0,-0.066317281412
9,3,8,1,-0.043945910986
9,3,8,4,-0.027327790644
9,3,8,5,-0.059182236441
9,3,8,6,-0.043043477831
9,3,8,9, 0.044311462335
9,3,9,3, 0.079325788908
9,3,9,8, 0.044311462335
9,4,0,0, 0.167583389515
9,4,0,1, 0.107977252317
9,4,0,4,-0.033186639082
9,4,0,5, 0.121281458846
9,4,0,6, 0.098422989624
9,4,0,9,-0.077397745684
9,4,1,0, 0.107977252317
9,4,1,1, 0.126982242223
9,4,1,4,-0.012948033265
9,4,1,5, 0.098422989624
9,4,1,6, 0.121269939096
9,4,1,9,-0.010128050847
9,4,2,2, 0.154097459562
9,4,2,7, 0.106018372005
9,4,3,3, 0.154097459562
9,4,3,8, 0.106018372005
9,4,4,0,-0.033186639082
9,4,4,1,-0.012948033265
9,4,4,4, 0.192155592521
9,4,4,5, 0.077397745684
9,4,4,6, 0.010128050847
9,4,4,9, 0.088264758596
9,4,5,0, 0.121281458846
9,4,5,1, 0.098422989624
9,4,5,4, 0.077397745684
9,4,5,5, 0.167583389515
9,4,5,6, 0.107977252317
9,4,5,9, 0.033186639082
9,4,6,0, 0.098422989624
9,4,6,1, 0.121269939096
9,4,6,4, 0.010128050847
9,4,6,5, 0.107977252317
9,4,6,6, 0.126982242223
9,4,6,9, 0.012948033265
9,4,7,2, 0.106018372005
9,4,7,7, 0.154097459562
9,4,8,3, 0.106018372005
9,4,8,8, 0.154097459562
9,4,9,0,-0.077397745684
9,4,9,1,-0.010128050847
9,4,9,4, 0.088264758596
9,4,9,5, 0.033186639082
9,4,9,6, 0.012948033265
9,4,9,9, 0.192155592521
9,5,0,0,-0.162721048914
9,5,0,1,-0.069690980046
9,5,0,4, 0.041360008861
9,5,0,5,-0.074236438289
9,5,0,6,-0.056200067530
9,5,0,9, 0.154321964921
9,5,1,0,-0.069690980046
9,5,1,1,-0.036248707712
9,5,1,4, 0.039724763560
9,5,1,5,-0.013960417973
9,5,1,6,-0.018588207526
9,5,1,9, 0.094021646944
9,5,2,2,-0.127936357439
9,5,2,7,-0.059182236441
9,5,3,3,-0.127936357439
9,5,3,8,-0.059182236441
9,5,4,0, 0.041360008861
9,5,4,1, 0.039724763560
9,5,4,4,-0.073318823274
9,5,4,5, 0.027071996679
9,5,4,6, 0.034985149355
9,5,4,9, 0.033186639082
9,5,5,0,-0.074236438289
9,5,5,1,-0.013960417973
9,5,5,4, 0.027071996679
9,5,5,9, 0.152608082603
9,5,6,0,-0.056200067530
9,5,6,1,-0.018588207526
9,5,6,4, 0.034985149355
9,5,6,9, 0.101353944495
9,5,7,2,-0.059182236441
9,5,8,3,-0.059182236441
9,5,9,0, 0.154321964921
9,5,9,1, 0.094021646944
9,5,9,4, 0.033186639082
9,5,9,5, 0.152608082603
9,5,9,6, 0.101353944495
9,6,0,0,-0.114916772558
9,6,0,1,-0.052703475825
9,6,0,4, 0.039724763560
9,6,0,5,-0.050537647726
9,6,0,6,-0.041941747938
9,6,0,9, 0.105955353701
9,6,1,0,-0.052703475825
9,6,1,1,-0.030634802077
9,6,1,4, 0.034428528526
9,6,1,5,-0.010439669501
9,6,1,6,-0.015622560021
9,6,1,9, 0.067407243408
9,6,2,2,-0.097198163123
9,6,2,7,-0.043043477831
9,6,3,3,-0.097198163123
9,6,3,8,-0.043043477831
9,6,4,0, 0.039724763560
9,6,4,1, 0.034428528526
9,6,4,4,-0.061872932106
9,6,4,5, 0.021962551852
9,6,4,6, 0.029327730240
9,6,4,9, 0.012948033265
9,6,5,0,-0.050537647726
9,6,5,1,-0.010439669501
9,6,5,4, 0.021962551852
9,6,5,9, 0.101353944495
9,6,6,0,-0.041941747938
9,6,6,1,-0.015622560021
9,6,6,4, 0.029327730240
9,6,6,9, 0.072461555243
9,6,7,2,-0.043043477831
9,6,8,3,-0.043043477831
9,6,9,0, 0.105955353701
9,6,9,1, 0.067407243408
9,6,9,4, 0.012948033265
9,6,9,5, 0.101353944495
9,6,9,6, 0.072461555243
9,7,0,2,-0.046298151803
9,7,0,7,-0.020979318467
9,7,1,2,-0.025762276988
9,7,1,7,-0.004632261310
9,7,2,0,-0.046298151803
9,7,2,1,-0.025762276988
9,7,2,4, 0.004906908577
9,7,2,5,-0.025742750960
9,7,2,6,-0.021967734567
9,7,2,9, 0.044311462335
9,7,4,2, 0.004906908577
9,7,4,7, 0.005296717957
9,7,5,2,-0.025742750960
9,7,6,2,-0.021967734567
9,7,7,0,-0.020979318467
9,7,7,1,-0.004632261310
9,7,7,4, 0.005296717957
9,7,7,9, 0.048105227081
9,7,9,2, 0.044311462335
9,7,9,7, 0.048105227081
9,8,0,3,-0.046298151803
9,8,0,8,-0.020979318467
9,8,1,3,-0.025762276988
9,8,1,8,-0.004632261310
9,8,3,0,-0.046298151803
9,8,3,1,-0.025762276988
9,8,3,4, 0.004906908577
9,8,3,5,-0.025742750960
9,8,3,6,-0.021967734567
9,8,3,9, 0.044311462335
9,8,4,3, 0.004906908577
9,8,4,8, 0.005296717957
9,8,5,3,-0.025742750960
9,8,6,3,-0.021967734567
9,8,8,0,-0.020979318467
9,8,8,1,-0.004632261310
9,8,8,4, 0.005296717957
9,8,8,9, 0.048105227081
9,8,9,3, 0.044311462335
9,8,9,8, 0.048105227081
9,9,0,0, 0.740759686933
9,9,0,1, 0.435428894354
9,9,0,4, 0.073318823274
9,9,0,5, 0.590135207593
9,9,0,6, 0.409705579316
9,9,0,9,-0.398743994491
9,9,1,0, 0.435428894354
9,9,1,1, 0.469303436569
9,9,1,4, 0.061872932106
9,9,1,5, 0.424068654025
9,9,1,6, 0.461057138192
9,9,1,9,-0.080634550730
9,9,2,2, 0.653674536589
9,9,2,7, 0.501803059939
9,9,3,3, 0.653674536589
9,9,3,8, 0.501803059939
9,9,4,0, 0.073318823274
9,9,4,1, 0.061872932106
9,9,4,4, 0.685939240057
9,9,4,5, 0.434930536338
9,9,4,6, 0.131468327359
9,9,4,9, 0.192155592521
9,9,5,0, 0.590135207593
9,9,5,1, 0.424068654025
9,9,5,4, 0.434930536338
9,9,5,5, 0.775037038942
9,9,5,6, 0.462081934851
9,9,6,0, 0.409705579316
9,9,6,1, 0.461057138192
9,9,6,4, 0.131468327359
9,9,6,5, 0.462081934851
9,9,6,6, 0.491073083906
9,9,7,2, 0.501803059939
9,9,7,7, 0.689508254834
9,9,8,3, 0.501803059939
9,9,8,8, 0.689508254834
9,9,9,0,-0.398743994491
9,9,9,1,-0.080634550730
9,9,9,4, 0.192155592521
9,9,9,9, 0.785718708997
