0,0,0,0, 0.897251802255
0,0,0,1, 0.504699283325
0,0,0,5, 0.622764803000
0,0,0,6, 0.456713920918
0,0,0,9,-0.558398539309
0,0,1,0, 0.504699283325
0,0,1,1, 0.507364877272
0,0,1,5, 0.416695095291
0,0,1,6, 0.470831495617
0,0,1,9,-0.189969568873
0,0,2,2, 0.775037038942
0,0,2,7, 0.522386564768
0,0,3,3, 0.775037038942
0,0,3,8, 0.522386564768
0,0,4,4, 0.775037038942
0,0,4,5, 0.390678996518
0,0,4,6, 0.081097717787
0,0,4,9, 0.111390679265
0,0,5,0, 0.622764803000
0,0,5,1, 0.416695095291
0,0,5,4, 0.390678996518
0,0,5,5, 0.732173683778
0,0,5,6, 0.439415685889
0,0,5,9,-0.165716669634
0,0,6,0, 0.456713920918
0,0,6,1, 0.470831495617
0,0,6,4, 0.081097717787
0,0,6,5, 0.439415685889
0,0,6,6, 0.476234894359
0,0,6,9,-0.118271403675
0,0,7,2, 0.522386564768
0,0,7,7, 0.654549635314
0,0,8,3, 0.522386564768
0,0,8,8, 0.654549635314
0,0,9,0,-0.558398539309
0,0,9,1,-0.189969568873
0,0,9,4, 0.111390679265
0,0,9,5,-0.165716669634
0,0,9,6,-0.118271403675
0,0,9,9, 0.733463119304
0,1,0,0, 0.504699283325
0,1,0,1, 0.300015949963
0,1,0,5, 0.359614690141
0,1,0,6, 0.271852903000
0,1,0,9,-0.302053393530
0,1,1,0, 0.300015949963
0,1,1,1, 0.324022459289
0,1,1,5, 0.254280792799
0,1,1,6, 0.301316821481
0,1,1,9,-0.099763389112
0,1,2,2, 0.462081934851
0,1,2,7, 0.315330071516
0,1,3,3, 0.462081934851
0,1,3,8, 0.315330071516
0,1,4,4, 0.462081934851
0,1,4,5, 0.235959261858
0,1,4,6, 0.050720269221
0,1,4,9, 0.074709642161
0,1,5,0, 0.359614690141
0,1,5,1, 0.254280792799
0,1,5,4, 0.235959261858
0,1,5,5, 0.439415685889
0,1,5,6, 0.270474689323
0,1,5,9,-0.071901986170
0,1,6,0, 0.271852903000
0,1,6,1, 0.301316821481
0,1,6,4, 0.050720269221
0,1,6,5, 0.270474689323
0,1,6,6, 0.306590362583
0,1,6,9,-0.054700461471
0,1,7,2, 0.315330071516
0,1,7,7, 0.407624536463
0,1,8,3, 0.315330071516
0,1,8,8, 0.407624536463
0,1,9,0,-0.302053393530
0,1,9,1,-0.099763389112
0,1,9,4, 0.074709642161
0,1,9,5,-0.071901986170
0,1,9,6,-0.054700461471
0,1,9,9, 0.431515049442
0,2,0,2, 0.152608082603
0,2,0,7, 0.099916077064
0,2,1,2, 0.101353944495
0,2,1,7, 0.074122836550
0,2,2,0, 0.152608082603
0,2,2,1, 0.101353944495
0,2,2,5, 0.104470457670
0,2,2,6, 0.091119196595
0,2,2,9,-0.106782257679
0,2,4,7, 0.059843224015
0,2,5,2, 0.104470457670
0,2,5,7, 0.105604861310
0,2,6,2, 0.091119196595
0,2,6,7, 0.076030751228
0,2,7,0, 0.099916077064
0,2,7,1, 0.074122836550
0,2,7,4, 0.059843224015
0,2,7,5, 0.105604861310
0,2,7,6, 0.076030751228
0,2,7,9,-0.046676662057
0,2,9,2,-0.106782257679
0,2,9,7,-0.046676662057
0,3,0,3, 0.152608082603
0,3,0,8, 0.099916077064
0,3,1,3, 0.101353944495
0,3,1,8, 0.074122836550
0,3,3,0, 0.152608082603
0,3,3,1, 0.101353944495
0,3,3,5, 0.104470457670
0,3,3,6, 0.091119196595
0,3,3,9,-0.106782257679
0,3,4,8, 0.059843224015
0,3,5,3, 0.104470457670
0,3,5,8, 0.105604861310
0,3,6,3, 0.091119196595
0,3,6,8, 0.076030751228
0,3,8,0, 0.099916077064
0,3,8,1, 0.074122836550
0,3,8,4, 0.059843224015
0,3,8,5, 0.105604861310
0,3,8,6, 0.076030751228
0,3,8,9,-0.046676662057
0,3,9,3,-0.106782257679
0,3,9,8,-0.046676662057
0,4,0,4, 0.152608082603
0,4,0,5, 0.074875069471
0,4,0,6, 0.014689669159
0,4,0,9, 0.015914580712
0,4,1,4, 0.101353944495
0,4,1,5, 0.057767475070
0,4,1,6, 0.019595003108
0,4,1,9, 0.028457044960
0,4,2,7, 0.059843224015
0,4,3,8, 0.059843224015
0,4,4,0, 0.152608082603
0,4,4,1, 0.101353944495
0,4,4,5, 0.152285182934
0,4,4,6, 0.093073217528
0,4,4,9,-0.039585568964
0,4,5,0, 0.074875069471
0,4,5,1, 0.057767475070
0,4,5,4, 0.152285182934
0,4,5,5, 0.165716669634
0,4,5,6, 0.071901986170
0,4,5,9, 0.031661026560
0,4,6,0, 0.014689669159
0,4,6,1, 0.019595003108
0,4,6,4, 0.093073217528
0,4,6,5, 0.071901986170
0,4,6,6, 0.038087912986
0,4,6,9, 0.033690955970
0,4,7,2, 0.059843224015
0,4,7,7, 0.130967436054
0,4,8,3, 0.059843224015
0,4,8,8, 0.130967436054
0,4,9,0, 0.015914580712
0,4,9,1, 0.028457044960
0,4,9,4,-0.039585568964
0,4,9,5, 0.031661026560
0,4,9,6, 0.033690955970
0,4,9,9, 0.080736217194
0,5,0,0, 0.622764803000
0,5,0,1, 0.359614690141
0,5,0,4, 0.074875069471
0,5,0,5, 0.478968761002
0,5,0,6, 0.333329328999
0,5,0,9,-0.366982612470
0,5,1,0, 0.359614690141
0,5,1,1, 0.372143468513
0,5,1,4, 0.051266584664
0,5,1,5, 0.333329328999
0,5,1,6, 0.356567917400
0,5,1,9,-0.107885626590
0,5,2,2, 0.548326564177
0,5,2,7, 0.403449188693
0,5,3,3, 0.548326564177
0,5,3,8, 0.403449188693
0,5,4,0, 0.074875069471
0,5,4,1, 0.051266584664
0,5,4,4, 0.569483806142
0,5,4,5, 0.366982612470
0,5,4,6, 0.107885626590
0,5,4,9, 0.073526385202
0,5,5,0, 0.478968761002
0,5,5,1, 0.333329328999
0,5,5,4, 0.366982612470
0,5,5,5, 0.622764803000
0,5,5,6, 0.359614690141
0,5,5,9,-0.074875069471
0,5,6,0, 0.333329328999
0,5,6,1, 0.356567917400
0,5,6,4, 0.107885626590
0,5,6,5, 0.359614690141
0,5,6,6, 0.372143468513
0,5,6,9,-0.051266584664
0,5,7,2, 0.403449188693
0,5,7,7, 0.548326564177
0,5,8,3, 0.403449188693
0,5,8,8, 0.548326564177
0,5,9,0,-0.366982612470
0,5,9,1,-0.107885626590
0,5,9,4, 0.073526385202
0,5,9,5,-0.074875069471
0,5,9,6,-0.051266584664
0,5,9,9, 0.569483806142
0,6,0,0, 0.456713920918
0,6,0,1, 0.271852903000
0,6,0,4, 0.014689669159
0,6,0,5, 0.333329328999
0,6,0,6, 0.248087310027
0,6,0,9,-0.270307747086
0,6,1,0, 0.271852903000
0,6,1,1, 0.294205332195
0,6,1,4, 0.010986969121
0,6,1,5, 0.237564375457
0,6,1,6, 0.276538529904
0,6,1,9,-0.085428199250
0,6,2,2, 0.418345881305
0,6,2,7, 0.292305263243
0,6,3,3, 0.418345881305
0,6,3,8, 0.292305263243
0,6,4,0, 0.014689669159
0,6,4,1, 0.010986969121
0,6,4,4, 0.419194043878
0,6,4,5, 0.229722163315
0,6,4,6, 0.056235195060
0,6,4,9, 0.066460476905
0,6,5,0, 0.333329328999
0,6,5,1, 0.237564375457
0,6,5,4, 0.229722163315
0,6,5,5, 0.416695095291
0,6,5,6, 0.254280792799
0,6,5,9,-0.057767475070
0,6,6,0, 0.248087310027
0,6,6,1, 0.276538529904
0,6,6,4, 0.056235195060
0,6,6,5, 0.254280792799
0,6,6,6, 0.284263485227
0,6,6,9,-0.043337413075
0,6,7,2, 0.292305263243
0,6,7,7, 0.385785675710
0,6,8,3, 0.292305263243
0,6,8,8, 0.385785675710
0,6,9,0,-0.270307747086
0,6,9,1,-0.085428199250
0,6,9,4, 0.066460476905
0,6,9,5,-0.057767475070
0,6,9,6,-0.043337413075
0,6,9,9, 0.402789786455
0,7,0,2, 0.099916077064
0,7,0,7, 0.082576622513
0,7,1,2, 0.068271987206
0,7,1,7, 0.066247396948
0,7,2,0, 0.099916077064
0,7,2,1, 0.068271987206
0,7,2,4, 0.026007663934
0,7,2,5, 0.082006499236
0,7,2,6, 0.064348104944
0,7,2,9,-0.065293072339
0,7,4,2, 0.026007663934
0,7,4,7, 0.069673220861
0,7,5,2, 0.082006499236
0,7,5,7, 0.104470457670
0,7,6,2, 0.064348104944
0,7,6,7, 0.071115874973
0,7,7,0, 0.082576622513
0,7,7,1, 0.066247396948
0,7,7,4, 0.069673220861
0,7,7,5, 0.104470457670
0,7,7,6, 0.071115874973
0,7,7,9,-0.021157807064
0,7,9,2,-0.065293072339
0,7,9,7,-0.021157807064
0,8,0,3, 0.099916077064
0,8,0,8, 0.082576622513
0,8,1,3, 0.068271987206
0,8,1,8, 0.066247396948
0,8,3,0, 0.099916077064
0,8,3,1, 0.068271987206
0,8,3,4, 0.026007663934
0,8,3,5, 0.082006499236
0,8,3,6, 0.064348104944
0,8,3,9,-0.065293072339
0,8,4,3, 0.026007663934
0,8,4,8, 0.069673220861
0,8,5,3, 0.082006499236
0,8,5,8, 0.104470457670
0,8,6,3, 0.064348104944
0,8,6,8, 0.071115874973
0,8,8,0, 0.082576622513
0,8,8,1, 0.066247396948
0,8,8,4, 0.069673220861
0,8,8,5, 0.104470457670
0,8,8,6, 0.071115874973
0,8,8,9,-0.021157807064
0,8,9,3,-0.065293072339
0,8,9,8,-0.021157807064
0,9,0,0,-0.558398539309
0,9,0,1,-0.302053393530
0,9,0,4, 0.015914580712
0,9,0,5,-0.366982612470
0,9,0,6,-0.270307747086
0,9,0,9, 0.370028119890
0,9,1,0,-0.302053393530
0,9,1,1,-0.286290171075
0,9,1,4, 0.014672141737
0,9,1,5,-0.229722163315
0,9,1,6,-0.259931855796
0,9,1,9, 0.141281366742
0,9,2,2,-0.473720425754
0,9,2,7,-0.305054031032
0,9,3,3,-0.473720425754
0,9,3,8,-0.305054031032
0,9,4,0, 0.015914580712
0,9,4,1, 0.014672141737
0,9,4,4,-0.444892289489
0,9,4,5,-0.198543622746
0,9,4,6,-0.030572915057
0,9,4,9,-0.045607950191
0,9,5,0,-0.366982612470
0,9,5,1,-0.229722163315
0,9,5,4,-0.198543622746
0,9,5,5,-0.390678996518
0,9,5,6,-0.235959261858
0,9,5,9, 0.152285182934
0,9,6,0,-0.270307747086
0,9,6,1,-0.259931855796
0,9,6,4,-0.030572915057
0,9,6,5,-0.235959261858
0,9,6,6,-0.255577118277
0,9,6,9, 0.105041065646
0,9,7,2,-0.305054031032
0,9,7,7,-0.348325322394
0,9,8,3,-0.305054031032
0,9,8,8,-0.348325322394
0,9,9,0, 0.370028119890
0,9,9,1, 0.141281366742
0,9,9,4,-0.045607950191
0,9,9,5, 0.152285182934
0,9,9,6, 0.105041065646
0,9,9,9,-0.406314869290
1,0,0,0, 0.504699283325
1,0,0,1, 0.300015949963
1,0,0,5, 0.359614690141
1,0,0,6, 0.271852903000
1,0,0,9,-0.302053393530
1,0,1,0, 0.300015949963
1,0,1,1, 0.324022459289
1,0,1,5, 0.254280792799
1,0,1,6, 0.301316821481
1,0,1,9,-0.099763389112
1,0,2,2, 0.462081934851
1,0,2,7, 0.315330071516
1,0,3,3, 0.462081934851
1,0,3,8, 0.315330071516
1,0,4,4, 0.462081934851
1,0,4,5, 0.235959261858
1,0,4,6, 0.050720269221
1,0,4,9, 0.074709642161
1,0,5,0, 0.359614690141
1,0,5,1, 0.254280792799
1,0,5,4, 0.235959261858
1,0,5,5, 0.439415685889
1,0,5,6, 0.270474689323
1,0,5,9,-0.071901986170
1,0,6,0, 0.271852903000
1,0,6,1, 0.301316821481
1,0,6,4, 0.050720269221
1,0,6,5, 0.270474689323
1,0,6,6, 0.306590362583
1,0,6,9,-0.054700461471
1,0,7,2, 0.315330071516
1,0,7,7, 0.407624536463
1,0,8,3, 0.315330071516
1,0,8,8, 0.407624536463
1,0,9,0,-0.302053393530
1,0,9,1,-0.099763389112
1,0,9,4, 0.074709642161
1,0,9,5,-0.071901986170
1,0,9,6,-0.054700461471
1,0,9,9, 0.431515049442
1,1,0,0, 0.507364877272
1,1,0,1, 0.324022459289
1,1,0,5, 0.372143468513
1,1,0,6, 0.294205332195
1,1,0,9,-0.286290171075
1,1,1,0, 0.324022459289
1,1,1,1, 0.394125899248
1,1,1,5, 0.284263485227
1,1,1,6, 0.368101971589
1,1,1,9,-0.085704045981
1,1,2,2, 0.491073083906
1,1,2,7, 0.340885498835
1,1,3,3, 0.491073083906
1,1,3,8, 0.340885498835
1,1,4,4, 0.491073083906
1,1,4,5, 0.255577118277
1,1,4,6, 0.057970646909
1,1,4,9, 0.092080897074
1,1,5,0, 0.372143468513
1,1,5,1, 0.284263485227
1,1,5,4, 0.255577118277
1,1,5,5, 0.476234894359
1,1,5,6, 0.306590362583
1,1,5,9,-0.038087912986
1,1,6,0, 0.294205332195
1,1,6,1, 0.368101971589
1,1,6,4, 0.057970646909
1,1,6,5, 0.306590362583
1,1,6,6, 0.379259132669
1,1,6,9,-0.032220641310
1,1,7,2, 0.340885498835
1,1,7,7, 0.461327078515
1,1,8,3, 0.340885498835
1,1,8,8, 0.461327078515
1,1,9,0,-0.286290171075
1,1,9,1,-0.085704045981
1,1,9,4, 0.092080897074
1,1,9,5,-0.038087912986
1,1,9,6,-0.032220641310
1,1,9,9, 0.466486450940
1,2,0,2, 0.101353944495
1,2,0,7, 0.068271987206
1,2,1,2, 0.072461555243
1,2,1,7, 0.054951456261
1,2,2,0, 0.101353944495
1,2,2,1, 0.072461555243
1,2,2,5, 0.071115874973
1,2,2,6, 0.065214097388
1,2,2,9,-0.067921361023
1,2,4,7, 0.043615438592
1,2,5,2, 0.071115874973
1,2,5,7, 0.076030751228
1,2,6,2, 0.065214097388
1,2,6,7, 0.057065768812
1,2,7,0, 0.068271987206
1,2,7,1, 0.054951456261
1,2,7,4, 0.043615438592
1,2,7,5, 0.076030751228
1,2,7,6, 0.057065768812
1,2,7,9,-0.026306999063
1,2,9,2,-0.067921361023
1,2,9,7,-0.026306999063
1,3,0,3, 0.101353944495
1,3,0,8, 0.068271987206
1,3,1,3, 0.072461555243
1,3,1,8, 0.054951456261
1,3,3,0, 0.101353944495
1,3,3,1, 0.072461555243
1,3,3,5, 0.071115874973
1,3,3,6, 0.065214097388
1,3,3,9,-0.067921361023
1,3,4,8, 0.043615438592
1,3,5,3, 0.071115874973
1,3,5,8, 0.076030751228
1,3,6,3, 0.065214097388
1,3,6,8, 0.057065768812
1,3,8,0, 0.068271987206
1,3,8,1, 0.054951456261
1,3,8,4, 0.043615438592
1,3,8,5, 0.076030751228
1,3,8,6, 0.057065768812
1,3,8,9,-0.026306999063
1,3,9,3,-0.067921361023
1,3,9,8,-0.026306999063
1,4,0,4, 0.101353944495
1,4,0,5, 0.051266584664
1,4,0,6, 0.010986969121
1,4,0,9, 0.014672141737
1,4,1,4, 0.072461555243
1,4,1,5, 0.043337413075
1,4,1,6, 0.016472887584
1,4,1,9, 0.024893848294
1,4,2,7, 0.043615438592
1,4,3,8, 0.043615438592
1,4,4,0, 0.101353944495
1,4,4,1, 0.072461555243
1,4,4,5, 0.105041065646
1,4,4,6, 0.066751943044
1,4,4,9,-0.017412656606
1,4,5,0, 0.051266584664
1,4,5,1, 0.043337413075
1,4,5,4, 0.105041065646
1,4,5,5, 0.118271403675
1,4,5,6, 0.054700461471
1,4,5,9, 0.033690955970
1,4,6,0, 0.010986969121
1,4,6,1, 0.016472887584
1,4,6,4, 0.066751943044
1,4,6,5, 0.054700461471
1,4,6,6, 0.032220641310
1,4,6,9, 0.030469521957
1,4,7,2, 0.043615438592
1,4,7,7, 0.100218685554
1,4,8,3, 0.043615438592
1,4,8,8, 0.100218685554
1,4,9,0, 0.014672141737
1,4,9,1, 0.024893848294
1,4,9,4,-0.017412656606
1,4,9,5, 0.033690955970
1,4,9,6, 0.030469521957
1,4,9,9, 0.066293931498
1,5,0,0, 0.416695095291
1,5,0,1, 0.254280792799
1,5,0,4, 0.057767475070
1,5,0,5, 0.333329328999
1,5,0,6, 0.237564375457
1,5,0,9,-0.229722163315
1,5,1,0, 0.254280792799
1,5,1,1, 0.284263485227
1,5,1,4, 0.043337413075
1,5,1,5, 0.248087310027
1,5,1,6, 0.276538529904
1,5,1,9,-0.056235195060
1,5,2,2, 0.385785675710
1,5,2,7, 0.292305263243
1,5,3,3, 0.385785675710
1,5,3,8, 0.292305263243
1,5,4,0, 0.057767475070
1,5,4,1, 0.043337413075
1,5,4,4, 0.402789786455
1,5,4,5, 0.270307747086
1,5,4,6, 0.085428199250
1,5,4,9, 0.066460476905
1,5,5,0, 0.333329328999
1,5,5,1, 0.248087310027
1,5,5,4, 0.270307747086
1,5,5,5, 0.456713920918
1,5,5,6, 0.271852903000
1,5,5,9,-0.014689669159
1,5,6,0, 0.237564375457
1,5,6,1, 0.276538529904
1,5,6,4, 0.085428199250
1,5,6,5, 0.271852903000
1,5,6,6, 0.294205332195
1,5,6,9,-0.010986969121
1,5,7,2, 0.292305263243
1,5,7,7, 0.418345881305
1,5,8,3, 0.292305263243
1,5,8,8, 0.418345881305
1,5,9,0,-0.229722163315
1,5,9,1,-0.056235195060
1,5,9,4, 0.066460476905
1,5,9,5,-0.014689669159
1,5,9,6,-0.010986969121
1,5,9,9, 0.419194043878
1,6,0,0, 0.470831495617
1,6,0,1, 0.301316821481
1,6,0,4, 0.019595003108
1,6,0,5, 0.356567917400
1,6,0,6, 0.276538529904
1,6,0,9,-0.259931855796
1,6,1,0, 0.301316821481
1,6,1,1, 0.368101971589
1,6,1,4, 0.016472887584
1,6,1,5, 0.276538529904
1,6,1,6, 0.350549386482
1,6,1,9,-0.069445412671
1,6,2,2, 0.455806164073
1,6,2,7, 0.326654541280
1,6,3,3, 0.455806164073
1,6,3,8, 0.326654541280
1,6,4,0, 0.019595003108
1,6,4,1, 0.016472887584
1,6,4,4, 0.457159495457
1,6,4,5, 0.259931855796
1,6,4,6, 0.069445412671
1,6,4,9, 0.087106587993
1,6,5,0, 0.356567917400
1,6,5,1, 0.276538529904
1,6,5,4, 0.259931855796
1,6,5,5, 0.470831495617
1,6,5,6, 0.301316821481
1,6,5,9,-0.019595003108
1,6,6,0, 0.276538529904
1,6,6,1, 0.350549386482
1,6,6,4, 0.069445412671
1,6,6,5, 0.301316821481
1,6,6,6, 0.368101971589
1,6,6,9,-0.016472887584
1,6,7,2, 0.326654541280
1,6,7,7, 0.455806164073
1,6,8,3, 0.326654541280
1,6,8,8, 0.455806164073
1,6,9,0,-0.259931855796
1,6,9,1,-0.069445412671
1,6,9,4, 0.087106587993
1,6,9,5,-0.019595003108
1,6,9,6,-0.016472887584
1,6,9,9, 0.457159495457
1,7,0,2, 0.074122836550
1,7,0,7, 0.066247396948
1,7,1,2, 0.054951456261
1,7,1,7, 0.059287144976
1,7,2,0, 0.074122836550
1,7,2,1, 0.054951456261
1,7,2,4, 0.022411656689
1,7,2,5, 0.064348104944
1,7,2,6, 0.052439228985
1,7,2,9,-0.044182771204
1,7,4,2, 0.022411656689
1,7,4,7, 0.060570334011
1,7,5,2, 0.064348104944
1,7,5,7, 0.091119196595
1,7,6,2, 0.052439228985
1,7,6,7, 0.065214097388
1,7,7,0, 0.066247396948
1,7,7,1, 0.059287144976
1,7,7,4, 0.060570334011
1,7,7,5, 0.091119196595
1,7,7,6, 0.065214097388
1,7,7,9,-0.004871558499
1,7,9,2,-0.044182771204
1,7,9,7,-0.004871558499
1,8,0,3, 0.074122836550
1,8,0,8, 0.066247396948
1,8,1,3, 0.054951456261
1,8,1,8, 0.059287144976
1,8,3,0, 0.074122836550
1,8,3,1, 0.054951456261
1,8,3,4, 0.022411656689
1,8,3,5, 0.064348104944
1,8,3,6, 0.052439228985
1,8,3,9,-0.044182771204
1,8,4,3, 0.022411656689
1,8,4,8, 0.060570334011
1,8,5,3, 0.064348104944
1,8,5,8, 0.091119196595
1,8,6,3, 0.052439228985
1,8,6,8, 0.065214097388
1,8,8,0, 0.066247396948
1,8,8,1, 0.059287144976
1,8,8,4, 0.060570334011
1,8,8,5, 0.091119196595
1,8,8,6, 0.065214097388
1,8,8,9,-0.004871558499
1,8,9,3,-0.044182771204
1,8,9,8,-0.004871558499
1,9,0,0,-0.189969568873
1,9,0,1,-0.099763389112
1,9,0,4, 0.028457044960
1,9,0,5,-0.107885626590
1,9,0,6,-0.085428199250
1,9,0,9, 0.141281366742
1,9,1,0,-0.099763389112
1,9,1,1,-0.085704045981
1,9,1,4, 0.024893848294
1,9,1,5,-0.056235195060
1,9,1,6,-0.069445412671
1,9,1,9, 0.071265740638
1,9,2,2,-0.166728481957
1,9,2,7,-0.093127958000
1,9,3,3,-0.166728481957
1,9,3,8,-0.093127958000
1,9,4,0, 0.028457044960
1,9,4,1, 0.024893848294
1,9,4,4,-0.138189665912
1,9,4,5,-0.030572915057
1,9,4,6, 0.011008104225
1,9,4,9,-0.001305496222
1,9,5,0,-0.107885626590
1,9,5,1,-0.056235195060
1,9,5,4,-0.030572915057
1,9,5,5,-0.081097717787
1,9,5,6,-0.050720269221
1,9,5,9, 0.093073217528
1,9,6,0,-0.085428199250
1,9,6,1,-0.069445412671
1,9,6,4, 0.011008104225
1,9,6,5,-0.050720269221
1,9,6,6,-0.057970646909
1,9,6,9, 0.066751943044
1,9,7,2,-0.093127958000
1,9,7,7,-0.075023014112
1,9,8,3,-0.093127958000
1,9,8,8,-0.075023014112
1,9,9,0, 0.141281366742
1,9,9,1, 0.071265740638
1,9,9,4,-0.001305496222
1,9,9,5, 0.093073217528
1,9,9,6, 0.066751943044
1,9,9,9,-0.084856247399
2,0,0,2, 0.152608082603
2,0,0,7, 0.099916077064
2,0,1,2, 0.101353944495
2,0,1,7, 0.074122836550
2,0,2,0, 0.152608082603
2,0,2,1, 0.101353944495
2,0,2,5, 0.104470457670
2,0,2,6, 0.091119196595
2,0,2,9,-0.106782257679
2,0,4,7, 0.059843224015
2,0,5,2, 0.104470457670
2,0,5,7, 0.105604861310
2,0,6,2, 0.091119196595
2,0,6,7, 0.076030751228
2,0,7,0, 0.099916077064
2,0,7,1, 0.074122836550
2,0,7,4, 0.059843224015
2,0,7,5, 0.105604861310
2,0,7,6, 0.076030751228
2,0,7,9,-0.046676662057
2,0,9,2,-0.106782257679
2,0,9,7,-0.046676662057
2,1,0,2, 0.101353944495
2,1,0,7, 0.068271987206
2,1,1,2, 0.072461555243
2,1,1,7, 0.054951456261
2,1,2,0, 0.101353944495
2,1,2,1, 0.072461555243
2,1,2,5, 0.071115874973
2,1,2,6, 0.065214097388
2,1,2,9,-0.067921361023
2,1,4,7, 0.043615438592
2,1,5,2, 0.071115874973
2,1,5,7, 0.076030751228
2,1,6,2, 0.065214097388
2,1,6,7, 0.057065768812
2,1,7,0, 0.068271987206
2,1,7,1, 0.054951456261
2,1,7,4, 0.043615438592
2,1,7,5, 0.076030751228
2,1,7,6, 0.057065768812
2,1,7,9,-0.026306999063
2,1,9,2,-0.067921361023
2,1,9,7,-0.026306999063
2,2,0,0, 0.775037038942
2,2,0,1, 0.462081934851
2,2,0,5, 0.548326564177
2,2,0,6, 0.418345881305
2,2,0,9,-0.473720425754
2,2,1,0, 0.462081934851
2,2,1,1, 0.491073083906
2,2,1,5, 0.385785675710
2,2,1,6, 0.455806164073
2,2,1,9,-0.166728481957
2,2,2,2, 0.785718708997
2,2,2,7, 0.527091916673
2,2,3,3, 0.689508254834
2,2,3,8, 0.467145610418
2,2,4,4, 0.689508254834
2,2,4,5, 0.348325322394
2,2,4,6, 0.075023014112
2,2,4,9, 0.104255196030
2,2,5,0, 0.548326564177
2,2,5,1, 0.385785675710
2,2,5,4, 0.348325322394
2,2,5,5, 0.654549635314
2,2,5,6, 0.407624536463
2,2,5,9,-0.130967436054
2,2,6,0, 0.418345881305
2,2,6,1, 0.455806164073
2,2,6,4, 0.075023014112
2,2,6,5, 0.407624536463
2,2,6,6, 0.461327078515
2,2,6,9,-0.100218685554
2,2,7,2, 0.527091916673
2,2,7,7, 0.652332465745
2,2,8,3, 0.467145610418
2,2,8,8, 0.593230465356
2,2,9,0,-0.473720425754
2,2,9,1,-0.166728481957
2,2,9,4, 0.104255196030
2,2,9,5,-0.130967436054
2,2,9,6,-0.100218685554
2,2,9,9, 0.647662414814
2,3,2,3, 0.048105227081
2,3,2,8, 0.029973153127
2,3,3,2, 0.048105227081
2,3,3,7, 0.029973153127
2,3,7,3, 0.029973153127
2,3,7,8, 0.029551000194
2,3,8,2, 0.029973153127
2,3,8,7, 0.029551000194
2,4,0,7, 0.026007663934
2,4,1,7, 0.022411656689
2,4,2,4, 0.048105227081
2,4,2,5, 0.021157807064
2,4,2,6, 0.004871558499
2,4,2,9, 0.001655393705
2,4,4,2, 0.048105227081
2,4,4,7, 0.043510552152
2,4,5,2, 0.021157807064
2,4,5,7, 0.046676662057
2,4,6,2, 0.004871558499
2,4,6,7, 0.026306999063
2,4,7,0, 0.026007663934
2,4,7,1, 0.022411656689
2,4,7,4, 0.043510552152
2,4,7,5, 0.046676662057
2,4,7,6, 0.026306999063
2,4,7,9, 0.001451639706
2,4,9,2, 0.001655393705
2,4,9,7, 0.001451639706
2,5,0,2, 0.104470457670
2,5,0,7, 0.082006499236
2,5,1,2, 0.071115874973
2,5,1,7, 0.064348104944
2,5,2,0, 0.104470457670
2,5,2,1, 0.071115874973
2,5,2,4, 0.021157807064
2,5,2,5, 0.082576622513
2,5,2,6, 0.066247396948
2,5,2,9,-0.069673220861
2,5,4,2, 0.021157807064
2,5,4,7, 0.065293072339
2,5,5,2, 0.082576622513
2,5,5,7, 0.099916077064
2,5,6,2, 0.066247396948
2,5,6,7, 0.068271987206
2,5,7,0, 0.082006499236
2,5,7,1, 0.064348104944
2,5,7,4, 0.065293072339
2,5,7,5, 0.099916077064
2,5,7,6, 0.068271987206
2,5,7,9,-0.026007663934
2,5,9,2,-0.069673220861
2,5,9,7,-0.026007663934
2,6,0,2, 0.091119196595
2,6,0,7, 0.064348104944
2,6,1,2, 0.065214097388
2,6,1,7, 0.052439228985
2,6,2,0, 0.091119196595
2,6,2,1, 0.065214097388
2,6,2,4, 0.004871558499
2,6,2,5, 0.066247396948
2,6,2,6, 0.059287144976
2,6,2,9,-0.060570334011
2,6,4,2, 0.004871558499
2,6,4,7, 0.044182771204
2,6,5,2, 0.066247396948
2,6,5,7, 0.074122836550
2,6,6,2, 0.059287144976
2,6,6,7, 0.054951456261
2,6,7,0, 0.064348104944
2,6,7,1, 0.052439228985
2,6,7,4, 0.044182771204
2,6,7,5, 0.074122836550
2,6,7,6, 0.054951456261
2,6,7,9,-0.022411656689
2,6,9,2,-0.060570334011
2,6,9,7,-0.022411656689
2,7,0,0, 0.522386564768
2,7,0,1, 0.315330071516
2,7,0,4, 0.059843224015
2,7,0,5, 0.403449188693
2,7,0,6, 0.292305263243
2,7,0,9,-0.305054031032
2,7,1,0, 0.315330071516
2,7,1,1, 0.340885498835
2,7,1,4, 0.043615438592
2,7,1,5, 0.292305263243
2,7,1,6, 0.326654541280
2,7,1,9,-0.093127958000
2,7,2,2, 0.527091916673
2,7,2,7, 0.390875092248
2,7,3,3, 0.467145610418
2,7,3,8, 0.343012836054
2,7,4,0, 0.059843224015
2,7,4,1, 0.043615438592
2,7,4,4, 0.480683009442
2,7,4,5, 0.305054031032
2,7,4,6, 0.093127958000
2,7,4,9, 0.064529967831
2,7,5,0, 0.403449188693
2,7,5,1, 0.292305263243
2,7,5,4, 0.305054031032
2,7,5,5, 0.522386564768
2,7,5,6, 0.315330071516
2,7,5,9,-0.059843224015
2,7,6,0, 0.292305263243
2,7,6,1, 0.326654541280
2,7,6,4, 0.093127958000
2,7,6,5, 0.315330071516
2,7,6,6, 0.340885498835
2,7,6,9,-0.043615438592
2,7,7,2, 0.390875092248
2,7,7,7, 0.527091916673
2,7,8,3, 0.343012836054
2,7,8,8, 0.467145610418
2,7,9,0,-0.305054031032
2,7,9,1,-0.093127958000
2,7,9,4, 0.064529967831
2,7,9,5,-0.059843224015
2,7,9,6,-0.043615438592
2,7,9,9, 0.480683009442
2,8,2,3, 0.029973153127
2,8,2,8, 0.023931128097
2,8,3,2, 0.029973153127
2,8,3,7, 0.023931128097
2,8,7,3, 0.023931128097
2,8,7,8, 0.029973153127
2,8,8,2, 0.023931128097
2,8,8,7, 0.029973153127
2,9,0,2,-0.106782257679
2,9,0,7,-0.065293072339
2,9,1,2,-0.067921361023
2,9,1,7,-0.044182771204
2,9,2,0,-0.106782257679
2,9,2,1,-0.067921361023
2,9,2,4, 0.001655393705
2,9,2,5,-0.069673220861
2,9,2,6,-0.060570334011
2,9,2,9, 0.079627701741
2,9,4,2, 0.001655393705
2,9,4,7,-0.031765445548
2,9,5,2,-0.069673220861
2,9,5,7,-0.059843224015
2,9,6,2,-0.060570334011
2,9,6,7,-0.043615438592
2,9,7,0,-0.065293072339
2,9,7,1,-0.044182771204
2,9,7,4,-0.031765445548
2,9,7,5,-0.059843224015
2,9,7,6,-0.043615438592
2,9,7,9, 0.043510552152
2,9,9,2, 0.079627701741
2,9,9,7, 0.043510552152
3,0,0,3, 0.152608082603
3,0,0,8, 0.099916077064
3,0,1,3, 0.101353944495
3,0,1,8, 0.074122836550
3,0,3,0, 0.152608082603
3,0,3,1, 0.101353944495
3,0,3,5, 0.104470457670
3,0,3,6, 0.091119196595
3,0,3,9,-0.106782257679
3,0,4,8, 0.059843224015
3,0,5,3, 0.104470457670
3,0,5,8, 0.105604861310
3,0,6,3, 0.091119196595
3,0,6,8, 0.076030751228
3,0,8,0, 0.099916077064
3,0,8,1, 0.074122836550
3,0,8,4, 0.059843224015
3,0,8,5, 0.105604861310
3,0,8,6, 0.076030751228
3,0,8,9,-0.046676662057
3,0,9,3,-0.106782257679
3,0,9,8,-0.046676662057
3,1,0,3, 0.101353944495
3,1,0,8, 0.068271987206
3,1,1,3, 0.072461555243
3,1,1,8, 0.054951456261
3,1,3,0, 0.101353944495
3,1,3,1, 0.072461555243
3,1,3,5, 0.071115874973
3,1,3,6, 0.065214097388
3,1,3,9,-0.067921361023
3,1,4,8, 0.043615438592
3,1,5,3, 0.071115874973
3,1,5,8, 0.076030751228
3,1,6,3, 0.065214097388
3,1,6,8, 0.057065768812
3,1,8,0, 0.068271987206
3,1,8,1, 0.054951456261
3,1,8,4, 0.043615438592
3,1,8,5, 0.076030751228
3,1,8,6, 0.057065768812
3,1,8,9,-0.026306999063
3,1,9,3,-0.067921361023
3,1,9,8,-0.026306999063
3,2,2,3, 0.048105227081
3,2,2,8, 0.029973153127
3,2,3,2, 0.048105227081
3,2,3,7, 0.029973153127
3,2,7,3, 0.029973153127
3,2,7,8, 0.029551000194
3,2,8,2, 0.029973153127
3,2,8,7, 0.029551000194
3,3,0,0, 0.775037038942
3,3,0,1, 0.462081934851
3,3,0,5, 0.548326564177
3,3,0,6, 0.418345881305
3,3,0,9,-0.473720425754
3,3,1,0, 0.462081934851
3,3,1,1, 0.491073083906
3,3,1,5, 0.385785675710
3,3,1,6, 0.455806164073
3,3,1,9,-0.166728481957
3,3,2,2, 0.689508254834
3,3,2,7, 0.467145610418
3,3,3,3, 0.785718708997
3,3,3,8, 0.527091916673
3,3,4,4, 0.689508254834
3,3,4,5, 0.348325322394
3,3,4,6, 0.075023014112
3,3,4,9, 0.104255196030
3,3,5,0, 0.548326564177
3,3,5,1, 0.385785675710
3,3,5,4, 0.348325322394
3,3,5,5, 0.654549635314
3,3,5,6, 0.407624536463
3,3,5,9,-0.130967436054
3,3,6,0, 0.418345881305
3,3,6,1, 0.455806164073
3,3,6,4, 0.075023014112
3,3,6,5, 0.407624536463
3,3,6,6, 0.461327078515
3,3,6,9,-0.100218685554
3,3,7,2, 0.467145610418
3,3,7,7, 0.593230465356
3,3,8,3, 0.527091916673
3,3,8,8, 0.652332465745
3,3,9,0,-0.473720425754
3,3,9,1,-0.166728481957
3,3,9,4, 0.104255196030
3,3,9,5,-0.130967436054
3,3,9,6,-0.100218685554
3,3,9,9, 0.647662414814
3,4,0,8, 0.026007663934
3,4,1,8, 0.022411656689
3,4,3,4, 0.048105227081
3,4,3,5, 0.021157807064
3,4,3,6, 0.004871558499
3,4,3,9, 0.001655393705
3,4,4,3, 0.048105227081
3,4,4,8, 0.043510552152
3,4,5,3, 0.021157807064
3,4,5,8, 0.046676662057
3,4,6,3, 0.004871558499
3,4,6,8, 0.026306999063
3,4,8,0, 0.026007663934
3,4,8,1, 0.022411656689
3,4,8,4, 0.043510552152
3,4,8,5, 0.046676662057
3,4,8,6, 0.026306999063
3,4,8,9, 0.001451639706
3,4,9,3, 0.001655393705
3,4,9,8, 0.001451639706
3,5,0,3, 0.104470457670
3,5,0,8, 0.082006499236
3,5,1,3, 0.071115874973
3,5,1,8, 0.064348104944
3,5,3,0, 0.104470457670
3,5,3,1, 0.071115874973
3,5,3,4, 0.021157807064
3,5,3,5, 0.082576622513
3,5,3,6, 0.066247396948
3,5,3,9,-0.069673220861
3,5,4,3, 0.021157807064
3,5,4,8, 0.065293072339
3,5,5,3, 0.082576622513
3,5,5,8, 0.099916077064
3,5,6,3, 0.066247396948
3,5,6,8, 0.068271987206
3,5,8,0, 0.082006499236
3,5,8,1, 0.064348104944
3,5,8,4, 0.065293072339
3,5,8,5, 0.099916077064
3,5,8,6, 0.068271987206
3,5,8,9,-0.026007663934
3,5,9,3,-0.069673220861
3,5,9,8,-0.026007663934
3,6,0,3, 0.091119196595
3,6,0,8, 0.064348104944
3,6,1,3, 0.065214097388
3,6,1,8, 0.052439228985
3,6,3,0, 0.091119196595
3,6,3,1, 0.065214097388
3,6,3,4, 0.004871558499
3,6,3,5, 0.066247396948
3,6,3,6, 0.059287144976
3,6,3,9,-0.060570334011
3,6,4,3, 0.004871558499
3,6,4,8, 0.044182771204
3,6,5,3, 0.066247396948
3,6,5,8, 0.074122836550
3,6,6,3, 0.059287144976
3,6,6,8, 0.054951456261
3,6,8,0, 0.064348104944
3,6,8,1, 0.052439228985
3,6,8,4, 0.044182771204
3,6,8,5, 0.074122836550
3,6,8,6, 0.054951456261
3,6,8,9,-0.022411656689
3,6,9,3,-0.060570334011
3,6,9,8,-0.022411656689
3,7,2,3, 0.029973153127
3,7,2,8, 0.023931128097
3,7,3,2, 0.029973153127
3,7,3,7, 0.023931128097
3,7,7,3, 0.023931128097
3,7,7,8, 0.029973153127
3,7,8,2, 0.023931128097
3,7,8,7, 0.029973153127
3,8,0,0, 0.522386564768
3,8,0,1, 0.315330071516
3,8,0,4, 0.059843224015
3,8,0,5, 0.403449188693
3,8,0,6, 0.292305263243
3,8,0,9,-0.305054031032
3,8,1,0, 0.315330071516
3,8,1,1, 0.340885498835
3,8,1,4, 0.043615438592
3,8,1,5, 0.292305263243
3,8,1,6, 0.326654541280
3,8,1,9,-0.093127958000
3,8,2,2, 0.467145610418
3,8,2,7, 0.343012836054
3,8,3,3, 0.527091916673
3,8,3,8, 0.390875092248
3,8,4,0, 0.059843224015
3,8,4,1, 0.043615438592
3,8,4,4, 0.480683009442
3,8,4,5, 0.305054031032
3,8,4,6, 0.093127958000
3,8,4,9, 0.064529967831
3,8,5,0, 0.403449188693
3,8,5,1, 0.292305263243
3,8,5,4, 0.305054031032
3,8,5,5, 0.522386564768
3,8,5,6, 0.315330071516
3,8,5,9,-0.059843224015
3,8,6,0, 0.292305263243
3,8,6,1, 0.326654541280
3,8,6,4, 0.093127958000
3,8,6,5, 0.315330071516
3,8,6,6, 0.340885498835
3,8,6,9,-0.043615438592
3,8,7,2, 0.343012836054
3,8,7,7, 0.467145610418
3,8,8,3, 0.390875092248
3,8,8,8, 0.527091916673
3,8,9,0,-0.305054031032
3,8,9,1,-0.093127958000
3,8,9,4, 0.064529967831
3,8,9,5,-0.059843224015
3,8,9,6,-0.043615438592
3,8,9,9, 0.480683009442
3,9,0,3,-0.106782257679
3,9,0,8,-0.065293072339
3,9,1,3,-0.067921361023
3,9,1,8,-0.044182771204
3,9,3,0,-0.106782257679
3,9,3,1,-0.067921361023
3,9,3,4, 0.001655393705
3,9,3,5,-0.069673220861
3,9,3,6,-0.060570334011
3,9,3,9, 0.079627701741
3,9,4,3, 0.001655393705
3,9,4,8,-0.031765445548
3,9,5,3,-0.069673220861
3,9,5,8,-0.059843224015
3,9,6,3,-0.060570334011
3,9,6,8,-0.043615438592
3,9,8,0,-0.065293072339
3,9,8,1,-0.044182771204
3,9,8,4,-0.031765445548
3,9,8,5,-0.059843224015
3,9,8,6,-0.043615438592
3,9,8,9, 0.043510552152
3,9,9,3, 0.079627701741
3,9,9,8, 0.043510552152
4,0,0,4, 0.152608082603
4,0,0,5, 0.074875069471
4,0,0,6, 0.014689669159
4,0,0,9, 0.015914580712
4,0,1,4, 0.101353944495
4,0,1,5, 0.057767475070
4,0,1,6, 0.019595003108
4,0,1,9, 0.028457044960
4,0,2,7, 0.059843224015
4,0,3,8, 0.059843224015
4,0,4,0, 0.152608082603
4,0,4,1, 0.101353944495
4,0,4,5, 0.152285182934
4,0,4,6, 0.093073217528
4,0,4,9,-0.039585568964
4,0,5,0, 0.074875069471
4,0,5,1, 0.057767475070
4,0,5,4, 0.152285182934
4,0,5,5, 0.165716669634
4,0,5,6, 0.071901986170
4,0,5,9, 0.031661026560
4,0,6,0, 0.014689669159
4,0,6,1, 0.019595003108
4,0,6,4, 0.093073217528
4,0,6,5, 0.071901986170
4,0,6,6, 0.038087912986
4,0,6,9, 0.033690955970
4,0,7,2, 0.059843224015
4,0,7,7, 0.130967436054
4,0,8,3, 0.059843224015
4,0,8,8, 0.130967436054
4,0,9,0, 0.015914580712
4,0,9,1, 0.028457044960
4,0,9,4,-0.039585568964
4,0,9,5, 0.031661026560
4,0,9,6, 0.033690955970
4,0,9,9, 0.080736217194
4,1,0,4, 0.101353944495
4,1,0,5, 0.051266584664
4,1,0,6, 0.010986969121
4,1,0,9, 0.014672141737
4,1,1,4, 0.072461555243
4,1,1,5, 0.043337413075
4,1,1,6, 0.016472887584
4,1,1,9, 0.024893848294
4,1,2,7, 0.043615438592
4,1,3,8, 0.043615438592
4,1,4,0, 0.101353944495
4,1,4,1, 0.072461555243
4,1,4,5, 0.105041065646
4,1,4,6, 0.066751943044
4,1,4,9,-0.017412656606
4,1,5,0, 0.051266584664
4,1,5,1, 0.043337413075
4,1,5,4, 0.105041065646
4,1,5,5, 0.118271403675
4,1,5,6, 0.054700461471
4,1,5,9, 0.033690955970
4,1,6,0, 0.010986969121
4,1,6,1, 0.016472887584
4,1,6,4, 0.066751943044
4,1,6,5, 0.054700461471
4,1,6,6, 0.032220641310
4,1,6,9, 0.030469521957
4,1,7,2, 0.043615438592
4,1,7,7, 0.100218685554
4,1,8,3, 0.043615438592
4,1,8,8, 0.100218685554
4,1,9,0, 0.014672141737
4,1,9,1, 0.024893848294
4,1,9,4,-0.017412656606
4,1,9,5, 0.033690955970
4,1,9,6, 0.030469521957
4,1,9,9, 0.066293931498
4,2,0,7, 0.026007663934
4,2,1,7, 0.022411656689
4,2,2,4, 0.048105227081
4,2,2,5, 0.021157807064
4,2,2,6, 0.004871558499
4,2,2,9, 0.001655393705
4,2,4,2, 0.048105227081
4,2,4,7, 0.043510552152
4,2,5,2, 0.021157807064
4,2,5,7, 0.046676662057
4,2,6,2, 0.004871558499
4,2,6,7, 0.026306999063
4,2,7,0, 0.026007663934
4,2,7,1, 0.022411656689
4,2,7,4, 0.043510552152
4,2,7,5, 0.046676662057
4,2,7,6, 0.026306999063
4,2,7,9, 0.001451639706
4,2,9,2, 0.001655393705
4,2,9,7, 0.001451639706
4,3,0,8, 0.026007663934
4,3,1,8, 0.022411656689
4,3,3,4, 0.048105227081
4,3,3,5, 0.021157807064
4,3,3,6, 0.004871558499
4,3,3,9, 0.001655393705
4,3,4,3, 0.048105227081
4,3,4,8, 0.043510552152
4,3,5,3, 0.021157807064
4,3,5,8, 0.046676662057
4,3,6,3, 0.004871558499
4,3,6,8, 0.026306999063
4,3,8,0, 0.026007663934
4,3,8,1, 0.022411656689
4,3,8,4, 0.043510552152
4,3,8,5, 0.046676662057
4,3,8,6, 0.026306999063
4,3,8,9, 0.001451639706
4,3,9,3, 0.001655393705
4,3,9,8, 0.001451639706
4,4,0,0, 0.775037038942
4,4,0,1, 0.462081934851
4,4,0,5, 0.569483806142
4,4,0,6, 0.419194043878
4,4,0,9,-0.444892289489
4,4,1,0, 0.462081934851
4,4,1,1, 0.491073083906
4,4,1,5, 0.402789786455
4,4,1,6, 0.457159495457
4,4,1,9,-0.138189665912
4,4,2,2, 0.689508254834
4,4,2,7, 0.480683009442
4,4,3,3, 0.689508254834
4,4,3,8, 0.480683009442
4,4,4,4, 0.785718708997
4,4,4,5, 0.406314869290
4,4,4,6, 0.084856247399
4,4,4,9, 0.135558583829
4,4,5,0, 0.569483806142
4,4,5,1, 0.402789786455
4,4,5,4, 0.406314869290
4,4,5,5, 0.733463119304
4,4,5,6, 0.431515049442
4,4,5,9,-0.080736217194
4,4,6,0, 0.419194043878
4,4,6,1, 0.457159495457
4,4,6,4, 0.084856247399
4,4,6,5, 0.431515049442
4,4,6,6, 0.466486450940
4,4,6,9,-0.066293931498
4,4,7,2, 0.480683009442
4,4,7,7, 0.647662414814
4,4,8,3, 0.480683009442
4,4,8,8, 0.647662414814
4,4,9,0,-0.444892289489
4,4,9,1,-0.138189665912
4,4,9,4, 0.135558583829
4,4,9,5,-0.080736217194
4,4,9,6,-0.066293931498
4,4,9,9, 0.678404725192
4,5,0,0, 0.390678996518
4,5,0,1, 0.235959261858
4,5,0,4, 0.152285182934
4,5,0,5, 0.366982612470
4,5,0,6, 0.229722163315
4,5,0,9,-0.198543622746
4,5,1,0, 0.235959261858
4,5,1,1, 0.255577118277
4,5,1,4, 0.105041065646
4,5,1,5, 0.270307747086
4,5,1,6, 0.259931855796
4,5,1,9,-0.030572915057
4,5,2,2, 0.348325322394
4,5,2,7, 0.305054031032
4,5,3,3, 0.348325322394
4,5,3,8, 0.305054031032
4,5,4,0, 0.152285182934
4,5,4,1, 0.105041065646
4,5,4,4, 0.406314869290
4,5,4,5, 0.370028119890
4,5,4,6, 0.141281366742
4,5,4,9, 0.045607950191
4,5,5,0, 0.366982612470
4,5,5,1, 0.270307747086
4,5,5,4, 0.370028119890
4,5,5,5, 0.558398539309
4,5,5,6, 0.302053393530
4,5,5,9, 0.015914580712
4,5,6,0, 0.229722163315
4,5,6,1, 0.259931855796
4,5,6,4, 0.141281366742
4,5,6,5, 0.302053393530
4,5,6,6, 0.286290171075
4,5,6,9, 0.014672141737
4,5,7,2, 0.305054031032
4,5,7,7, 0.473720425754
4,5,8,3, 0.305054031032
4,5,8,8, 0.473720425754
4,5,9,0,-0.198543622746
4,5,9,1,-0.030572915057
4,5,9,4, 0.045607950191
4,5,9,5, 0.015914580712
4,5,9,6, 0.014672141737
4,5,9,9, 0.444892289489
4,6,0,0, 0.081097717787
4,6,0,1, 0.050720269221
4,6,0,4, 0.093073217528
4,6,0,5, 0.107885626590
4,6,0,6, 0.056235195060
4,6,0,9,-0.030572915057
4,6,1,0, 0.050720269221
4,6,1,1, 0.057970646909
4,6,1,4, 0.066751943044
4,6,1,5, 0.085428199250
4,6,1,6, 0.069445412671
4,6,1,9, 0.011008104225
4,6,2,2, 0.075023014112
4,6,2,7, 0.093127958000
4,6,3,3, 0.075023014112
4,6,3,8, 0.093127958000
4,6,4,0, 0.093073217528
4,6,4,1, 0.066751943044
4,6,4,4, 0.084856247399
4,6,4,5, 0.141281366742
4,6,4,6, 0.071265740638
4,6,4,9, 0.001305496222
4,6,5,0, 0.107885626590
4,6,5,1, 0.085428199250
4,6,5,4, 0.141281366742
4,6,5,5, 0.189969568873
4,6,5,6, 0.099763389112
4,6,5,9, 0.028457044960
4,6,6,0, 0.056235195060
4,6,6,1, 0.069445412671
4,6,6,4, 0.071265740638
4,6,6,5, 0.099763389112
4,6,6,6, 0.085704045981
4,6,6,9, 0.024893848294
4,6,7,2, 0.093127958000
4,6,7,7, 0.166728481957
4,6,8,3, 0.093127958000
4,6,8,8, 0.166728481957
4,6,9,0,-0.030572915057
4,6,9,1, 0.011008104225
4,6,9,4, 0.001305496222
4,6,9,5, 0.028457044960
4,6,9,6, 0.024893848294
4,6,9,9, 0.138189665912
4,7,0,2, 0.059843224015
4,7,0,7, 0.069673220861
4,7,1,2, 0.043615438592
4,7,1,7, 0.060570334011
4,7,2,0, 0.059843224015
4,7,2,1, 0.043615438592
4,7,2,4, 0.043510552152
4,7,2,5, 0.065293072339
4,7,2,6, 0.044182771204
4,7,2,9,-0.031765445548
4,7,4,2, 0.043510552152
4,7,4,7, 0.079627701741
4,7,5,2, 0.065293072339
4,7,5,7, 0.106782257679
4,7,6,2, 0.044182771204
4,7,6,7, 0.067921361023
4,7,7,0, 0.069673220861
4,7,7,1, 0.060570334011
4,7,7,4, 0.079627701741
4,7,7,5, 0.106782257679
4,7,7,6, 0.067921361023
4,7,7,9, 0.001655393705
4,7,9,2,-0.031765445548
4,7,9,7, 0.001655393705
4,8,0,3, 0.059843224015
4,8,0,8, 0.069673220861
4,8,1,3, 0.043615438592
4,8,1,8, 0.060570334011
4,8,3,0, 0.059843224015
4,8,3,1, 0.043615438592
4,8,3,4, 0.043510552152
4,8,3,5, 0.065293072339
4,8,3,6, 0.044182771204
4,8,3,9,-0.031765445548
4,8,4,3, 0.043510552152
4,8,4,8, 0.079627701741
4,8,5,3, 0.065293072339
4,8,5,8, 0.106782257679
4,8,6,3, 0.044182771204
4,8,6,8, 0.067921361023
4,8,8,0, 0.069673220861
4,8,8,1, 0.060570334011
4,8,8,4, 0.079627701741
4,8,8,5, 0.106782257679
4,8,8,6, 0.067921361023
4,8,8,9, 0.001655393705
4,8,9,3,-0.031765445548
4,8,9,8, 0.001655393705
4,9,0,0, 0.111390679265
4,9,0,1, 0.074709642161
4,9,0,4,-0.039585568964
4,9,0,5, 0.073526385202
4,9,0,6, 0.066460476905
4,9,0,9,-0.045607950191
4,9,1,0, 0.074709642161
4,9,1,1, 0.092080897074
4,9,1,4,-0.017412656606
4,9,1,5, 0.066460476905
4,9,1,6, 0.087106587993
4,9,1,9,-0.001305496222
4,9,2,2, 0.104255196030
4,9,2,7, 0.064529967831
4,9,3,3, 0.104255196030
4,9,3,8, 0.064529967831
4,9,4,0,-0.039585568964
4,9,4,1,-0.017412656606
4,9,4,4, 0.135558583829
4,9,4,5, 0.045607950191
4,9,4,6, 0.001305496222
4,9,4,9, 0.067237051252
4,9,5,0, 0.073526385202
4,9,5,1, 0.066460476905
4,9,5,4, 0.045607950191
4,9,5,5, 0.111390679265
4,9,5,6, 0.074709642161
4,9,5,9, 0.039585568964
4,9,6,0, 0.066460476905
4,9,6,1, 0.087106587993
4,9,6,4, 0.001305496222
4,9,6,5, 0.074709642161
4,9,6,6, 0.092080897074
4,9,6,9, 0.017412656606
4,9,7,2, 0.064529967831
4,9,7,7, 0.104255196030
4,9,8,3, 0.064529967831
4,9,8,8, 0.104255196030
4,9,9,0,-0.045607950191
4,9,9,1,-0.001305496222
4,9,9,4, 0.067237051252
4,9,9,5, 0.039585568964
4,9,9,6, 0.017412656606
4,9,9,9, 0.135558583829
5,0,0,0, 0.622764803000
5,0,0,1, 0.359614690141
5,0,0,4, 0.074875069471
5,0,0,5, 0.478968761002
5,0,0,6, 0.333329328999
5,0,0,9,-0.366982612470
5,0,1,0, 0.359614690141
5,0,1,1, 0.372143468513
5,0,1,4, 0.051266584664
5,0,1,5, 0.333329328999
5,0,1,6, 0.356567917400
5,0,1,9,-0.107885626590
5,0,2,2, 0.548326564177
5,0,2,7, 0.403449188693
5,0,3,3, 0.548326564177
5,0,3,8, 0.403449188693
5,0,4,0, 0.074875069471
5,0,4,1, 0.051266584664
5,0,4,4, 0.569483806142
5,0,4,5, 0.366982612470
5,0,4,6, 0.107885626590
5,0,4,9, 0.073526385202
5,0,5,0, 0.478968761002
5,0,5,1, 0.333329328999
5,0,5,4, 0.366982612470
5,0,5,5, 0.622764803000
5,0,5,6, 0.359614690141
5,0,5,9,-0.074875069471
5,0,6,0, 0.333329328999
5,0,6,1, 0.356567917400
5,0,6,4, 0.107885626590
5,0,6,5, 0.359614690141
5,0,6,6, 0.372143468513
5,0,6,9,-0.051266584664
5,0,7,2, 0.403449188693
5,0,7,7, 0.548326564177
5,0,8,3, 0.403449188693
5,0,8,8, 0.548326564177
5,0,9,0,-0.366982612470
5,0,9,1,-0.107885626590
5,0,9,4, 0.073526385202
5,0,9,5,-0.074875069471
5,0,9,6,-0.051266584664
5,0,9,9, 0.569483806142
5,1,0,0, 0.416695095291
5,1,0,1, 0.254280792799
5,1,0,4, 0.057767475070
5,1,0,5, 0.333329328999
5,1,0,6, 0.237564375457
5,1,0,9,-0.229722163315
5,1,1,0, 0.254280792799
5,1,1,1, 0.284263485227
5,1,1,4, 0.043337413075
5,1,1,5, 0.248087310027
5,1,1,6, 0.276538529904
5,1,1,9,-0.056235195060
5,1,2,2, 0.385785675710
5,1,2,7, 0.292305263243
5,1,3,3, 0.385785675710
5,1,3,8, 0.292305263243
5,1,4,0, 0.057767475070
5,1,4,1, 0.043337413075
5,1,4,4, 0.402789786455
5,1,4,5, 0.270307747086
5,1,4,6, 0.085428199250
5,1,4,9, 0.066460476905
5,1,5,0, 0.333329328999
5,1,5,1, 0.248087310027
5,1,5,4, 0.270307747086
5,1,5,5, 0.456713920918
5,1,5,6, 0.271852903000
5,1,5,9,-0.014689669159
5,1,6,0, 0.237564375457
5,1,6,1, 0.276538529904
5,1,6,4, 0.085428199250
5,1,6,5, 0.271852903000
5,1,6,6, 0.294205332195
5,1,6,9,-0.010986969121
5,1,7,2, 0.292305263243
5,1,7,7, 0.418345881305
5,1,8,3, 0.292305263243
5,1,8,8, 0.418345881305
5,1,9,0,-0.229722163315
5,1,9,1,-0.056235195060
5,1,9,4, 0.066460476905
5,1,9,5,-0.014689669159
5,1,9,6,-0.010986969121
5,1,9,9, 0.419194043878
5,2,0,2, 0.104470457670
5,2,0,7, 0.082006499236
5,2,1,2, 0.071115874973
5,2,1,7, 0.064348104944
5,2,2,0, 0.104470457670
5,2,2,1, 0.071115874973
5,2,2,4, 0.021157807064
5,2,2,5, 0.082576622513
5,2,2,6, 0.066247396948
5,2,2,9,-0.069673220861
5,2,4,2, 0.021157807064
5,2,4,7, 0.065293072339
5,2,5,2, 0.082576622513
5,2,5,7, 0.099916077064
5,2,6,2, 0.066247396948
5,2,6,7, 0.068271987206
5,2,7,0, 0.082006499236
5,2,7,1, 0.064348104944
5,2,7,4, 0.065293072339
5,2,7,5, 0.099916077064
5,2,7,6, 0.068271987206
5,2,7,9,-0.026007663934
5,2,9,2,-0.069673220861
5,2,9,7,-0.026007663934
5,3,0,3, 0.104470457670
5,3,0,8, 0.082006499236
5,3,1,3, 0.071115874973
5,3,1,8, 0.064348104944
5,3,3,0, 0.104470457670
5,3,3,1, 0.071115874973
5,3,3,4, 0.021157807064
5,3,3,5, 0.082576622513
5,3,3,6, 0.066247396948
5,3,3,9,-0.069673220861
5,3,4,3, 0.021157807064
5,3,4,8, 0.065293072339
5,3,5,3, 0.082576622513
5,3,5,8, 0.099916077064
5,3,6,3, 0.066247396948
5,3,6,8, 0.068271987206
5,3,8,0, 0.082006499236
5,3,8,1, 0.064348104944
5,3,8,4, 0.065293072339
5,3,8,5, 0.099916077064
5,3,8,6, 0.068271987206
5,3,8,9,-0.026007663934
5,3,9,3,-0.069673220861
5,3,9,8,-0.026007663934
5,4,0,0, 0.390678996518
5,4,0,1, 0.235959261858
5,4,0,4, 0.152285182934
5,4,0,5, 0.366982612470
5,4,0,6, 0.229722163315
5,4,0,9,-0.198543622746
5,4,1,0, 0.235959261858
5,4,1,1, 0.255577118277
5,4,1,4, 0.105041065646
5,4,1,5, 0.270307747086
5,4,1,6, 0.259931855796
5,4,1,9,-0.030572915057
5,4,2,2, 0.348325322394
5,4,2,7, 0.305054031032
5,4,3,3, 0.348325322394
5,4,3,8, 0.305054031032
5,4,4,0, 0.152285182934
5,4,4,1, 0.105041065646
5,4,4,4, 0.406314869290
5,4,4,5, 0.370028119890
5,4,4,6, 0.141281366742
5,4,4,9, 0.045607950191
5,4,5,0, 0.366982612470
5,4,5,1, 0.270307747086
5,4,5,4, 0.370028119890
5,4,5,5, 0.558398539309
5,4,5,6, 0.302053393530
5,4,5,9, 0.015914580712
5,4,6,0, 0.229722163315
5,4,6,1, 0.259931855796
5,4,6,4, 0.141281366742
5,4,6,5, 0.302053393530
5,4,6,6, 0.286290171075
5,4,6,9, 0.014672141737
5,4,7,2, 0.305054031032
5,4,7,7, 0.473720425754
5,4,8,3, 0.305054031032
5,4,8,8, 0.473720425754
5,4,9,0,-0.198543622746
5,4,9,1,-0.030572915057
5,4,9,4, 0.045607950191
5,4,9,5, 0.015914580712
5,4,9,6, 0.014672141737
5,4,9,9, 0.444892289489
5,5,0,0, 0.732173683778
5,5,0,1, 0.439415685889
5,5,0,4, 0.165716669634
5,5,0,5, 0.622764803000
5,5,0,6, 0.416695095291
5,5,0,9,-0.390678996518
5,5,1,0, 0.439415685889
5,5,1,1, 0.476234894359
5,5,1,4, 0.118271403675
5,5,1,5, 0.456713920918
5,5,1,6, 0.470831495617
5,5,1,9,-0.081097717787
5,5,2,2, 0.654549635314
5,5,2,7, 0.522386564768
5,5,3,3, 0.654549635314
5,5,3,8, 0.522386564768
5,5,4,0, 0.165716669634
5,5,4,1, 0.118271403675
5,5,4,4, 0.733463119304
5,5,4,5, 0.558398539309
5,5,4,6, 0.189969568873
5,5,4,9, 0.111390679265
5,5,5,0, 0.622764803000
5,5,5,1, 0.456713920918
5,5,5,4, 0.558398539309
5,5,5,5, 0.897251802255
5,5,5,6, 0.504699283325
5,5,6,0, 0.416695095291
5,5,6,1, 0.470831495617
5,5,6,4, 0.189969568873
5,5,6,5, 0.504699283325
5,5,6,6, 0.507364877272
5,5,7,2, 0.522386564768
5,5,7,7, 0.775037038942
5,5,8,3, 0.522386564768
5,5,8,8, 0.775037038942
5,5,9,0,-0.390678996518
5,5,9,1,-0.081097717787
5,5,9,4, 0.111390679265
5,5,9,9, 0.775037038942
5,6,0,0, 0.439415685889
5,6,0,1, 0.270474689323
5,6,0,4, 0.071901986170
5,6,0,5, 0.359614690141
5,6,0,6, 0.254280792799
5,6,0,9,-0.235959261858
5,6,1,0, 0.270474689323
5,6,1,1, 0.306590362583
5,6,1,4, 0.054700461471
5,6,1,5, 0.271852903000
5,6,1,6, 0.301316821481
5,6,1,9,-0.050720269221
5,6,2,2, 0.407624536463
5,6,2,7, 0.315330071516
5,6,3,3, 0.407624536463
5,6,3,8, 0.315330071516
5,6,4,0, 0.071901986170
5,6,4,1, 0.054700461471
5,6,4,4, 0.431515049442
5,6,4,5, 0.302053393530
5,6,4,6, 0.099763389112
5,6,4,9, 0.074709642161
5,6,5,0, 0.359614690141
5,6,5,1, 0.271852903000
5,6,5,4, 0.302053393530
5,6,5,5, 0.504699283325
5,6,5,6, 0.300015949963
5,6,6,0, 0.254280792799
5,6,6,1, 0.301316821481
5,6,6,4, 0.099763389112
5,6,6,5, 0.300015949963
5,6,6,6, 0.324022459289
5,6,7,2, 0.315330071516
5,6,7,7, 0.462081934851
5,6,8,3, 0.315330071516
5,6,8,8, 0.462081934851
5,6,9,0,-0.235959261858
5,6,9,1,-0.050720269221
5,6,9,4, 0.074709642161
5,6,9,9, 0.462081934851
5,7,0,2, 0.105604861310
5,7,0,7, 0.104470457670
5,7,1,2, 0.076030751228
5,7,1,7, 0.091119196595
5,7,2,0, 0.105604861310
5,7,2,1, 0.076030751228
5,7,2,4, 0.046676662057
5,7,2,5, 0.099916077064
5,7,2,6, 0.074122836550
5,7,2,9,-0.059843224015
5,7,4,2, 0.046676662057
5,7,4,7, 0.106782257679
5,7,5,2, 0.099916077064
5,7,5,7, 0.152608082603
5,7,6,2, 0.074122836550
5,7,6,7, 0.101353944495
5,7,7,0, 0.104470457670
5,7,7,1, 0.091119196595
5,7,7,4, 0.106782257679
5,7,7,5, 0.152608082603
5,7,7,6, 0.101353944495
5,7,9,2,-0.059843224015
5,8,0,3, 0.105604861310
5,8,0,8, 0.104470457670
5,8,1,3, 0.076030751228
5,8,1,8, 0.091119196595
5,8,3,0, 0.105604861310
5,8,3,1, 0.076030751228
5,8,3,4, 0.046676662057
5,8,3,5, 0.099916077064
5,8,3,6, 0.074122836550
5,8,3,9,-0.059843224015
5,8,4,3, 0.046676662057
5,8,4,8, 0.106782257679
5,8,5,3, 0.099916077064
5,8,5,8, 0.152608082603
5,8,6,3, 0.074122836550
5,8,6,8, 0.101353944495
5,8,8,0, 0.104470457670
5,8,8,1, 0.091119196595
5,8,8,4, 0.106782257679
5,8,8,5, 0.152608082603
5,8,8,6, 0.101353944495
5,8,9,3,-0.059843224015
5,9,0,0,-0.165716669634
5,9,0,1,-0.071901986170
5,9,0,4, 0.031661026560
5,9,0,5,-0.074875069471
5,9,0,6,-0.057767475070
5,9,0,9, 0.152285182934
5,9,1,0,-0.071901986170
5,9,1,1,-0.038087912986
5,9,1,4, 0.033690955970
5,9,1,5,-0.014689669159
5,9,1,6,-0.019595003108
5,9,1,9, 0.093073217528
5,9,2,2,-0.130967436054
5,9,2,7,-0.059843224015
5,9,3,3,-0.130967436054
5,9,3,8,-0.059843224015
5,9,4,0, 0.031661026560
5,9,4,1, 0.033690955970
5,9,4,4,-0.080736217194
5,9,4,5, 0.015914580712
5,9,4,6, 0.028457044960
5,9,4,9, 0.039585568964
5,9,5,0,-0.074875069471
5,9,5,1,-0.014689669159
5,9,5,4, 0.015914580712
5,9,5,9, 0.152608082603
5,9,6,0,-0.057767475070
5,9,6,1,-0.019595003108
5,9,6,4, 0.028457044960
5,9,6,9, 0.101353944495
5,9,7,2,-0.059843224015
5,9,8,3,-0.059843224015
5,9,9,0, 0.152285182934
5,9,9,1, 0.093073217528
5,9,9,4, 0.039585568964
5,9,9,5, 0.152608082603
5,9,9,6, 0.101353944495
6,0,0,0, 0.456713920918
6,0,0,1, 0.271852903000
6,0,0,4, 0.014689669159
6,0,0,5, 0.333329328999
6,0,0,6, 0.248087310027
6,0,0,9,-0.270307747086
6,0,1,0, 0.271852903000
6,0,1,1, 0.294205332195
6,0,1,4, 0.010986969121
6,0,1,5, 0.237564375457
6,0,1,6, 0.276538529904
6,0,1,9,-0.085428199250
6,0,2,2, 0.418345881305
6,0,2,7, 0.292305263243
6,0,3,3, 0.418345881305
6,0,3,8, 0.292305263243
6,0,4,0, 0.014689669159
6,0,4,1, 0.010986969121
6,0,4,4, 0.419194043878
6,0,4,5, 0.229722163315
6,0,4,6, 0.056235195060
6,0,4,9, 0.066460476905
6,0,5,0, 0.333329328999
6,0,5,1, 0.237564375457
6,0,5,4, 0.229722163315
6,0,5,5, 0.416695095291
6,0,5,6, 0.254280792799
6,0,5,9,-0.057767475070
6,0,6,0, 0.248087310027
6,0,6,1, 0.276538529904
6,0,6,4, 0.056235195060
6,0,6,5, 0.254280792799
6,0,6,6, 0.284263485227
6,0,6,9,-0.043337413075
6,0,7,2, 0.292305263243
6,0,7,7, 0.385785675710
6,0,8,3, 0.292305263243
6,0,8,8, 0.385785675710
6,0,9,0,-0.270307747086
6,0,9,1,-0.085428199250
6,0,9,4, 0.066460476905
6,0,9,5,-0.057767475070
6,0,9,6,-0.043337413075
6,0,9,9, 0.402789786455
6,1,0,0, 0.470831495617
6,1,0,1, 0.301316821481
6,1,0,4, 0.019595003108
6,1,0,5, 0.356567917400
6,1,0,6, 0.276538529904
6,1,0,9,-0.259931855796
6,1,1,0, 0.301316821481
6,1,1,1, 0.368101971589
6,1,1,4, 0.016472887584
6,1,1,5, 0.276538529904
6,1,1,6, 0.350549386482
6,1,1,9,-0.069445412671
6,1,2,2, 0.455806164073
6,1,2,7, 0.326654541280
6,1,3,3, 0.455806164073
6,1,3,8, 0.326654541280
6,1,4,0, 0.019595003108
6,1,4,1, 0.016472887584
6,1,4,4, 0.457159495457
6,1,4,5, 0.259931855796
6,1,4,6, 0.069445412671
6,1,4,9, 0.087106587993
6,1,5,0, 0.356567917400
6,1,5,1, 0.276538529904
6,1,5,4, 0.259931855796
6,1,5,5, 0.470831495617
6,1,5,6, 0.301316821481
6,1,5,9,-0.019595003108
6,1,6,0, 0.276538529904
6,1,6,1, 0.350549386482
6,1,6,4, 0.069445412671
6,1,6,5, 0.301316821481
6,1,6,6, 0.368101971589
6,1,6,9,-0.016472887584
6,1,7,2, 0.326654541280
6,1,7,7, 0.455806164073
6,1,8,3, 0.326654541280
6,1,8,8, 0.455806164073
6,1,9,0,-0.259931855796
6,1,9,1,-0.069445412671
6,1,9,4, 0.087106587993
6,1,9,5,-0.019595003108
6,1,9,6,-0.016472887584
6,1,9,9, 0.457159495457
6,2,0,2, 0.091119196595
6,2,0,7, 0.064348104944
6,2,1,2, 0.065214097388
6,2,1,7, 0.052439228985
6,2,2,0, 0.091119196595
6,2,2,1, 0.065214097388
6,2,2,4, 0.004871558499
6,2,2,5, 0.066247396948
6,2,2,6, 0.059287144976
6,2,2,9,-0.060570334011
6,2,4,2, 0.004871558499
6,2,4,7, 0.044182771204
6,2,5,2, 0.066247396948
6,2,5,7, 0.074122836550
6,2,6,2, 0.059287144976
6,2,6,7, 0.054951456261
6,2,7,0, 0.064348104944
6,2,7,1, 0.052439228985
6,2,7,4, 0.044182771204
6,2,7,5, 0.074122836550
6,2,7,6, 0.054951456261
6,2,7,9,-0.022411656689
6,2,9,2,-0.060570334011
6,2,9,7,-0.022411656689
6,3,0,3, 0.091119196595
6,3,0,8, 0.064348104944
6,3,1,3, 0.065214097388
6,3,1,8, 0.052439228985
6,3,3,0, 0.091119196595
6,3,3,1, 0.065214097388
6,3,3,4, 0.004871558499
6,3,3,5, 0.066247396948
6,3,3,6, 0.059287144976
6,3,3,9,-0.060570334011
6,3,4,3, 0.004871558499
6,3,4,8, 0.044182771204
6,3,5,3, 0.066247396948
6,3,5,8, 0.074122836550
6,3,6,3, 0.059287144976
6,3,6,8, 0.054951456261
6,3,8,0, 0.064348104944
6,3,8,1, 0.052439228985
6,3,8,4, 0.044182771204
6,3,8,5, 0.074122836550
6,3,8,6, 0.054951456261
6,3,8,9,-0.022411656689
6,3,9,3,-0.060570334011
6,3,9,8,-0.022411656689
6,4,0,0, 0.081097717787
6,4,0,1, 0.050720269221
6,4,0,4, 0.093073217528
6,4,0,5, 0.107885626590
6,4,0,6, 0.056235195060
6,4,0,9,-0.030572915057
6,4,1,0, 0.050720269221
6,4,1,1, 0.057970646909
6,4,1,4, 0.066751943044
6,4,1,5, 0.085428199250
6,4,1,6, 0.069445412671
6,4,1,9, 0.011008104225
6,4,2,2, 0.075023014112
6,4,2,7, 0.093127958000
6,4,3,3, 0.075023014112
6,4,3,8, 0.093127958000
6,4,4,0, 0.093073217528
6,4,4,1, 0.066751943044
6,4,4,4, 0.084856247399
6,4,4,5, 0.141281366742
6,4,4,6, 0.071265740638
6,4,4,9, 0.001305496222
6,4,5,0, 0.107885626590
6,4,5,1, 0.085428199250
6,4,5,4, 0.141281366742
6,4,5,5, 0.189969568873
6,4,5,6, 0.099763389112
6,4,5,9, 0.028457044960
6,4,6,0, 0.056235195060
6,4,6,1, 0.069445412671
6,4,6,4, 0.071265740638
6,4,6,5, 0.099763389112
6,4,6,6, 0.085704045981
6,4,6,9, 0.024893848294
6,4,7,2, 0.093127958000
6,4,7,7, 0.166728481957
6,4,8,3, 0.093127958000
6,4,8,8, 0.166728481957
6,4,9,0,-0.030572915057
6,4,9,1, 0.011008104225
6,4,9,4, 0.001305496222
6,4,9,5, 0.028457044960
6,4,9,6, 0.024893848294
6,4,9,9, 0.138189665912
6,5,0,0, 0.439415685889
6,5,0,1, 0.270474689323
6,5,0,4, 0.071901986170
6,5,0,5, 0.359614690141
6,5,0,6, 0.254280792799
6,5,0,9,-0.235959261858
6,5,1,0, 0.270474689323
6,5,1,1, 0.306590362583
6,5,1,4, 0.054700461471
6,5,1,5, 0.271852903000
6,5,1,6, 0.301316821481
6,5,1,9,-0.050720269221
6,5,2,2, 0.407624536463
6,5,2,7, 0.315330071516
6,5,3,3, 0.407624536463
6,5,3,8, 0.315330071516
6,5,4,0, 0.071901986170
6,5,4,1, 0.054700461471
6,5,4,4, 0.431515049442
6,5,4,5, 0.302053393530
6,5,4,6, 0.099763389112
6,5,4,9, 0.074709642161
6,5,5,0, 0.359614690141
6,5,5,1, 0.271852903000
6,5,5,4, 0.302053393530
6,5,5,5, 0.504699283325
6,5,5,6, 0.300015949963
6,5,6,0, 0.254280792799
6,5,6,1, 0.301316821481
6,5,6,4, 0.099763389112
6,5,6,5, 0.300015949963
6,5,6,6, 0.324022459289
6,5,7,2, 0.315330071516
6,5,7,7, 0.462081934851
6,5,8,3, 0.315330071516
6,5,8,8, 0.462081934851
6,5,9,0,-0.235959261858
6,5,9,1,-0.050720269221
6,5,9,4, 0.074709642161
6,5,9,9, 0.462081934851
6,6,0,0, 0.476234894359
6,6,0,1, 0.306590362583
6,6,0,4, 0.038087912986
6,6,0,5, 0.372143468513
6,6,0,6, 0.284263485227
6,6,0,9,-0.255577118277
6,6,1,0, 0.306590362583
6,6,1,1, 0.379259132669
6,6,1,4, 0.032220641310
6,6,1,5, 0.294205332195
6,6,1,6, 0.368101971589
6,6,1,9,-0.057970646909
6,6,2,2, 0.461327078515
6,6,2,7, 0.340885498835
6,6,3,3, 0.461327078515
6,6,3,8, 0.340885498835
6,6,4,0, 0.038087912986
6,6,4,1, 0.032220641310
6,6,4,4, 0.466486450940
6,6,4,5, 0.286290171075
6,6,4,6, 0.085704045981
6,6,4,9, 0.092080897074
6,6,5,0, 0.372143468513
6,6,5,1, 0.294205332195
6,6,5,4, 0.286290171075
6,6,5,5, 0.507364877272
6,6,5,6, 0.324022459289
6,6,6,0, 0.284263485227
6,6,6,1, 0.368101971589
6,6,6,4, 0.085704045981
6,6,6,5, 0.324022459289
6,6,6,6, 0.394125899248
6,6,7,2, 0.340885498835
6,6,7,7, 0.491073083906
6,6,8,3, 0.340885498835
6,6,8,8, 0.491073083906
6,6,9,0,-0.255577118277
6,6,9,1,-0.057970646909
6,6,9,4, 0.092080897074
6,6,9,9, 0.491073083906
6,7,0,2, 0.076030751228
6,7,0,7, 0.071115874973
6,7,1,2, 0.057065768812
6,7,1,7, 0.065214097388
6,7,2,0, 0.076030751228
6,7,2,1, 0.057065768812
6,7,2,4, 0.026306999063
6,7,2,5, 0.068271987206
6,7,2,6, 0.054951456261
6,7,2,9,-0.043615438592
6,7,4,2, 0.026306999063
6,7,4,7, 0.067921361023
6,7,5,2, 0.068271987206
6,7,5,7, 0.101353944495
6,7,6,2, 0.054951456261
6,7,6,7, 0.072461555243
6,7,7,0, 0.071115874973
6,7,7,1, 0.065214097388
6,7,7,4, 0.067921361023
6,7,7,5, 0.101353944495
6,7,7,6, 0.072461555243
6,7,9,2,-0.043615438592
6,8,0,3, 0.076030751228
6,8,0,8, 0.071115874973
6,8,1,3, 0.057065768812
6,8,1,8, 0.065214097388
6,8,3,0, 0.076030751228
6,8,3,1, 0.057065768812
6,8,3,4, 0.026306999063
6,8,3,5, 0.068271987206
6,8,3,6, 0.054951456261
6,8,3,9,-0.043615438592
6,8,4,3, 0.026306999063
6,8,4,8, 0.067921361023
6,8,5,3, 0.068271987206
6,8,5,8, 0.101353944495
6,8,6,3, 0.054951456261
6,8,6,8, 0.072461555243
6,8,8,0, 0.071115874973
6,8,8,1, 0.065214097388
6,8,8,4, 0.067921361023
6,8,8,5, 0.101353944495
6,8,8,6, 0.072461555243
6,8,9,3,-0.043615438592
6,9,0,0,-0.118271403675
6,9,0,1,-0.054700461471
6,9,0,4, 0.033690955970
6,9,0,5,-0.051266584664
6,9,0,6,-0.043337413075
6,9,0,9, 0.105041065646
6,9,1,0,-0.054700461471
6,9,1,1,-0.032220641310
6,9,1,4, 0.030469521957
6,9,1,5,-0.010986969121
6,9,1,6,-0.016472887584
6,9,1,9, 0.066751943044
6,9,2,2,-0.100218685554
6,9,2,7,-0.043615438592
6,9,3,3,-0.100218685554
6,9,3,8,-0.043615438592
6,9,4,0, 0.033690955970
6,9,4,1, 0.030469521957
6,9,4,4,-0.066293931498
6,9,4,5, 0.014672141737
6,9,4,6, 0.024893848294
6,9,4,9, 0.017412656606
6,9,5,0,-0.051266584664
6,9,5,1,-0.010986969121
6,9,5,4, 0.014672141737
6,9,5,9, 0.101353944495
6,9,6,0,-0.043337413075
6,9,6,1,-0.016472887584
6,9,6,4, 0.024893848294
6,9,6,9, 0.072461555243
6,9,7,2,-0.043615438592
6,9,8,3,-0.043615438592
6,9,9,0, 0.105041065646
6,9,9,1, 0.066751943044
6,9,9,4, 0.017412656606
6,9,9,5, 0.101353944495
6,9,9,6, 0.072461555243
7,0,0,2, 0.099916077064
7,0,0,7, 0.082576622513
7,0,1,2, 0.068271987206
7,0,1,7, 0.066247396948
7,0,2,0, 0.099916077064
7,0,2,1, 0.068271987206
7,0,2,4, 0.026007663934
7,0,2,5, 0.082006499236
7,0,2,6, 0.064348104944
7,0,2,9,-0.065293072339
7,0,4,2, 0.026007663934
7,0,4,7, 0.069673220861
7,0,5,2, 0.082006499236
7,0,5,7, 0.104470457670
7,0,6,2, 0.064348104944
7,0,6,7, 0.071115874973
7,0,7,0, 0.082576622513
7,0,7,1, 0.066247396948
7,0,7,4, 0.069673220861
7,0,7,5, 0.104470457670
7,0,7,6, 0.071115874973
7,0,7,9,-0.021157807064
7,0,9,2,-0.065293072339
7,0,9,7,-0.021157807064
7,1,0,2, 0.074122836550
7,1,0,7, 0.066247396948
7,1,1,2, 0.054951456261
7,1,1,7, 0.059287144976
7,1,2,0, 0.074122836550
7,1,2,1, 0.054951456261
7,1,2,4, 0.022411656689
7,1,2,5, 0.064348104944
7,1,2,6, 0.052439228985
7,1,2,9,-0.044182771204
7,1,4,2, 0.022411656689
7,1,4,7, 0.060570334011
7,1,5,2, 0.064348104944
7,1,5,7, 0.091119196595
7,1,6,2, 0.052439228985
7,1,6,7, 0.065214097388
7,1,7,0, 0.066247396948
7,1,7,1, 0.059287144976
7,1,7,4, 0.060570334011
7,1,7,5, 0.091119196595
7,1,7,6, 0.065214097388
7,1,7,9,-0.004871558499
7,1,9,2,-0.044182771204
7,1,9,7,-0.004871558499
7,2,0,0, 0.522386564768
7,2,0,1, 0.315330071516
7,2,0,4, 0.059843224015
7,2,0,5, 0.403449188693
7,2,0,6, 0.292305263243
7,2,0,9,-0.305054031032
7,2,1,0, 0.315330071516
7,2,1,1, 0.340885498835
7,2,1,4, 0.043615438592
7,2,1,5, 0.292305263243
7,2,1,6, 0.326654541280
7,2,1,9,-0.093127958000
7,2,2,2, 0.527091916673
7,2,2,7, 0.390875092248
7,2,3,3, 0.467145610418
7,2,3,8, 0.343012836054
7,2,4,0, 0.059843224015
7,2,4,1, 0.043615438592
7,2,4,4, 0.480683009442
7,2,4,5, 0.305054031032
7,2,4,6, 0.093127958000
7,2,4,9, 0.064529967831
7,2,5,0, 0.403449188693
7,2,5,1, 0.292305263243
7,2,5,4, 0.305054031032
7,2,5,5, 0.522386564768
7,2,5,6, 0.315330071516
7,2,5,9,-0.059843224015
7,2,6,0, 0.292305263243
7,2,6,1, 0.326654541280
7,2,6,4, 0.093127958000
7,2,6,5, 0.315330071516
7,2,6,6, 0.340885498835
7,2,6,9,-0.043615438592
7,2,7,2, 0.390875092248
7,2,7,7, 0.527091916673
7,2,8,3, 0.343012836054
7,2,8,8, 0.467145610418
7,2,9,0,-0.305054031032
7,2,9,1,-0.093127958000
7,2,9,4, 0.064529967831
7,2,9,5,-0.059843224015
7,2,9,6,-0.043615438592
7,2,9,9, 0.480683009442
7,3,2,3, 0.029973153127
7,3,2,8, 0.023931128097
7,3,3,2, 0.029973153127
7,3,3,7, 0.023931128097
7,3,7,3, 0.023931128097
7,3,7,8, 0.029973153127
7,3,8,2, 0.023931128097
7,3,8,7, 0.029973153127
7,4,0,2, 0.059843224015
7,4,0,7, 0.069673220861
7,4,1,2, 0.043615438592
7,4,1,7, 0.060570334011
7,4,2,0, 0.059843224015
7,4,2,1, 0.043615438592
7,4,2,4, 0.043510552152
7,4,2,5, 0.065293072339
7,4,2,6, 0.044182771204
7,4,2,9,-0.031765445548
7,4,4,2, 0.043510552152
7,4,4,7, 0.079627701741
7,4,5,2, 0.065293072339
7,4,5,7, 0.106782257679
7,4,6,2, 0.044182771204
7,4,6,7, 0.067921361023
7,4,7,0, 0.069673220861
7,4,7,1, 0.060570334011
7,4,7,4, 0.079627701741
7,4,7,5, 0.106782257679
7,4,7,6, 0.067921361023
7,4,7,9, 0.001655393705
7,4,9,2,-0.031765445548
7,4,9,7, 0.001655393705
7,5,0,2, 0.105604861310
7,5,0,7, 0.104470457670
7,5,1,2, 0.076030751228
7,5,1,7, 0.091119196595
7,5,2,0, 0.105604861310
7,5,2,1, 0.076030751228
7,5,2,4, 0.046676662057
7,5,2,5, 0.099916077064
7,5,2,6, 0.074122836550
7,5,2,9,-0.059843224015
7,5,4,2, 0.046676662057
7,5,4,7, 0.106782257679
7,5,5,2, 0.099916077064
7,5,5,7, 0.152608082603
7,5,6,2, 0.074122836550
7,5,6,7, 0.101353944495
7,5,7,0, 0.104470457670
7,5,7,1, 0.091119196595
7,5,7,4, 0.106782257679
7,5,7,5, 0.152608082603
7,5,7,6, 0.101353944495
7,5,9,2,-0.059843224015
7,6,0,2, 0.076030751228
7,6,0,7, 0.071115874973
7,6,1,2, 0.057065768812
7,6,1,7, 0.065214097388
7,6,2,0, 0.076030751228
7,6,2,1, 0.057065768812
7,6,2,4, 0.026306999063
7,6,2,5, 0.068271987206
7,6,2,6, 0.054951456261
7,6,2,9,-0.043615438592
7,6,4,2, 0.026306999063
7,6,4,7, 0.067921361023
7,6,5,2, 0.068271987206
7,6,5,7, 0.101353944495
7,6,6,2, 0.054951456261
7,6,6,7, 0.072461555243
7,6,7,0, 0.071115874973
7,6,7,1, 0.065214097388
7,6,7,4, 0.067921361023
7,6,7,5, 0.101353944495
7,6,7,6, 0.072461555243
7,6,9,2,-0.043615438592
7,7,0,0, 0.654549635314
7,7,0,1, 0.407624536463
7,7,0,4, 0.130967436054
7,7,0,5, 0.548326564177
7,7,0,6, 0.385785675710
7,7,0,9,-0.348325322394
7,7,1,0, 0.407624536463
7,7,1,1, 0.461327078515
7,7,1,4, 0.100218685554
7,7,1,5, 0.418345881305
7,7,1,6, 0.455806164073
7,7,1,9,-0.075023014112
7,7,2,2, 0.652332465745
7,7,2,7, 0.527091916673
7,7,3,3, 0.593230465356
7,7,3,8, 0.467145610418
7,7,4,0, 0.130967436054
7,7,4,1, 0.100218685554
7,7,4,4, 0.647662414814
7,7,4,5, 0.473720425754
7,7,4,6, 0.166728481957
7,7,4,9, 0.104255196030
7,7,5,0, 0.548326564177
7,7,5,1, 0.418345881305
7,7,5,4, 0.473720425754
7,7,5,5, 0.775037038942
7,7,5,6, 0.462081934851
7,7,6,0, 0.385785675710
7,7,6,1, 0.455806164073
7,7,6,4, 0.166728481957
7,7,6,5, 0.462081934851
7,7,6,6, 0.491073083906
7,7,7,2, 0.527091916673
7,7,7,7, 0.785718708997
7,7,8,3, 0.467145610418
7,7,8,8, 0.689508254834
7,7,9,0,-0.348325322394
7,7,9,1,-0.075023014112
7,7,9,4, 0.104255196030
7,7,9,9, 0.689508254834
7,8,2,3, 0.029551000194
7,8,2,8, 0.029973153127
7,8,3,2, 0.029551000194
7,8,3,7, 0.029973153127
7,8,7,3, 0.029973153127
7,8,7,8, 0.048105227081
7,8,8,2, 0.029973153127
7,8,8,7, 0.048105227081
7,9,0,2,-0.046676662057
7,9,0,7,-0.021157807064
7,9,1,2,-0.026306999063
7,9,1,7,-0.004871558499
7,9,2,0,-0.046676662057
7,9,2,1,-0.026306999063
7,9,2,4, 0.001451639706
7,9,2,5,-0.026007663934
7,9,2,6,-0.022411656689
7,9,2,9, 0.043510552152
7,9,4,2, 0.001451639706
7,9,4,7, 0.001655393705
7,9,5,2,-0.026007663934
7,9,6,2,-0.022411656689
7,9,7,0,-0.021157807064
7,9,7,1,-0.004871558499
7,9,7,4, 0.001655393705
7,9,7,9, 0.048105227081
7,9,9,2, 0.043510552152
7,9,9,7, 0.048105227081
8,0,0,3, 0.099916077064
8,0,0,8, 0.082576622513
8,0,1,3, 0.068271987206
8,0,1,8, 0.066247396948
8,0,3,0, 0.099916077064
8,0,3,1, 0.068271987206
8,0,3,4, 0.026007663934
8,0,3,5, 0.082006499236
8,0,3,6, 0.064348104944
8,0,3,9,-0.065293072339
8,0,4,3, 0.026007663934
8,0,4,8, 0.069673220861
8,0,5,3, 0.082006499236
8,0,5,8, 0.104470457670
8,0,6,3, 0.064348104944
8,0,6,8, 0.071115874973
8,0,8,0, 0.082576622513
8,0,8,1, 0.066247396948
8,0,8,4, 0.069673220861
8,0,8,5, 0.104470457670
8,0,8,6, 0.071115874973
8,0,8,9,-0.021157807064
8,0,9,3,-0.065293072339
8,0,9,8,-0.021157807064
8,1,0,3, 0.074122836550
8,1,0,8, 0.066247396948
8,1,1,3, 0.054951456261
8,1,1,8, 0.059287144976
8,1,3,0, 0.074122836550
8,1,3,1, 0.054951456261
8,1,3,4, 0.022411656689
8,1,3,5, 0.064348104944
8,1,3,6, 0.052439228985
8,1,3,9,-0.044182771204
8,1,4,3, 0.022411656689
8,1,4,8, 0.060570334011
8,1,5,3, 0.064348104944
8,1,5,8, 0.091119196595
8,1,6,3, 0.052439228985
8,1,6,8, 0.065214097388
8,1,8,0, 0.066247396948
8,1,8,1, 0.059287144976
8,1,8,4, 0.060570334011
8,1,8,5, 0.091119196595
8,1,8,6, 0.065214097388
8,1,8,9,-0.004871558499
8,1,9,3,-0.044182771204
8,1,9,8,-0.004871558499
8,2,2,3, 0.029973153127
8,2,2,8, 0.023931128097
8,2,3,2, 0.029973153127
8,2,3,7, 0.023931128097
8,2,7,3, 0.023931128097
8,2,7,8, 0.029973153127
8,2,8,2, 0.023931128097
8,2,8,7, 0.029973153127
8,3,0,0, 0.522386564768
8,3,0,1, 0.315330071516
8,3,0,4, 0.059843224015
8,3,0,5, 0.403449188693
8,3,0,6, 0.292305263243
8,3,0,9,-0.305054031032
8,3,1,0, 0.315330071516
8,3,1,1, 0.340885498835
8,3,1,4, 0.043615438592
8,3,1,5, 0.292305263243
8,3,1,6, 0.326654541280
8,3,1,9,-0.093127958000
8,3,2,2, 0.467145610418
8,3,2,7, 0.343012836054
8,3,3,3, 0.527091916673
8,3,3,8, 0.390875092248
8,3,4,0, 0.059843224015
8,3,4,1, 0.043615438592
8,3,4,4, 0.480683009442
8,3,4,5, 0.305054031032
8,3,4,6, 0.093127958000
8,3,4,9, 0.064529967831
8,3,5,0, 0.403449188693
8,3,5,1, 0.292305263243
8,3,5,4, 0.305054031032
8,3,5,5, 0.522386564768
8,3,5,6, 0.315330071516
8,3,5,9,-0.059843224015
8,3,6,0, 0.292305263243
8,3,6,1, 0.326654541280
8,3,6,4, 0.093127958000
8,3,6,5, 0.315330071516
8,3,6,6, 0.340885498835
8,3,6,9,-0.043615438592
8,3,7,2, 0.343012836054
8,3,7,7, 0.467145610418
8,3,8,3, 0.390875092248
8,3,8,8, 0.527091916673
8,3,9,0,-0.305054031032
8,3,9,1,-0.093127958000
8,3,9,4, 0.064529967831
8,3,9,5,-0.059843224015
8,3,9,6,-0.043615438592
8,3,9,9, 0.480683009442
8,4,0,3, 0.059843224015
8,4,0,8, 0.069673220861
8,4,1,3, 0.043615438592
8,4,1,8, 0.060570334011
8,4,3,0, 0.059843224015
8,4,3,1, 0.043615438592
8,4,3,4, 0.043510552152
8,4,3,5, 0.065293072339
8,4,3,6, 0.044182771204
8,4,3,9,-0.031765445548
8,4,4,3, 0.043510552152
8,4,4,8, 0.079627701741
8,4,5,3, 0.065293072339
8,4,5,8, 0.106782257679
8,4,6,3, 0.044182771204
8,4,6,8, 0.067921361023
8,4,8,0, 0.069673220861
8,4,8,1, 0.060570334011
8,4,8,4, 0.079627701741
8,4,8,5, 0.106782257679
8,4,8,6, 0.067921361023
8,4,8,9, 0.001655393705
8,4,9,3,-0.031765445548
8,4,9,8, 0.001655393705
8,5,0,3, 0.105604861310
8,5,0,8, 0.104470457670
8,5,1,3, 0.076030751228
8,5,1,8, 0.091119196595
8,5,3,0, 0.105604861310
8,5,3,1, 0.076030751228
8,5,3,4, 0.046676662057
8,5,3,5, 0.099916077064
8,5,3,6, 0.074122836550
8,5,3,9,-0.059843224015
8,5,4,3, 0.046676662057
8,5,4,8, 0.106782257679
8,5,5,3, 0.099916077064
8,5,5,8, 0.152608082603
8,5,6,3, 0.074122836550
8,5,6,8, 0.101353944495
8,5,8,0, 0.104470457670
8,5,8,1, 0.091119196595
8,5,8,4, 0.106782257679
8,5,8,5, 0.152608082603
8,5,8,6, 0.101353944495
8,5,9,3,-0.059843224015
8,6,0,3, 0.076030751228
8,6,0,8, 0.071115874973
8,6,1,3, 0.057065768812
8,6,1,8, 0.065214097388
8,6,3,0, 0.076030751228
8,6,3,1, 0.057065768812
8,6,3,4, 0.026306999063
8,6,3,5, 0.068271987206
8,6,3,6, 0.054951456261
8,6,3,9,-0.043615438592
8,6,4,3, 0.026306999063
8,6,4,8, 0.067921361023
8,6,5,3, 0.068271987206
8,6,5,8, 0.101353944495
8,6,6,3, 0.054951456261
8,6,6,8, 0.072461555243
8,6,8,0, 0.071115874973
8,6,8,1, 0.065214097388
8,6,8,4, 0.067921361023
8,6,8,5, 0.101353944495
8,6,8,6, 0.072461555243
8,6,9,3,-0.043615438592
8,7,2,3, 0.029551000194
8,7,2,8, 0.029973153127
8,7,3,2, 0.029551000194
8,7,3,7, 0.029973153127
8,7,7,3, 0.029973153127
8,7,7,8, 0.048105227081
8,7,8,2, 0.029973153127
8,7,8,7, 0.048105227081
8,8,0,0, 0.654549635314
8,8,0,1, 0.407624536463
8,8,0,4, 0.130967436054
8,8,0,5, 0.548326564177
8,8,0,6, 0.385785675710
8,8,0,9,-0.348325322394
8,8,1,0, 0.407624536463
8,8,1,1, 0.461327078515
8,8,1,4, 0.100218685554
8,8,1,5, 0.418345881305
8,8,1,6, 0.455806164073
8,8,1,9,-0.075023014112
8,8,2,2, 0.593230465356
8,8,2,7, 0.467145610418
8,8,3,3, 0.652332465745
8,8,3,8, 0.527091916673
8,8,4,0, 0.130967436054
8,8,4,1, 0.100218685554
8,8,4,4, 0.647662414814
8,8,4,5, 0.473720425754
8,8,4,6, 0.166728481957
8,8,4,9, 0.104255196030
8,8,5,0, 0.548326564177
8,8,5,1, 0.418345881305
8,8,5,4, 0.473720425754
8,8,5,5, 0.775037038942
8,8,5,6, 0.462081934851
8,8,6,0, 0.385785675710
8,8,6,1, 0.455806164073
8,8,6,4, 0.166728481957
8,8,6,5, 0.462081934851
8,8,6,6, 0.491073083906
8,8,7,2, 0.467145610418
8,8,7,7, 0.689508254834
8,8,8,3, 0.527091916673
8,8,8,8, 0.785718708997
8,8,9,0,-0.348325322394
8,8,9,1,-0.075023014112
8,8,9,4, 0.104255196030
8,8,9,9, 0.689508254834
8,9,0,3,-0.046676662057
8,9,0,8,-0.021157807064
8,9,1,3,-0.026306999063
8,9,1,8,-0.004871558499
8,9,3,0,-0.046676662057
8,9,3,1,-0.026306999063
8,9,3,4, 0.001451639706
8,9,3,5,-0.026007663934
8,9,3,6,-0.022411656689
8,9,3,9, 0.043510552152
8,9,4,3, 0.001451639706
8,9,4,8, 0.001655393705
8,9,5,3,-0.026007663934
8,9,6,3,-0.022411656689
8,9,8,0,-0.021157807064
8,9,8,1,-0.004871558499
8,9,8,4, 0.001655393705
8,9,8,9, 0.048105227081
8,9,9,3, 0.043510552152
8,9,9,8, 0.048105227081
9,0,0,0,-0.558398539309
9,0,0,1,-0.302053393530
9,0,0,4, 0.015914580712
9,0,0,5,-0.366982612470
9,0,0,6,-0.270307747086
9,0,0,9, 0.370028119890
9,0,1,0,-0.302053393530
9,0,1,1,-0.286290171075
9,0,1,4, 0.014672141737
9,0,1,5,-0.229722163315
9,0,1,6,-0.259931855796
9,0,1,9, 0.141281366742
9,0,2,2,-0.473720425754
9,0,2,7,-0.305054031032
9,0,3,3,-0.473720425754
9,0,3,8,-0.305054031032
9,0,4,0, 0.015914580712
9,0,4,1, 0.014672141737
9,0,4,4,-0.444892289489
9,0,4,5,-0.198543622746
9,0,4,6,-0.030572915057
9,0,4,9,-0.045607950191
9,0,5,0,-0.366982612470
9,0,5,1,-0.229722163315
9,0,5,4,-0.198543622746
9,0,5,5,-0.390678996518
9,0,5,6,-0.235959261858
9,0,5,9, 0.152285182934
9,0,6,0,-0.270307747086
9,0,6,1,-0.259931855796
9,0,6,4,-0.030572915057
9,0,6,5,-0.235959261858
9,0,6,6,-0.255577118277
9,0,6,9, 0.105041065646
9,0,7,2,-0.305054031032
9,0,7,7,-0.348325322394
9,0,8,3,-0.305054031032
9,0,8,8,-0.348325322394
9,0,9,0, 0.370028119890
9,0,9,1, 0.141281366742
9,0,9,4,-0.045607950191
9,0,9,5, 0.152285182934
9,0,9,6, 0.105041065646
9,0,9,9,-0.406314869290
9,1,0,0,-0.189969568873
9,1,0,1,-0.099763389112
9,1,0,4, 0.028457044960
9,1,0,5,-0.107885626590
9,1,0,6,-0.085428199250
9,1,0,9, 0.141281366742
9,1,1,0,-0.099763389112
9,1,1,1,-0.085704045981
9,1,1,4, 0.024893848294
9,1,1,5,-0.056235195060
9,1,1,6,-0.069445412671
9,1,1,9, 0.071265740638
9,1,2,2,-0.166728481957
9,1,2,7,-0.093127958000
9,1,3,3,-0.166728481957
9,1,3,8,-0.093127958000
9,1,4,0, 0.028457044960
9,1,4,1, 0.024893848294
9,1,4,4,-0.138189665912
9,1,4,5,-0.030572915057
9,1,4,6, 0.011008104225
9,1,4,9,-0.001305496222
9,1,5,0,-0.107885626590
9,1,5,1,-0.056235195060
9,1,5,4,-0.030572915057
9,1,5,5,-0.081097717787
9,1,5,6,-0.050720269221
9,1,5,9, 0.093073217528
9,1,6,0,-0.085428199250
9,1,6,1,-0.069445412671
9,1,6,4, 0.011008104225
9,1,6,5,-0.050720269221
9,1,6,6,-0.057970646909
9,1,6,9, 0.066751943044
9,1,7,2,-0.093127958000
9,1,7,7,-0.075023014112
9,1,8,3,-0.093127958000
9,1,8,8,-0.075023014112
9,1,9,0, 0.141281366742
9,1,9,1, 0.071265740638
9,1,9,4,-0.001305496222
9,1,9,5, 0.093073217528
9,1,9,6, 0.066751943044
9,1,9,9,-0.084856247399
9,2,0,2,-0.106782257679
9,2,0,7,-0.065293072339
9,2,1,2,-0.067921361023
9,2,1,7,-0.044182771204
9,2,2,0,-0.106782257679
9,2,2,1,-0.067921361023
9,2,2,4, 0.001655393705
9,2,2,5,-0.069673220861
9,2,2,6,-0.060570334011
9,2,2,9, 0.079627701741
9,2,4,2, 0.001655393705
9,2,4,7,-0.031765445548
9,2,5,2,-0.069673220861
9,2,5,7,-0.059843224015
9,2,6,2,-0.060570334011
9,2,6,7,-0.043615438592
9,2,7,0,-0.065293072339
9,2,7,1,-0.044182771204
9,2,7,4,-0.031765445548
9,2,7,5,-0.059843224015
9,2,7,6,-0.043615438592
9,2,7,9, 0.043510552152
9,2,9,2, 0.079627701741
9,2,9,7, 0.043510552152
9,3,0,3,-0.106782257679
9,3,0,8,-0.065293072339
9,3,1,3,-0.067921361023
9,3,1,8,-0.044182771204
9,3,3,0,-0.106782257679
9,3,3,1,-0.067921361023
9,3,3,4, 0.001655393705
9,3,3,5,-0.069673220861
9,3,3,6,-0.060570334011
9,3,3,9, 0.079627701741
9,3,4,3, 0.001655393705
9,3,4,8,-0.031765445548
9,3,5,3,-0.069673220861
9,3,5,8,-0.059843224015
9,3,6,3,-0.060570334011
9,3,6,8,-0.043615438592
9,3,8,0,-0.065293072339
9,3,8,1,-0.044182771204
9,3,8,4,-0.031765445548
9,3,8,5,-0.059843224015
9,3,8,6,-0.043615438592
9,3,8,9, 0.043510552152
9,3,9,3, 0.079627701741
9,3,9,8, 0.043510552152
9,4,0,0, 0.111390679265
9,4,0,1, 0.074709642161
9,4,0,4,-0.039585568964
9,4,0,5, 0.073526385202
9,4,0,6, 0.066460476905
9,4,0,9,-0.045607950191
9,4,1,0, 0.074709642161
9,4,1,1, 0.092080897074
9,4,1,4,-0.017412656606
9,4,1,5, 0.066460476905
9,4,1,6, 0.087106587993
9,4,1,9,-0.001305496222
9,4,2,2, 0.104255196030
9,4,2,7, 0.064529967831
9,4,3,3, 0.104255196030
9,4,3,8, 0.064529967831
9,4,4,0,-0.039585568964
9,4,4,1,-0.017412656606
9,4,4,4, 0.135558583829
9,4,4,5, 0.045607950191
9,4,4,6, 0.001305496222
9,4,4,9, 0.067237051252
9,4,5,0, 0.073526385202
9,4,5,1, 0.066460476905
9,4,5,4, 0.045607950191
9,4,5,5, 0.111390679265
9,4,5,6, 0.074709642161
9,4,5,9, 0.039585568964
9,4,6,0, 0.066460476905
9,4,6,1, 0.087106587993
9,4,6,4, 0.001305496222
9,4,6,5, 0.074709642161
9,4,6,6, 0.092080897074
9,4,6,9, 0.017412656606
9,4,7,2, 0.064529967831
9,4,7,7, 0.104255196030
9,4,8,3, 0.064529967831
9,4,8,8, 0.104255196030
9,4,9,0,-0.045607950191
9,4,9,1,-0.001305496222
9,4,9,4, 0.067237051252
9,4,9,5, 0.039585568964
9,4,9,6, 0.017412656606
9,4,9,9, 0.135558583829
9,5,0,0,-0.165716669634
9,5,0,1,-0.071901986170
9,5,0,4, 0.031661026560
9,5,0,5,-0.074875069471
9,5,0,6,-0.057767475070
9,5,0,9, 0.152285182934
9,5,1,0,-0.071901986170
9,5,1,1,-0.038087912986
9,5,1,4, 0.033690955970
9,5,1,5,-0.014689669159
9,5,1,6,-0.019595003108
9,5,1,9, 0.093073217528
9,5,2,2,-0.130967436054
9,5,2,7,-0.059843224015
9,5,3,3,-0.130967436054
9,5,3,8,-0.059843224015
9,5,4,0, 0.031661026560
9,5,4,1, 0.033690955970
9,5,4,4,-0.080736217194
9,5,4,5, 0.015914580712
9,5,4,6, 0.028457044960
9,5,4,9, 0.039585568964
9,5,5,0,-0.074875069471
9,5,5,1,-0.014689669159
9,5,5,4, 0.015914580712
9,5,5,9, 0.152608082603
9,5,6,0,-0.057767475070
9,5,6,1,-0.019595003108
9,5,6,4, 0.028457044960
9,5,6,9, 0.101353944495
9,5,7,2,-0.059843224015
9,5,8,3,-0.059843224015
9,5,9,0, 0.152285182934
9,5,9,1, 0.093073217528
9,5,9,4, 0.039585568964
9,5,9,5, 0.152608082603
9,5,9,6, 0.101353944495
9,6,0,0,-0.118271403675
9,6,0,1,-0.054700461471
9,6,0,4, 0.033690955970
9,6,0,5,-0.051266584664
9,6,0,6,-0.043337413075
9,6,0,9, 0.105041065646
9,6,1,0,-0.054700461471
9,6,1,1,-0.032220641310
9,6,1,4, 0.030469521957
9,6,1,5,-0.010986969121
9,6,1,6,-0.016472887584
9,6,1,9, 0.066751943044
9,6,2,2,-0.100218685554
9,6,2,7,-0.043615438592
9,6,3,3,-0.100218685554
9,6,3,8,-0.043615438592
9,6,4,0, 0.033690955970
9,6,4,1, 0.030469521957
9,6,4,4,-0.066293931498
9,6,4,5, 0.014672141737
9,6,4,6, 0.024893848294
9,6,4,9, 0.017412656606
9,6,5,0,-0.051266584664
9,6,5,1,-0.010986969121
9,6,5,4, 0.014672141737
9,6,5,9, 0.101353944495
9,6,6,0,-0.043337413075
9,6,6,1,-0.016472887584
9,6,6,4, 0.024893848294
9,6,6,9, 0.072461555243
9,6,7,2,-0.043615438592
9,6,8,3,-0.043615438592
9,6,9,0, 0.105041065646
9,6,9,1, 0.066751943044
9,6,9,4, 0.017412656606
9,6,9,5, 0.101353944495
9,6,9,6, 0.072461555243
9,7,0,2,-0.046676662057
9,7,0,7,-0.021157807064
9,7,1,2,-0.026306999063
9,7,1,7,-0.004871558499
9,7,2,0,-0.046676662057
9,7,2,1,-0.026306999063
9,7,2,4, 0.001451639706
9,7,2,5,-0.026007663934
9,7,2,6,-0.022411656689
9,7,2,9, 0.043510552152
9,7,4,2, 0.001451639706
9,7,4,7, 0.001655393705
9,7,5,2,-0.026007663934
9,7,6,2,-0.022411656689
9,7,7,0,-0.021157807064
9,7,7,1,-0.004871558499
9,7,7,4, 0.001655393705
9,7,7,9, 0.048105227081
9,7,9,2, 0.043510552152
9,7,9,7, 0.048105227081
9,8,0,3,-0.046676662057
9,8,0,8,-0.021157807064
9,8,1,3,-0.026306999063
9,8,1,8,-0.004871558499
9,8,3,0,-0.046676662057
9,8,3,1,-0.026306999063
9,8,3,4, 0.001451639706
9,8,3,5,-0.026007663934
9,8,3,6,-0.022411656689
9,8,3,9, 0.043510552152
9,8,4,3, 0.001451639706
9,8,4,8, 0.001655393705
9,8,5,3,-0.026007663934
9,8,6,3,-0.022411656689
9,8,8,0,-0.021157807064
9,8,8,1,-0.004871558499
9,8,8,4, 0.001655393705
9,8,8,9, 0.048105227081
9,8,9,3, 0.043510552152
9,8,9,8, 0.048105227081
9,9,0,0, 0.733463119304
9,9,0,1, 0.431515049442
9,9,0,4, 0.080736217194
9,9,0,5, 0.569483806142
9,9,0,6, 0.402789786455
9,9,0,9,-0.406314869290
9,9,1,0, 0.431515049442
9,9,1,1, 0.466486450940
9,9,1,4, 0.066293931498
9,9,1,5, 0.419194043878
9,9,1,6, 0.457159495457
9,9,1,9,-0.084856247399
9,9,2,2, 0.647662414814
9,9,2,7, 0.480683009442
9,9,3,3, 0.647662414814
9,9,3,8, 0.480683009442
9,9,4,0, 0.080736217194
9,9,4,1, 0.066293931498
9,9,4,4, 0.678404725192
9,9,4,5, 0.444892289489
9,9,4,6, 0.138189665912
9,9,4,9, 0.135558583829
9,9,5,0, 0.569483806142
9,9,5,1, 0.419194043878
9,9,5,4, 0.444892289489
9,9,5,5, 0.775037038942
9,9,5,6, 0.462081934851
9,9,6,0, 0.402789786455
9,9,6,1, 0.457159495457
9,9,6,4, 0.138189665912
9,9,6,5, 0.462081934851
9,9,6,6, 0.491073083906
9,9,7,2, 0.480683009442
9,9,7,7, 0.689508254834
9,9,8,3, 0.480683009442
9,9,8,8, 0.689508254834
9,9,9,0,-0.406314869290
9,9,9,1,-0.084856247399
9,9,9,4, 0.135558583829
9,9,9,9, 0.785718708997
