0,0,0,0, 0.897251802255
0,0,0,1, 0.504699283325
0,0,0,5, 0.043645052724
0,0,0,6, 0.176701787880
0,0,0,9,-0.058424397529
0,0,1,0, 0.504699283325
0,0,1,1, 0.507364877272
0,0,1,5, 0.097667434718
0,0,1,6, 0.233385625028
0,0,1,9,-0.083771349591
0,0,2,2, 0.775037038942
0,0,2,7, 0.013353749972
0,0,3,3, 0.775037038942
0,0,3,8, 0.013353749972
0,0,4,4, 0.775037038942
0,0,4,5, 0.058511905379
0,0,4,6, 0.098667849301
0,0,4,9,-0.092869578080
0,0,5,0, 0.043645052724
0,0,5,1, 0.097667434718
0,0,5,4, 0.058511905379
0,0,5,5, 0.314056705328
0,0,5,6, 0.214193391508
0,0,5,9,-0.061558868393
0,0,6,0, 0.176701787880
0,0,6,1, 0.233385625028
0,0,6,4, 0.098667849301
0,0,6,5, 0.214193391508
0,0,6,6, 0.300701752236
0,0,6,9,-0.057019276386
0,0,7,2, 0.013353749972
0,0,7,7, 0.303674372228
0,0,8,3, 0.013353749972
0,0,8,8, 0.303674372228
0,0,9,0,-0.058424397529
0,0,9,1,-0.083771349591
0,0,9,4,-0.092869578080
0,0,9,5,-0.061558868393
0,0,9,6,-0.057019276386
0,0,9,9, 0.334706409579
0,1,0,0, 0.504699283325
0,1,0,1, 0.300015949963
0,1,0,5, 0.027591465449
0,1,0,6, 0.106480721749
0,1,0,9,-0.037279100662
0,1,1,0, 0.300015949963
0,1,1,1, 0.324022459289
0,1,1,5, 0.065281261367
0,1,1,6, 0.151979586286
0,1,1,9,-0.055205402847
0,1,2,2, 0.462081934851
0,1,2,7, 0.008693935080
0,1,3,3, 0.462081934851
0,1,3,8, 0.008693935080
0,1,4,4, 0.462081934851
0,1,4,5, 0.037403395063
0,1,4,6, 0.062021441393
0,1,4,9,-0.059558585112
0,1,5,0, 0.027591465449
0,1,5,1, 0.065281261367
0,1,5,4, 0.037403395063
0,1,5,5, 0.214193391508
0,1,5,6, 0.145486952257
0,1,5,9,-0.040742889355
0,1,6,0, 0.106480721749
0,1,6,1, 0.151979586286
0,1,6,4, 0.062021441393
0,1,6,5, 0.145486952257
0,1,6,6, 0.202427355677
0,1,6,9,-0.037245661834
0,1,7,2, 0.008693935080
0,1,7,7, 0.207529187890
0,1,8,3, 0.008693935080
0,1,8,8, 0.207529187890
0,1,9,0,-0.037279100662
0,1,9,1,-0.055205402847
0,1,9,4,-0.059558585112
0,1,9,5,-0.040742889355
0,1,9,6,-0.037245661834
0,1,9,9, 0.226704527217
0,2,0,2, 0.152608082603
0,2,0,7, 0.002368068437
0,2,1,2, 0.101353944495
0,2,1,7, 0.006017108422
0,2,2,0, 0.152608082603
0,2,2,1, 0.101353944495
0,2,2,5, 0.004724988397
0,2,2,6, 0.033054217299
0,2,2,9,-0.005134603985
0,2,4,7, 0.003258980021
0,2,5,2, 0.004724988397
0,2,5,7, 0.012227191740
0,2,6,2, 0.033054217299
0,2,6,7, 0.011343657204
0,2,7,0, 0.002368068437
0,2,7,1, 0.006017108422
0,2,7,4, 0.003258980021
0,2,7,5, 0.012227191740
0,2,7,6, 0.011343657204
0,2,7,9,-0.006218486623
0,2,9,2,-0.005134603985
0,2,9,7,-0.006218486623
0,3,0,3, 0.152608082603
0,3,0,8, 0.002368068437
0,3,1,3, 0.101353944495
0,3,1,8, 0.006017108422
0,3,3,0, 0.152608082603
0,3,3,1, 0.101353944495
0,3,3,5, 0.004724988397
0,3,3,6, 0.033054217299
0,3,3,9,-0.005134603985
0,3,4,8, 0.003258980021
0,3,5,3, 0.004724988397
0,3,5,8, 0.012227191740
0,3,6,3, 0.033054217299
0,3,6,8, 0.011343657204
0,3,8,0, 0.002368068437
0,3,8,1, 0.006017108422
0,3,8,4, 0.003258980021
0,3,8,5, 0.012227191740
0,3,8,6, 0.011343657204
0,3,8,9,-0.006218486623
0,3,9,3,-0.005134603985
0,3,9,8,-0.006218486623
0,4,0,4, 0.152608082603
0,4,0,5, 0.010452085526
0,4,0,6, 0.017835850482
0,4,0,9,-0.015985867787
0,4,1,4, 0.101353944495
0,4,1,5, 0.020711190365
0,4,1,6, 0.027734152079
0,4,1,9,-0.022268788450
0,4,2,7, 0.003258980021
0,4,3,8, 0.003258980021
0,4,4,0, 0.152608082603
0,4,4,1, 0.101353944495
0,4,4,5, 0.016644587371
0,4,4,6, 0.040568631872
0,4,4,9,-0.027421145477
0,4,5,0, 0.010452085526
0,4,5,1, 0.020711190365
0,4,5,4, 0.016644587371
0,4,5,5, 0.061558868393
0,4,5,6, 0.040742889355
0,4,5,9,-0.023556142850
0,4,6,0, 0.017835850482
0,4,6,1, 0.027734152079
0,4,6,4, 0.040568631872
0,4,6,5, 0.040742889355
0,4,6,6, 0.046769313530
0,4,6,9,-0.020830317672
0,4,7,2, 0.003258980021
0,4,7,7, 0.055747874752
0,4,8,3, 0.003258980021
0,4,8,8, 0.055747874752
0,4,9,0,-0.015985867787
0,4,9,1,-0.022268788450
0,4,9,4,-0.027421145477
0,4,9,5,-0.023556142850
0,4,9,6,-0.020830317672
0,4,9,9, 0.073044010119
0,5,0,0, 0.043645052724
0,5,0,1, 0.027591465449
0,5,0,4, 0.010452085526
0,5,0,5, 0.004429699619
0,5,0,6, 0.011952885289
0,5,0,9,-0.006386395692
0,5,1,0, 0.027591465449
0,5,1,1, 0.032656467138
0,5,1,4, 0.008298481130
0,5,1,5, 0.011952885289
0,5,1,6, 0.020452766379
0,5,1,9,-0.010399276625
0,5,2,2, 0.040312742080
0,5,2,7, 0.001415370291
0,5,3,3, 0.040312742080
0,5,3,8, 0.001415370291
0,5,4,0, 0.010452085526
0,5,4,1, 0.008298481130
0,5,4,4, 0.045535696693
0,5,4,5, 0.006386395692
0,5,4,6, 0.010399276625
0,5,4,9,-0.010516039097
0,5,5,0, 0.004429699619
0,5,5,1, 0.011952885289
0,5,5,4, 0.006386395692
0,5,5,5, 0.043645052724
0,5,5,6, 0.027591465449
0,5,5,9,-0.010452085526
0,5,6,0, 0.011952885289
0,5,6,1, 0.020452766379
0,5,6,4, 0.010399276625
0,5,6,5, 0.027591465449
0,5,6,6, 0.032656467138
0,5,6,9,-0.008298481130
0,5,7,2, 0.001415370291
0,5,7,7, 0.040312742080
0,5,8,3, 0.001415370291
0,5,8,8, 0.040312742080
0,5,9,0,-0.006386395692
0,5,9,1,-0.010399276625
0,5,9,4,-0.010516039097
0,5,9,5,-0.010452085526
0,5,9,6,-0.008298481130
0,5,9,9, 0.045535696693
0,6,0,0, 0.176701787880
0,6,0,1, 0.106480721749
0,6,0,4, 0.017835850482
0,6,0,5, 0.011952885289
0,6,0,6, 0.040781409123
0,6,0,9,-0.016555764249
0,6,1,0, 0.106480721749
0,6,1,1, 0.117449803215
0,6,1,4, 0.013529470548
0,6,1,5, 0.029186113570
0,6,1,6, 0.061422182066
0,6,1,9,-0.025188733553
0,6,2,2, 0.162565307757
0,6,2,7, 0.003816805600
0,6,3,3, 0.162565307757
0,6,3,8, 0.003816805600
0,6,4,0, 0.017835850482
0,6,4,1, 0.013529470548
0,6,4,4, 0.165841828495
0,6,4,5, 0.016641145088
0,6,4,6, 0.028462557517
0,6,4,9,-0.026783210503
0,6,5,0, 0.011952885289
0,6,5,1, 0.029186113570
0,6,5,4, 0.016641145088
0,6,5,5, 0.097667434718
0,6,5,6, 0.065281261367
0,6,5,9,-0.020711190365
0,6,6,0, 0.040781409123
0,6,6,1, 0.061422182066
0,6,6,4, 0.028462557517
0,6,6,5, 0.065281261367
0,6,6,6, 0.086705855468
0,6,6,9,-0.018234346277
0,6,7,2, 0.003816805600
0,6,7,7, 0.093677832438
0,6,8,3, 0.003816805600
0,6,8,8, 0.093677832438
0,6,9,0,-0.016555764249
0,6,9,1,-0.025188733553
0,6,9,4,-0.026783210503
0,6,9,5,-0.020711190365
0,6,9,6,-0.018234346277
0,6,9,9, 0.103683834206
0,7,0,2, 0.002368068437
0,7,0,7, 0.000414465878
0,7,1,2, 0.001974475013
0,7,1,7, 0.001582016481
0,7,2,0, 0.002368068437
0,7,2,1, 0.001974475013
0,7,2,4, 0.001438972660
0,7,2,5, 0.000343898635
0,7,2,6, 0.001005599167
0,7,2,9,-0.000494067397
0,7,4,2, 0.001438972660
0,7,4,7, 0.000558433546
0,7,5,2, 0.000343898635
0,7,5,7, 0.004724988397
0,7,6,2, 0.001005599167
0,7,6,7, 0.003544339415
0,7,7,0, 0.000414465878
0,7,7,1, 0.001582016481
0,7,7,4, 0.000558433546
0,7,7,5, 0.004724988397
0,7,7,6, 0.003544339415
0,7,7,9,-0.002307452956
0,7,9,2,-0.000494067397
0,7,9,7,-0.002307452956
0,8,0,3, 0.002368068437
0,8,0,8, 0.000414465878
0,8,1,3, 0.001974475013
0,8,1,8, 0.001582016481
0,8,3,0, 0.002368068437
0,8,3,1, 0.001974475013
0,8,3,4, 0.001438972660
0,8,3,5, 0.000343898635
0,8,3,6, 0.001005599167
0,8,3,9,-0.000494067397
0,8,4,3, 0.001438972660
0,8,4,8, 0.000558433546
0,8,5,3, 0.000343898635
0,8,5,8, 0.004724988397
0,8,6,3, 0.001005599167
0,8,6,8, 0.003544339415
0,8,8,0, 0.000414465878
0,8,8,1, 0.001582016481
0,8,8,4, 0.000558433546
0,8,8,5, 0.004724988397
0,8,8,6, 0.003544339415
0,8,8,9,-0.002307452956
0,8,9,3,-0.000494067397
0,8,9,8,-0.002307452956
0,9,0,0,-0.058424397529
0,9,0,1,-0.037279100662
0,9,0,4,-0.015985867787
0,9,0,5,-0.006386395692
0,9,0,6,-0.016555764249
0,9,0,9, 0.009396878100
0,9,1,0,-0.037279100662
0,9,1,1,-0.044255716952
0,9,1,4,-0.012750422890
0,9,1,5,-0.016641145088
0,9,1,6,-0.028142413356
0,9,1,9, 0.015289525595
0,9,2,2,-0.053756426222
0,9,2,7,-0.002037186989
0,9,3,3,-0.053756426222
0,9,3,8,-0.002037186989
0,9,4,0,-0.015985867787
0,9,4,1,-0.012750422890
0,9,4,4,-0.063260131578
0,9,4,5,-0.009385532621
0,9,4,6,-0.015118586049
0,9,4,9, 0.015650948635
0,9,5,0,-0.006386395692
0,9,5,1,-0.016641145088
0,9,5,4,-0.009385532621
0,9,5,5,-0.058511905379
0,9,5,6,-0.037403395063
0,9,5,9, 0.016644587371
0,9,6,0,-0.016555764249
0,9,6,1,-0.028142413356
0,9,6,4,-0.015118586049
0,9,6,5,-0.037403395063
0,9,6,6,-0.044342510836
0,9,6,9, 0.013153154498
0,9,7,2,-0.002037186989
0,9,7,7,-0.054003055728
0,9,8,3,-0.002037186989
0,9,8,8,-0.054003055728
0,9,9,0, 0.009396878100
0,9,9,1, 0.015289525595
0,9,9,4, 0.015650948635
0,9,9,5, 0.016644587371
0,9,9,6, 0.013153154498
0,9,9,9,-0.063795142143
1,0,0,0, 0.504699283325
1,0,0,1, 0.300015949963
1,0,0,5, 0.027591465449
1,0,0,6, 0.106480721749
1,0,0,9,-0.037279100662
1,0,1,0, 0.300015949963
1,0,1,1, 0.324022459289
1,0,1,5, 0.065281261367
1,0,1,6, 0.151979586286
1,0,1,9,-0.055205402847
1,0,2,2, 0.462081934851
1,0,2,7, 0.008693935080
1,0,3,3, 0.462081934851
1,0,3,8, 0.008693935080
1,0,4,4, 0.462081934851
1,0,4,5, 0.037403395063
1,0,4,6, 0.062021441393
1,0,4,9,-0.059558585112
1,0,5,0, 0.027591465449
1,0,5,1, 0.065281261367
1,0,5,4, 0.037403395063
1,0,5,5, 0.214193391508
1,0,5,6, 0.145486952257
1,0,5,9,-0.040742889355
1,0,6,0, 0.106480721749
1,0,6,1, 0.151979586286
1,0,6,4, 0.062021441393
1,0,6,5, 0.145486952257
1,0,6,6, 0.202427355677
1,0,6,9,-0.037245661834
1,0,7,2, 0.008693935080
1,0,7,7, 0.207529187890
1,0,8,3, 0.008693935080
1,0,8,8, 0.207529187890
1,0,9,0,-0.037279100662
1,0,9,1,-0.055205402847
1,0,9,4,-0.059558585112
1,0,9,5,-0.040742889355
1,0,9,6,-0.037245661834
1,0,9,9, 0.226704527217
1,1,0,0, 0.507364877272
1,1,0,1, 0.324022459289
1,1,0,5, 0.032656467138
1,1,0,6, 0.117449803215
1,1,0,9,-0.044255716952
1,1,1,0, 0.324022459289
1,1,1,1, 0.394125899248
1,1,1,5, 0.086705855468
1,1,1,6, 0.192702462023
1,1,1,9,-0.068996122043
1,1,2,2, 0.491073083906
1,1,2,7, 0.010626126699
1,1,3,3, 0.491073083906
1,1,3,8, 0.010626126699
1,1,4,4, 0.491073083906
1,1,4,5, 0.044342510836
1,1,4,6, 0.071508497377
1,1,4,9,-0.070603760591
1,1,5,0, 0.032656467138
1,1,5,1, 0.086705855468
1,1,5,4, 0.044342510836
1,1,5,5, 0.300701752236
1,1,5,6, 0.202427355677
1,1,5,9,-0.046769313530
1,1,6,0, 0.117449803215
1,1,6,1, 0.192702462023
1,1,6,4, 0.071508497377
1,1,6,5, 0.202427355677
1,1,6,6, 0.277915674979
1,1,6,9,-0.042015839864
1,1,7,2, 0.010626126699
1,1,7,7, 0.293797279321
1,1,8,3, 0.010626126699
1,1,8,8, 0.293797279321
1,1,9,0,-0.044255716952
1,1,9,1,-0.068996122043
1,1,9,4,-0.070603760591
1,1,9,5,-0.046769313530
1,1,9,6,-0.042015839864
1,1,9,9, 0.309279598740
1,2,0,2, 0.101353944495
1,2,0,7, 0.001974475013
1,2,1,2, 0.072461555243
1,2,1,7, 0.005409096169
1,2,2,0, 0.101353944495
1,2,2,1, 0.072461555243
1,2,2,5, 0.003544339415
1,2,2,6, 0.023896004887
1,2,2,9,-0.003936145623
1,2,4,7, 0.002703547433
1,2,5,2, 0.003544339415
1,2,5,7, 0.011343657204
1,2,6,2, 0.023896004887
1,2,6,7, 0.010447664905
1,2,7,0, 0.001974475013
1,2,7,1, 0.005409096169
1,2,7,4, 0.002703547433
1,2,7,5, 0.011343657204
1,2,7,6, 0.010447664905
1,2,7,9,-0.005628392308
1,2,9,2,-0.003936145623
1,2,9,7,-0.005628392308
1,3,0,3, 0.101353944495
1,3,0,8, 0.001974475013
1,3,1,3, 0.072461555243
1,3,1,8, 0.005409096169
1,3,3,0, 0.101353944495
1,3,3,1, 0.072461555243
1,3,3,5, 0.003544339415
1,3,3,6, 0.023896004887
1,3,3,9,-0.003936145623
1,3,4,8, 0.002703547433
1,3,5,3, 0.003544339415
1,3,5,8, 0.011343657204
1,3,6,3, 0.023896004887
1,3,6,8, 0.010447664905
1,3,8,0, 0.001974475013
1,3,8,1, 0.005409096169
1,3,8,4, 0.002703547433
1,3,8,5, 0.011343657204
1,3,8,6, 0.010447664905
1,3,8,9,-0.005628392308
1,3,9,3,-0.003936145623
1,3,9,8,-0.005628392308
1,4,0,4, 0.101353944495
1,4,0,5, 0.008298481130
1,4,0,6, 0.013529470548
1,4,0,9,-0.012750422890
1,4,1,4, 0.072461555243
1,4,1,5, 0.018234346277
1,4,1,6, 0.023765697308
1,4,1,9,-0.019000297050
1,4,2,7, 0.002703547433
1,4,3,8, 0.002703547433
1,4,4,0, 0.101353944495
1,4,4,1, 0.072461555243
1,4,4,5, 0.013153154498
1,4,4,6, 0.029852739313
1,4,4,9,-0.021855402404
1,4,5,0, 0.008298481130
1,4,5,1, 0.018234346277
1,4,5,4, 0.013153154498
1,4,5,5, 0.057019276386
1,4,5,6, 0.037245661834
1,4,5,9,-0.020830317672
1,4,6,0, 0.013529470548
1,4,6,1, 0.023765697308
1,4,6,4, 0.029852739313
1,4,6,5, 0.037245661834
1,4,6,6, 0.042015839864
1,4,6,9,-0.017924163308
1,4,7,2, 0.002703547433
1,4,7,7, 0.051994414961
1,4,8,3, 0.002703547433
1,4,8,8, 0.051994414961
1,4,9,0,-0.012750422890
1,4,9,1,-0.019000297050
1,4,9,4,-0.021855402404
1,4,9,5,-0.020830317672
1,4,9,6,-0.017924163308
1,4,9,9, 0.066168144054
1,5,0,0, 0.097667434718
1,5,0,1, 0.065281261367
1,5,0,4, 0.020711190365
1,5,0,5, 0.011952885289
1,5,0,6, 0.029186113570
1,5,0,9,-0.016641145088
1,5,1,0, 0.065281261367
1,5,1,1, 0.086705855468
1,5,1,4, 0.018234346277
1,5,1,5, 0.040781409123
1,5,1,6, 0.061422182066
1,5,1,9,-0.028462557517
1,5,2,2, 0.093677832438
1,5,2,7, 0.003816805600
1,5,3,3, 0.093677832438
1,5,3,8, 0.003816805600
1,5,4,0, 0.020711190365
1,5,4,1, 0.018234346277
1,5,4,4, 0.103683834206
1,5,4,5, 0.016555764249
1,5,4,6, 0.025188733553
1,5,4,9,-0.026783210503
1,5,5,0, 0.011952885289
1,5,5,1, 0.040781409123
1,5,5,4, 0.016555764249
1,5,5,5, 0.176701787880
1,5,5,6, 0.106480721749
1,5,5,9,-0.017835850482
1,5,6,0, 0.029186113570
1,5,6,1, 0.061422182066
1,5,6,4, 0.025188733553
1,5,6,5, 0.106480721749
1,5,6,6, 0.117449803215
1,5,6,9,-0.013529470548
1,5,7,2, 0.003816805600
1,5,7,7, 0.162565307757
1,5,8,3, 0.003816805600
1,5,8,8, 0.162565307757
1,5,9,0,-0.016641145088
1,5,9,1,-0.028462557517
1,5,9,4,-0.026783210503
1,5,9,5,-0.017835850482
1,5,9,6,-0.013529470548
1,5,9,9, 0.165841828495
1,6,0,0, 0.233385625028
1,6,0,1, 0.151979586286
1,6,0,4, 0.027734152079
1,6,0,5, 0.020452766379
1,6,0,6, 0.061422182066
1,6,0,9,-0.028142413356
1,6,1,0, 0.151979586286
1,6,1,1, 0.192702462023
1,6,1,4, 0.023765697308
1,6,1,5, 0.061422182066
1,6,1,6, 0.114773153211
1,6,1,9,-0.045762375516
1,6,2,2, 0.226403034942
1,6,2,7, 0.006711880491
1,6,3,3, 0.226403034942
1,6,3,8, 0.006711880491
1,6,4,0, 0.027734152079
1,6,4,1, 0.023765697308
1,6,4,4, 0.232235516198
1,6,4,5, 0.028142413356
1,6,4,6, 0.045762375516
1,6,4,9,-0.045114403188
1,6,5,0, 0.020452766379
1,6,5,1, 0.061422182066
1,6,5,4, 0.028142413356
1,6,5,5, 0.233385625028
1,6,5,6, 0.151979586286
1,6,5,9,-0.027734152079
1,6,6,0, 0.061422182066
1,6,6,1, 0.114773153211
1,6,6,4, 0.045762375516
1,6,6,5, 0.151979586286
1,6,6,6, 0.192702462023
1,6,6,9,-0.023765697308
1,6,7,2, 0.006711880491
1,6,7,7, 0.226403034942
1,6,8,3, 0.006711880491
1,6,8,8, 0.226403034942
1,6,9,0,-0.028142413356
1,6,9,1,-0.045762375516
1,6,9,4,-0.045114403188
1,6,9,5,-0.027734152079
1,6,9,6,-0.023765697308
1,6,9,9, 0.232235516198
1,7,0,2, 0.006017108422
1,7,0,7, 0.001582016481
1,7,1,2, 0.005409096169
1,7,1,7, 0.008759999337
1,7,2,0, 0.006017108422
1,7,2,1, 0.005409096169
1,7,2,4, 0.003237692322
1,7,2,5, 0.001005599167
1,7,2,6, 0.002803603324
1,7,2,9,-0.001403333809
1,7,4,2, 0.003237692322
1,7,4,7, 0.001878988289
1,7,5,2, 0.001005599167
1,7,5,7, 0.033054217299
1,7,6,2, 0.002803603324
1,7,6,7, 0.023896004887
1,7,7,0, 0.001582016481
1,7,7,1, 0.008759999337
1,7,7,4, 0.001878988289
1,7,7,5, 0.033054217299
1,7,7,6, 0.023896004887
1,7,7,9,-0.005653796821
1,7,9,2,-0.001403333809
1,7,9,7,-0.005653796821
1,8,0,3, 0.006017108422
1,8,0,8, 0.001582016481
1,8,1,3, 0.005409096169
1,8,1,8, 0.008759999337
1,8,3,0, 0.006017108422
1,8,3,1, 0.005409096169
1,8,3,4, 0.003237692322
1,8,3,5, 0.001005599167
1,8,3,6, 0.002803603324
1,8,3,9,-0.001403333809
1,8,4,3, 0.003237692322
1,8,4,8, 0.001878988289
1,8,5,3, 0.001005599167
1,8,5,8, 0.033054217299
1,8,6,3, 0.002803603324
1,8,6,8, 0.023896004887
1,8,8,0, 0.001582016481
1,8,8,1, 0.008759999337
1,8,8,4, 0.001878988289
1,8,8,5, 0.033054217299
1,8,8,6, 0.023896004887
1,8,8,9,-0.005653796821
1,8,9,3,-0.001403333809
1,8,9,8,-0.005653796821
1,9,0,0,-0.083771349591
1,9,0,1,-0.055205402847
1,9,0,4,-0.022268788450
1,9,0,5,-0.010399276625
1,9,0,6,-0.025188733553
1,9,0,9, 0.015289525595
1,9,1,0,-0.055205402847
1,9,1,1,-0.068996122043
1,9,1,4,-0.019000297050
1,9,1,5,-0.028462557517
1,9,1,6,-0.045762375516
1,9,1,9, 0.027395949073
1,9,2,2,-0.078736108185
1,9,2,7,-0.003358473836
1,9,3,3,-0.078736108185
1,9,3,8,-0.003358473836
1,9,4,0,-0.022268788450
1,9,4,1,-0.019000297050
1,9,4,4,-0.091862574644
1,9,4,5,-0.015118586049
1,9,4,6,-0.023269732834
1,9,4,9, 0.025148753466
1,9,5,0,-0.010399276625
1,9,5,1,-0.028462557517
1,9,5,4,-0.015118586049
1,9,5,5,-0.098667849301
1,9,5,6,-0.062021441393
1,9,5,9, 0.040568631872
1,9,6,0,-0.025188733553
1,9,6,1,-0.045762375516
1,9,6,4,-0.023269732834
1,9,6,5,-0.062021441393
1,9,6,6,-0.071508497377
1,9,6,9, 0.029852739313
1,9,7,2,-0.003358473836
1,9,7,7,-0.091423305559
1,9,8,3,-0.003358473836
1,9,8,8,-0.091423305559
1,9,9,0, 0.015289525595
1,9,9,1, 0.027395949073
1,9,9,4, 0.025148753466
1,9,9,5, 0.040568631872
1,9,9,6, 0.029852739313
1,9,9,9,-0.103837997904
2,0,0,2, 0.152608082603
2,0,0,7, 0.002368068437
2,0,1,2, 0.101353944495
2,0,1,7, 0.006017108422
2,0,2,0, 0.152608082603
2,0,2,1, 0.101353944495
2,0,2,5, 0.004724988397
2,0,2,6, 0.033054217299
2,0,2,9,-0.005134603985
2,0,4,7, 0.003258980021
2,0,5,2, 0.004724988397
2,0,5,7, 0.012227191740
2,0,6,2, 0.033054217299
2,0,6,7, 0.011343657204
2,0,7,0, 0.002368068437
2,0,7,1, 0.006017108422
2,0,7,4, 0.003258980021
2,0,7,5, 0.012227191740
2,0,7,6, 0.011343657204
2,0,7,9,-0.006218486623
2,0,9,2,-0.005134603985
2,0,9,7,-0.006218486623
2,1,0,2, 0.101353944495
2,1,0,7, 0.001974475013
2,1,1,2, 0.072461555243
2,1,1,7, 0.005409096169
2,1,2,0, 0.101353944495
2,1,2,1, 0.072461555243
2,1,2,5, 0.003544339415
2,1,2,6, 0.023896004887
2,1,2,9,-0.003936145623
2,1,4,7, 0.002703547433
2,1,5,2, 0.003544339415
2,1,5,7, 0.011343657204
2,1,6,2, 0.023896004887
2,1,6,7, 0.010447664905
2,1,7,0, 0.001974475013
2,1,7,1, 0.005409096169
2,1,7,4, 0.002703547433
2,1,7,5, 0.011343657204
2,1,7,6, 0.010447664905
2,1,7,9,-0.005628392308
2,1,9,2,-0.003936145623
2,1,9,7,-0.005628392308
2,2,0,0, 0.775037038942
2,2,0,1, 0.462081934851
2,2,0,5, 0.040312742080
2,2,0,6, 0.162565307757
2,2,0,9,-0.053756426222
2,2,1,0, 0.462081934851
2,2,1,1, 0.491073083906
2,2,1,5, 0.093677832438
2,2,1,6, 0.226403034942
2,2,1,9,-0.078736108185
2,2,2,2, 0.785718708997
2,2,2,7, 0.013079783303
2,2,3,3, 0.689508254834
2,2,3,8, 0.012367062365
2,2,4,4, 0.689508254834
2,2,4,5, 0.054003055728
2,2,4,6, 0.091423305559
2,2,4,9,-0.085296514521
2,2,5,0, 0.040312742080
2,2,5,1, 0.093677832438
2,2,5,4, 0.054003055728
2,2,5,5, 0.303674372228
2,2,5,6, 0.207529187890
2,2,5,9,-0.055747874752
2,2,6,0, 0.162565307757
2,2,6,1, 0.226403034942
2,2,6,4, 0.091423305559
2,2,6,5, 0.207529187890
2,2,6,6, 0.293797279321
2,2,6,9,-0.051994414961
2,2,7,2, 0.013079783303
2,2,7,7, 0.296317768078
2,2,8,3, 0.012367062365
2,2,8,8, 0.294161452649
2,2,9,0,-0.053756426222
2,2,9,1,-0.078736108185
2,2,9,4,-0.085296514521
2,2,9,5,-0.055747874752
2,2,9,6,-0.051994414961
2,2,9,9, 0.320630191633
2,3,2,3, 0.048105227081
2,3,2,8, 0.000356360469
2,3,3,2, 0.048105227081
2,3,3,7, 0.000356360469
2,3,7,3, 0.000356360469
2,3,7,8, 0.001078157715
2,3,8,2, 0.000356360469
2,3,8,7, 0.001078157715
2,4,0,7, 0.001438972660
2,4,1,7, 0.003237692322
2,4,2,4, 0.048105227081
2,4,2,5, 0.002307452956
2,4,2,6, 0.005653796821
2,4,2,9,-0.003075785484
2,4,4,2, 0.048105227081
2,4,4,7, 0.002163935585
2,4,5,2, 0.002307452956
2,4,5,7, 0.006218486623
2,4,6,2, 0.005653796821
2,4,6,7, 0.005628392308
2,4,7,0, 0.001438972660
2,4,7,1, 0.003237692322
2,4,7,4, 0.002163935585
2,4,7,5, 0.006218486623
2,4,7,6, 0.005628392308
2,4,7,9,-0.004158335415
2,4,9,2,-0.003075785484
2,4,9,7,-0.004158335415
2,5,0,2, 0.004724988397
2,5,0,7, 0.000343898635
2,5,1,2, 0.003544339415
2,5,1,7, 0.001005599167
2,5,2,0, 0.004724988397
2,5,2,1, 0.003544339415
2,5,2,4, 0.002307452956
2,5,2,5, 0.000414465878
2,5,2,6, 0.001582016481
2,5,2,9,-0.000558433546
2,5,4,2, 0.002307452956
2,5,4,7, 0.000494067397
2,5,5,2, 0.000414465878
2,5,5,7, 0.002368068437
2,5,6,2, 0.001582016481
2,5,6,7, 0.001974475013
2,5,7,0, 0.000343898635
2,5,7,1, 0.001005599167
2,5,7,4, 0.000494067397
2,5,7,5, 0.002368068437
2,5,7,6, 0.001974475013
2,5,7,9,-0.001438972660
2,5,9,2,-0.000558433546
2,5,9,7,-0.001438972660
2,6,0,2, 0.033054217299
2,6,0,7, 0.001005599167
2,6,1,2, 0.023896004887
2,6,1,7, 0.002803603324
2,6,2,0, 0.033054217299
2,6,2,1, 0.023896004887
2,6,2,4, 0.005653796821
2,6,2,5, 0.001582016481
2,6,2,6, 0.008759999337
2,6,2,9,-0.001878988289
2,6,4,2, 0.005653796821
2,6,4,7, 0.001403333809
2,6,5,2, 0.001582016481
2,6,5,7, 0.006017108422
2,6,6,2, 0.008759999337
2,6,6,7, 0.005409096169
2,6,7,0, 0.001005599167
2,6,7,1, 0.002803603324
2,6,7,4, 0.001403333809
2,6,7,5, 0.006017108422
2,6,7,6, 0.005409096169
2,6,7,9,-0.003237692322
2,6,9,2,-0.001878988289
2,6,9,7,-0.003237692322
2,7,0,0, 0.013353749972
2,7,0,1, 0.008693935080
2,7,0,4, 0.003258980021
2,7,0,5, 0.001415370291
2,7,0,6, 0.003816805600
2,7,0,9,-0.002037186989
2,7,1,0, 0.008693935080
2,7,1,1, 0.010626126699
2,7,1,4, 0.002703547433
2,7,1,5, 0.003816805600
2,7,1,6, 0.006711880491
2,7,1,9,-0.003358473836
2,7,2,2, 0.013079783303
2,7,2,7, 0.000504031785
2,7,3,3, 0.012367062365
2,7,3,8, 0.000442313607
2,7,4,0, 0.003258980021
2,7,4,1, 0.002703547433
2,7,4,4, 0.014174637481
2,7,4,5, 0.002037186989
2,7,4,6, 0.003358473836
2,7,4,9,-0.003338806730
2,7,5,0, 0.001415370291
2,7,5,1, 0.003816805600
2,7,5,4, 0.002037186989
2,7,5,5, 0.013353749972
2,7,5,6, 0.008693935080
2,7,5,9,-0.003258980021
2,7,6,0, 0.003816805600
2,7,6,1, 0.006711880491
2,7,6,4, 0.003358473836
2,7,6,5, 0.008693935080
2,7,6,6, 0.010626126699
2,7,6,9,-0.002703547433
2,7,7,2, 0.000504031785
2,7,7,7, 0.013079783303
2,7,8,3, 0.000442313607
2,7,8,8, 0.012367062365
2,7,9,0,-0.002037186989
2,7,9,1,-0.003358473836
2,7,9,4,-0.003338806730
2,7,9,5,-0.003258980021
2,7,9,6,-0.002703547433
2,7,9,9, 0.014174637481
2,8,2,3, 0.000356360469
2,8,2,8, 0.000030859089
2,8,3,2, 0.000356360469
2,8,3,7, 0.000030859089
2,8,7,3, 0.000030859089
2,8,7,8, 0.000356360469
2,8,8,2, 0.000030859089
2,8,8,7, 0.000356360469
2,9,0,2,-0.005134603985
2,9,0,7,-0.000494067397
2,9,1,2,-0.003936145623
2,9,1,7,-0.001403333809
2,9,2,0,-0.005134603985
2,9,2,1,-0.003936145623
2,9,2,4,-0.003075785484
2,9,2,5,-0.000558433546
2,9,2,6,-0.001878988289
2,9,2,9, 0.000787083156
2,9,4,2,-0.003075785484
2,9,4,7,-0.000725364979
2,9,5,2,-0.000558433546
2,9,5,7,-0.003258980021
2,9,6,2,-0.001878988289
2,9,6,7,-0.002703547433
2,9,7,0,-0.000494067397
2,9,7,1,-0.001403333809
2,9,7,4,-0.000725364979
2,9,7,5,-0.003258980021
2,9,7,6,-0.002703547433
2,9,7,9, 0.002163935585
2,9,9,2, 0.000787083156
2,9,9,7, 0.002163935585
3,0,0,3, 0.152608082603
3,0,0,8, 0.002368068437
3,0,1,3, 0.101353944495
3,0,1,8, 0.006017108422
3,0,3,0, 0.152608082603
3,0,3,1, 0.101353944495
3,0,3,5, 0.004724988397
3,0,3,6, 0.033054217299
3,0,3,9,-0.005134603985
3,0,4,8, 0.003258980021
3,0,5,3, 0.004724988397
3,0,5,8, 0.012227191740
3,0,6,3, 0.033054217299
3,0,6,8, 0.011343657204
3,0,8,0, 0.002368068437
3,0,8,1, 0.006017108422
3,0,8,4, 0.003258980021
3,0,8,5, 0.012227191740
3,0,8,6, 0.011343657204
3,0,8,9,-0.006218486623
3,0,9,3,-0.005134603985
3,0,9,8,-0.006218486623
3,1,0,3, 0.101353944495
3,1,0,8, 0.001974475013
3,1,1,3, 0.072461555243
3,1,1,8, 0.005409096169
3,1,3,0, 0.101353944495
3,1,3,1, 0.072461555243
3,1,3,5, 0.003544339415
3,1,3,6, 0.023896004887
3,1,3,9,-0.003936145623
3,1,4,8, 0.002703547433
3,1,5,3, 0.003544339415
3,1,5,8, 0.011343657204
3,1,6,3, 0.023896004887
3,1,6,8, 0.010447664905
3,1,8,0, 0.001974475013
3,1,8,1, 0.005409096169
3,1,8,4, 0.002703547433
3,1,8,5, 0.011343657204
3,1,8,6, 0.010447664905
3,1,8,9,-0.005628392308
3,1,9,3,-0.003936145623
3,1,9,8,-0.005628392308
3,2,2,3, 0.048105227081
3,2,2,8, 0.000356360469
3,2,3,2, 0.048105227081
3,2,3,7, 0.000356360469
3,2,7,3, 0.000356360469
3,2,7,8, 0.001078157715
3,2,8,2, 0.000356360469
3,2,8,7, 0.001078157715
3,3,0,0, 0.775037038942
3,3,0,1, 0.462081934851
3,3,0,5, 0.040312742080
3,3,0,6, 0.162565307757
3,3,0,9,-0.053756426222
3,3,1,0, 0.462081934851
3,3,1,1, 0.491073083906
3,3,1,5, 0.093677832438
3,3,1,6, 0.226403034942
3,3,1,9,-0.078736108185
3,3,2,2, 0.689508254834
3,3,2,7, 0.012367062365
3,3,3,3, 0.785718708997
3,3,3,8, 0.013079783303
3,3,4,4, 0.689508254834
3,3,4,5, 0.054003055728
3,3,4,6, 0.091423305559
3,3,4,9,-0.085296514521
3,3,5,0, 0.040312742080
3,3,5,1, 0.093677832438
3,3,5,4, 0.054003055728
3,3,5,5, 0.303674372228
3,3,5,6, 0.207529187890
3,3,5,9,-0.055747874752
3,3,6,0, 0.162565307757
3,3,6,1, 0.226403034942
3,3,6,4, 0.091423305559
3,3,6,5, 0.207529187890
3,3,6,6, 0.293797279321
3,3,6,9,-0.051994414961
3,3,7,2, 0.012367062365
3,3,7,7, 0.294161452649
3,3,8,3, 0.013079783303
3,3,8,8, 0.296317768078
3,3,9,0,-0.053756426222
3,3,9,1,-0.078736108185
3,3,9,4,-0.085296514521
3,3,9,5,-0.055747874752
3,3,9,6,-0.051994414961
3,3,9,9, 0.320630191633
3,4,0,8, 0.001438972660
3,4,1,8, 0.003237692322
3,4,3,4, 0.048105227081
3,4,3,5, 0.002307452956
3,4,3,6, 0.005653796821
3,4,3,9,-0.003075785484
3,4,4,3, 0.048105227081
3,4,4,8, 0.002163935585
3,4,5,3, 0.002307452956
3,4,5,8, 0.006218486623
3,4,6,3, 0.005653796821
3,4,6,8, 0.005628392308
3,4,8,0, 0.001438972660
3,4,8,1, 0.003237692322
3,4,8,4, 0.002163935585
3,4,8,5, 0.006218486623
3,4,8,6, 0.005628392308
3,4,8,9,-0.004158335415
3,4,9,3,-0.003075785484
3,4,9,8,-0.004158335415
3,5,0,3, 0.004724988397
3,5,0,8, 0.000343898635
3,5,1,3, 0.003544339415
3,5,1,8, 0.001005599167
3,5,3,0, 0.004724988397
3,5,3,1, 0.003544339415
3,5,3,4, 0.002307452956
3,5,3,5, 0.000414465878
3,5,3,6, 0.001582016481
3,5,3,9,-0.000558433546
3,5,4,3, 0.002307452956
3,5,4,8, 0.000494067397
3,5,5,3, 0.000414465878
3,5,5,8, 0.002368068437
3,5,6,3, 0.001582016481
3,5,6,8, 0.001974475013
3,5,8,0, 0.000343898635
3,5,8,1, 0.001005599167
3,5,8,4, 0.000494067397
3,5,8,5, 0.002368068437
3,5,8,6, 0.001974475013
3,5,8,9,-0.001438972660
3,5,9,3,-0.000558433546
3,5,9,8,-0.001438972660
3,6,0,3, 0.033054217299
3,6,0,8, 0.001005599167
3,6,1,3, 0.023896004887
3,6,1,8, 0.002803603324
3,6,3,0, 0.033054217299
3,6,3,1, 0.023896004887
3,6,3,4, 0.005653796821
3,6,3,5, 0.001582016481
3,6,3,6, 0.008759999337
3,6,3,9,-0.001878988289
3,6,4,3, 0.005653796821
3,6,4,8, 0.001403333809
3,6,5,3, 0.001582016481
3,6,5,8, 0.006017108422
3,6,6,3, 0.008759999337
3,6,6,8, 0.005409096169
3,6,8,0, 0.001005599167
3,6,8,1, 0.002803603324
3,6,8,4, 0.001403333809
3,6,8,5, 0.006017108422
3,6,8,6, 0.005409096169
3,6,8,9,-0.003237692322
3,6,9,3,-0.001878988289
3,6,9,8,-0.003237692322
3,7,2,3, 0.000356360469
3,7,2,8, 0.000030859089
3,7,3,2, 0.000356360469
3,7,3,7, 0.000030859089
3,7,7,3, 0.000030859089
3,7,7,8, 0.000356360469
3,7,8,2, 0.000030859089
3,7,8,7, 0.000356360469
3,8,0,0, 0.013353749972
3,8,0,1, 0.008693935080
3,8,0,4, 0.003258980021
3,8,0,5, 0.001415370291
3,8,0,6, 0.003816805600
3,8,0,9,-0.002037186989
3,8,1,0, 0.008693935080
3,8,1,1, 0.010626126699
3,8,1,4, 0.002703547433
3,8,1,5, 0.003816805600
3,8,1,6, 0.006711880491
3,8,1,9,-0.003358473836
3,8,2,2, 0.012367062365
3,8,2,7, 0.000442313607
3,8,3,3, 0.013079783303
3,8,3,8, 0.000504031785
3,8,4,0, 0.003258980021
3,8,4,1, 0.002703547433
3,8,4,4, 0.014174637481
3,8,4,5, 0.002037186989
3,8,4,6, 0.003358473836
3,8,4,9,-0.003338806730
3,8,5,0, 0.001415370291
3,8,5,1, 0.003816805600
3,8,5,4, 0.002037186989
3,8,5,5, 0.013353749972
3,8,5,6, 0.008693935080
3,8,5,9,-0.003258980021
3,8,6,0, 0.003816805600
3,8,6,1, 0.006711880491
3,8,6,4, 0.003358473836
3,8,6,5, 0.008693935080
3,8,6,6, 0.010626126699
3,8,6,9,-0.002703547433
3,8,7,2, 0.000442313607
3,8,7,7, 0.012367062365
3,8,8,3, 0.000504031785
3,8,8,8, 0.013079783303
3,8,9,0,-0.002037186989
3,8,9,1,-0.003358473836
3,8,9,4,-0.003338806730
3,8,9,5,-0.003258980021
3,8,9,6,-0.002703547433
3,8,9,9, 0.014174637481
3,9,0,3,-0.005134603985
3,9,0,8,-0.000494067397
3,9,1,3,-0.003936145623
3,9,1,8,-0.001403333809
3,9,3,0,-0.005134603985
3,9,3,1,-0.003936145623
3,9,3,4,-0.003075785484
3,9,3,5,-0.000558433546
3,9,3,6,-0.001878988289
3,9,3,9, 0.000787083156
3,9,4,3,-0.003075785484
3,9,4,8,-0.000725364979
3,9,5,3,-0.000558433546
3,9,5,8,-0.003258980021
3,9,6,3,-0.001878988289
3,9,6,8,-0.002703547433
3,9,8,0,-0.000494067397
3,9,8,1,-0.001403333809
3,9,8,4,-0.000725364979
3,9,8,5,-0.003258980021
3,9,8,6,-0.002703547433
3,9,8,9, 0.002163935585
3,9,9,3, 0.000787083156
3,9,9,8, 0.002163935585
4,0,0,4, 0.152608082603
4,0,0,5, 0.010452085526
4,0,0,6, 0.017835850482
4,0,0,9,-0.015985867787
4,0,1,4, 0.101353944495
4,0,1,5, 0.020711190365
4,0,1,6, 0.027734152079
4,0,1,9,-0.022268788450
4,0,2,7, 0.003258980021
4,0,3,8, 0.003258980021
4,0,4,0, 0.152608082603
4,0,4,1, 0.101353944495
4,0,4,5, 0.016644587371
4,0,4,6, 0.040568631872
4,0,4,9,-0.027421145477
4,0,5,0, 0.010452085526
4,0,5,1, 0.020711190365
4,0,5,4, 0.016644587371
4,0,5,5, 0.061558868393
4,0,5,6, 0.040742889355
4,0,5,9,-0.023556142850
4,0,6,0, 0.017835850482
4,0,6,1, 0.027734152079
4,0,6,4, 0.040568631872
4,0,6,5, 0.040742889355
4,0,6,6, 0.046769313530
4,0,6,9,-0.020830317672
4,0,7,2, 0.003258980021
4,0,7,7, 0.055747874752
4,0,8,3, 0.003258980021
4,0,8,8, 0.055747874752
4,0,9,0,-0.015985867787
4,0,9,1,-0.022268788450
4,0,9,4,-0.027421145477
4,0,9,5,-0.023556142850
4,0,9,6,-0.020830317672
4,0,9,9, 0.073044010119
4,1,0,4, 0.101353944495
4,1,0,5, 0.008298481130
4,1,0,6, 0.013529470548
4,1,0,9,-0.012750422890
4,1,1,4, 0.072461555243
4,1,1,5, 0.018234346277
4,1,1,6, 0.023765697308
4,1,1,9,-0.019000297050
4,1,2,7, 0.002703547433
4,1,3,8, 0.002703547433
4,1,4,0, 0.101353944495
4,1,4,1, 0.072461555243
4,1,4,5, 0.013153154498
4,1,4,6, 0.029852739313
4,1,4,9,-0.021855402404
4,1,5,0, 0.008298481130
4,1,5,1, 0.018234346277
4,1,5,4, 0.013153154498
4,1,5,5, 0.057019276386
4,1,5,6, 0.037245661834
4,1,5,9,-0.020830317672
4,1,6,0, 0.013529470548
4,1,6,1, 0.023765697308
4,1,6,4, 0.029852739313
4,1,6,5, 0.037245661834
4,1,6,6, 0.042015839864
4,1,6,9,-0.017924163308
4,1,7,2, 0.002703547433
4,1,7,7, 0.051994414961
4,1,8,3, 0.002703547433
4,1,8,8, 0.051994414961
4,1,9,0,-0.012750422890
4,1,9,1,-0.019000297050
4,1,9,4,-0.021855402404
4,1,9,5,-0.020830317672
4,1,9,6,-0.017924163308
4,1,9,9, 0.066168144054
4,2,0,7, 0.001438972660
4,2,1,7, 0.003237692322
4,2,2,4, 0.048105227081
4,2,2,5, 0.002307452956
4,2,2,6, 0.005653796821
4,2,2,9,-0.003075785484
4,2,4,2, 0.048105227081
4,2,4,7, 0.002163935585
4,2,5,2, 0.002307452956
4,2,5,7, 0.006218486623
4,2,6,2, 0.005653796821
4,2,6,7, 0.005628392308
4,2,7,0, 0.001438972660
4,2,7,1, 0.003237692322
4,2,7,4, 0.002163935585
4,2,7,5, 0.006218486623
4,2,7,6, 0.005628392308
4,2,7,9,-0.004158335415
4,2,9,2,-0.003075785484
4,2,9,7,-0.004158335415
4,3,0,8, 0.001438972660
4,3,1,8, 0.003237692322
4,3,3,4, 0.048105227081
4,3,3,5, 0.002307452956
4,3,3,6, 0.005653796821
4,3,3,9,-0.003075785484
4,3,4,3, 0.048105227081
4,3,4,8, 0.002163935585
4,3,5,3, 0.002307452956
4,3,5,8, 0.006218486623
4,3,6,3, 0.005653796821
4,3,6,8, 0.005628392308
4,3,8,0, 0.001438972660
4,3,8,1, 0.003237692322
4,3,8,4, 0.002163935585
4,3,8,5, 0.006218486623
4,3,8,6, 0.005628392308
4,3,8,9,-0.004158335415
4,3,9,3,-0.003075785484
4,3,9,8,-0.004158335415
4,4,0,0, 0.775037038942
4,4,0,1, 0.462081934851
4,4,0,5, 0.045535696693
4,4,0,6, 0.165841828495
4,4,0,9,-0.063260131578
4,4,1,0, 0.462081934851
4,4,1,1, 0.491073083906
4,4,1,5, 0.103683834206
4,4,1,6, 0.232235516198
4,4,1,9,-0.091862574644
4,4,2,2, 0.689508254834
4,4,2,7, 0.014174637481
4,4,3,3, 0.689508254834
4,4,3,8, 0.014174637481
4,4,4,4, 0.785718708997
4,4,4,5, 0.063795142143
4,4,4,6, 0.103837997904
4,4,4,9,-0.103163635646
4,4,5,0, 0.045535696693
4,4,5,1, 0.103683834206
4,4,5,4, 0.063795142143
4,4,5,5, 0.334706409579
4,4,5,6, 0.226704527217
4,4,5,9,-0.073044010119
4,4,6,0, 0.165841828495
4,4,6,1, 0.232235516198
4,4,6,4, 0.103837997904
4,4,6,5, 0.226704527217
4,4,6,6, 0.309279598740
4,4,6,9,-0.066168144054
4,4,7,2, 0.014174637481
4,4,7,7, 0.320630191633
4,4,8,3, 0.014174637481
4,4,8,8, 0.320630191633
4,4,9,0,-0.063260131578
4,4,9,1,-0.091862574644
4,4,9,4,-0.103163635646
4,4,9,5,-0.073044010119
4,4,9,6,-0.066168144054
4,4,9,9, 0.362696053232
4,5,0,0, 0.058511905379
4,5,0,1, 0.037403395063
4,5,0,4, 0.016644587371
4,5,0,5, 0.006386395692
4,5,0,6, 0.016641145088
4,5,0,9,-0.009385532621
4,5,1,0, 0.037403395063
4,5,1,1, 0.044342510836
4,5,1,4, 0.013153154498
4,5,1,5, 0.016555764249
4,5,1,6, 0.028142413356
4,5,1,9,-0.015118586049
4,5,2,2, 0.054003055728
4,5,2,7, 0.002037186989
4,5,3,3, 0.054003055728
4,5,3,8, 0.002037186989
4,5,4,0, 0.016644587371
4,5,4,1, 0.013153154498
4,5,4,4, 0.063795142143
4,5,4,5, 0.009396878100
4,5,4,6, 0.015289525595
4,5,4,9,-0.015650948635
4,5,5,0, 0.006386395692
4,5,5,1, 0.016555764249
4,5,5,4, 0.009396878100
4,5,5,5, 0.058424397529
4,5,5,6, 0.037279100662
4,5,5,9,-0.015985867787
4,5,6,0, 0.016641145088
4,5,6,1, 0.028142413356
4,5,6,4, 0.015289525595
4,5,6,5, 0.037279100662
4,5,6,6, 0.044255716952
4,5,6,9,-0.012750422890
4,5,7,2, 0.002037186989
4,5,7,7, 0.053756426222
4,5,8,3, 0.002037186989
4,5,8,8, 0.053756426222
4,5,9,0,-0.009385532621
4,5,9,1,-0.015118586049
4,5,9,4,-0.015650948635
4,5,9,5,-0.015985867787
4,5,9,6,-0.012750422890
4,5,9,9, 0.063260131578
4,6,0,0, 0.098667849301
4,6,0,1, 0.062021441393
4,6,0,4, 0.040568631872
4,6,0,5, 0.010399276625
4,6,0,6, 0.028462557517
4,6,0,9,-0.015118586049
4,6,1,0, 0.062021441393
4,6,1,1, 0.071508497377
4,6,1,4, 0.029852739313
4,6,1,5, 0.025188733553
4,6,1,6, 0.045762375516
4,6,1,9,-0.023269732834
4,6,2,2, 0.091423305559
4,6,2,7, 0.003358473836
4,6,3,3, 0.091423305559
4,6,3,8, 0.003358473836
4,6,4,0, 0.040568631872
4,6,4,1, 0.029852739313
4,6,4,4, 0.103837997904
4,6,4,5, 0.015289525595
4,6,4,6, 0.027395949073
4,6,4,9,-0.025148753466
4,6,5,0, 0.010399276625
4,6,5,1, 0.025188733553
4,6,5,4, 0.015289525595
4,6,5,5, 0.083771349591
4,6,5,6, 0.055205402847
4,6,5,9,-0.022268788450
4,6,6,0, 0.028462557517
4,6,6,1, 0.045762375516
4,6,6,4, 0.027395949073
4,6,6,5, 0.055205402847
4,6,6,6, 0.068996122043
4,6,6,9,-0.019000297050
4,6,7,2, 0.003358473836
4,6,7,7, 0.078736108185
4,6,8,3, 0.003358473836
4,6,8,8, 0.078736108185
4,6,9,0,-0.015118586049
4,6,9,1,-0.023269732834
4,6,9,4,-0.025148753466
4,6,9,5,-0.022268788450
4,6,9,6,-0.019000297050
4,6,9,9, 0.091862574644
4,7,0,2, 0.003258980021
4,7,0,7, 0.000558433546
4,7,1,2, 0.002703547433
4,7,1,7, 0.001878988289
4,7,2,0, 0.003258980021
4,7,2,1, 0.002703547433
4,7,2,4, 0.002163935585
4,7,2,5, 0.000494067397
4,7,2,6, 0.001403333809
4,7,2,9,-0.000725364979
4,7,4,2, 0.002163935585
4,7,4,7, 0.000787083156
4,7,5,2, 0.000494067397
4,7,5,7, 0.005134603985
4,7,6,2, 0.001403333809
4,7,6,7, 0.003936145623
4,7,7,0, 0.000558433546
4,7,7,1, 0.001878988289
4,7,7,4, 0.000787083156
4,7,7,5, 0.005134603985
4,7,7,6, 0.003936145623
4,7,7,9,-0.003075785484
4,7,9,2,-0.000725364979
4,7,9,7,-0.003075785484
4,8,0,3, 0.003258980021
4,8,0,8, 0.000558433546
4,8,1,3, 0.002703547433
4,8,1,8, 0.001878988289
4,8,3,0, 0.003258980021
4,8,3,1, 0.002703547433
4,8,3,4, 0.002163935585
4,8,3,5, 0.000494067397
4,8,3,6, 0.001403333809
4,8,3,9,-0.000725364979
4,8,4,3, 0.002163935585
4,8,4,8, 0.000787083156
4,8,5,3, 0.000494067397
4,8,5,8, 0.005134603985
4,8,6,3, 0.001403333809
4,8,6,8, 0.003936145623
4,8,8,0, 0.000558433546
4,8,8,1, 0.001878988289
4,8,8,4, 0.000787083156
4,8,8,5, 0.005134603985
4,8,8,6, 0.003936145623
4,8,8,9,-0.003075785484
4,8,9,3,-0.000725364979
4,8,9,8,-0.003075785484
4,9,0,0,-0.092869578080
4,9,0,1,-0.059558585112
4,9,0,4,-0.027421145477
4,9,0,5,-0.010516039097
4,9,0,6,-0.026783210503
4,9,0,9, 0.015650948635
4,9,1,0,-0.059558585112
4,9,1,1,-0.070603760591
4,9,1,4,-0.021855402404
4,9,1,5,-0.026783210503
4,9,1,6,-0.045114403188
4,9,1,9, 0.025148753466
4,9,2,2,-0.085296514521
4,9,2,7,-0.003338806730
4,9,3,3,-0.085296514521
4,9,3,8,-0.003338806730
4,9,4,0,-0.027421145477
4,9,4,1,-0.021855402404
4,9,4,4,-0.103163635646
4,9,4,5,-0.015650948635
4,9,4,6,-0.025148753466
4,9,4,9, 0.026299053123
4,9,5,0,-0.010516039097
4,9,5,1,-0.026783210503
4,9,5,4,-0.015650948635
4,9,5,5,-0.092869578080
4,9,5,6,-0.059558585112
4,9,5,9, 0.027421145477
4,9,6,0,-0.026783210503
4,9,6,1,-0.045114403188
4,9,6,4,-0.025148753466
4,9,6,5,-0.059558585112
4,9,6,6,-0.070603760591
4,9,6,9, 0.021855402404
4,9,7,2,-0.003338806730
4,9,7,7,-0.085296514521
4,9,8,3,-0.003338806730
4,9,8,8,-0.085296514521
4,9,9,0, 0.015650948635
4,9,9,1, 0.025148753466
4,9,9,4, 0.026299053123
4,9,9,5, 0.027421145477
4,9,9,6, 0.021855402404
4,9,9,9,-0.103163635646
5,0,0,0, 0.043645052724
5,0,0,1, 0.027591465449
5,0,0,4, 0.010452085526
5,0,0,5, 0.004429699619
5,0,0,6, 0.011952885289
5,0,0,9,-0.006386395692
5,0,1,0, 0.027591465449
5,0,1,1, 0.032656467138
5,0,1,4, 0.008298481130
5,0,1,5, 0.011952885289
5,0,1,6, 0.020452766379
5,0,1,9,-0.010399276625
5,0,2,2, 0.040312742080
5,0,2,7, 0.001415370291
5,0,3,3, 0.040312742080
5,0,3,8, 0.001415370291
5,0,4,0, 0.010452085526
5,0,4,1, 0.008298481130
5,0,4,4, 0.045535696693
5,0,4,5, 0.006386395692
5,0,4,6, 0.010399276625
5,0,4,9,-0.010516039097
5,0,5,0, 0.004429699619
5,0,5,1, 0.011952885289
5,0,5,4, 0.006386395692
5,0,5,5, 0.043645052724
5,0,5,6, 0.027591465449
5,0,5,9,-0.010452085526
5,0,6,0, 0.011952885289
5,0,6,1, 0.020452766379
5,0,6,4, 0.010399276625
5,0,6,5, 0.027591465449
5,0,6,6, 0.032656467138
5,0,6,9,-0.008298481130
5,0,7,2, 0.001415370291
5,0,7,7, 0.040312742080
5,0,8,3, 0.001415370291
5,0,8,8, 0.040312742080
5,0,9,0,-0.006386395692
5,0,9,1,-0.010399276625
5,0,9,4,-0.010516039097
5,0,9,5,-0.010452085526
5,0,9,6,-0.008298481130
5,0,9,9, 0.045535696693
5,1,0,0, 0.097667434718
5,1,0,1, 0.065281261367
5,1,0,4, 0.020711190365
5,1,0,5, 0.011952885289
5,1,0,6, 0.029186113570
5,1,0,9,-0.016641145088
5,1,1,0, 0.065281261367
5,1,1,1, 0.086705855468
5,1,1,4, 0.018234346277
5,1,1,5, 0.040781409123
5,1,1,6, 0.061422182066
5,1,1,9,-0.028462557517
5,1,2,2, 0.093677832438
5,1,2,7, 0.003816805600
5,1,3,3, 0.093677832438
5,1,3,8, 0.003816805600
5,1,4,0, 0.020711190365
5,1,4,1, 0.018234346277
5,1,4,4, 0.103683834206
5,1,4,5, 0.016555764249
5,1,4,6, 0.025188733553
5,1,4,9,-0.026783210503
5,1,5,0, 0.011952885289
5,1,5,1, 0.040781409123
5,1,5,4, 0.016555764249
5,1,5,5, 0.176701787880
5,1,5,6, 0.106480721749
5,1,5,9,-0.017835850482
5,1,6,0, 0.029186113570
5,1,6,1, 0.061422182066
5,1,6,4, 0.025188733553
5,1,6,5, 0.106480721749
5,1,6,6, 0.117449803215
5,1,6,9,-0.013529470548
5,1,7,2, 0.003816805600
5,1,7,7, 0.162565307757
5,1,8,3, 0.003816805600
5,1,8,8, 0.162565307757
5,1,9,0,-0.016641145088
5,1,9,1,-0.028462557517
5,1,9,4,-0.026783210503
5,1,9,5,-0.017835850482
5,1,9,6,-0.013529470548
5,1,9,9, 0.165841828495
5,2,0,2, 0.004724988397
5,2,0,7, 0.000343898635
5,2,1,2, 0.003544339415
5,2,1,7, 0.001005599167
5,2,2,0, 0.004724988397
5,2,2,1, 0.003544339415
5,2,2,4, 0.002307452956
5,2,2,5, 0.000414465878
5,2,2,6, 0.001582016481
5,2,2,9,-0.000558433546
5,2,4,2, 0.002307452956
5,2,4,7, 0.000494067397
5,2,5,2, 0.000414465878
5,2,5,7, 0.002368068437
5,2,6,2, 0.001582016481
5,2,6,7, 0.001974475013
5,2,7,0, 0.000343898635
5,2,7,1, 0.001005599167
5,2,7,4, 0.000494067397
5,2,7,5, 0.002368068437
5,2,7,6, 0.001974475013
5,2,7,9,-0.001438972660
5,2,9,2,-0.000558433546
5,2,9,7,-0.001438972660
5,3,0,3, 0.004724988397
5,3,0,8, 0.000343898635
5,3,1,3, 0.003544339415
5,3,1,8, 0.001005599167
5,3,3,0, 0.004724988397
5,3,3,1, 0.003544339415
5,3,3,4, 0.002307452956
5,3,3,5, 0.000414465878
5,3,3,6, 0.001582016481
5,3,3,9,-0.000558433546
5,3,4,3, 0.002307452956
5,3,4,8, 0.000494067397
5,3,5,3, 0.000414465878
5,3,5,8, 0.002368068437
5,3,6,3, 0.001582016481
5,3,6,8, 0.001974475013
5,3,8,0, 0.000343898635
5,3,8,1, 0.001005599167
5,3,8,4, 0.000494067397
5,3,8,5, 0.002368068437
5,3,8,6, 0.001974475013
5,3,8,9,-0.001438972660
5,3,9,3,-0.000558433546
5,3,9,8,-0.001438972660
5,4,0,0, 0.058511905379
5,4,0,1, 0.037403395063
5,4,0,4, 0.016644587371
5,4,0,5, 0.006386395692
5,4,0,6, 0.016641145088
5,4,0,9,-0.009385532621
5,4,1,0, 0.037403395063
5,4,1,1, 0.044342510836
5,4,1,4, 0.013153154498
5,4,1,5, 0.016555764249
5,4,1,6, 0.028142413356
5,4,1,9,-0.015118586049
5,4,2,2, 0.054003055728
5,4,2,7, 0.002037186989
5,4,3,3, 0.054003055728
5,4,3,8, 0.002037186989
5,4,4,0, 0.016644587371
5,4,4,1, 0.013153154498
5,4,4,4, 0.063795142143
5,4,4,5, 0.009396878100
5,4,4,6, 0.015289525595
5,4,4,9,-0.015650948635
5,4,5,0, 0.006386395692
5,4,5,1, 0.016555764249
5,4,5,4, 0.009396878100
5,4,5,5, 0.058424397529
5,4,5,6, 0.037279100662
5,4,5,9,-0.015985867787
5,4,6,0, 0.016641145088
5,4,6,1, 0.028142413356
5,4,6,4, 0.015289525595
5,4,6,5, 0.037279100662
5,4,6,6, 0.044255716952
5,4,6,9,-0.012750422890
5,4,7,2, 0.002037186989
5,4,7,7, 0.053756426222
5,4,8,3, 0.002037186989
5,4,8,8, 0.053756426222
5,4,9,0,-0.009385532621
5,4,9,1,-0.015118586049
5,4,9,4,-0.015650948635
5,4,9,5,-0.015985867787
5,4,9,6,-0.012750422890
5,4,9,9, 0.063260131578
5,5,0,0, 0.314056705328
5,5,0,1, 0.214193391508
5,5,0,4, 0.061558868393
5,5,0,5, 0.043645052724
5,5,0,6, 0.097667434718
5,5,0,9,-0.058511905379
5,5,1,0, 0.214193391508
5,5,1,1, 0.300701752236
5,5,1,4, 0.057019276386
5,5,1,5, 0.176701787880
5,5,1,6, 0.233385625028
5,5,1,9,-0.098667849301
5,5,2,2, 0.303674372228
5,5,2,7, 0.013353749972
5,5,3,3, 0.303674372228
5,5,3,8, 0.013353749972
5,5,4,0, 0.061558868393
5,5,4,1, 0.057019276386
5,5,4,4, 0.334706409579
5,5,4,5, 0.058424397529
5,5,4,6, 0.083771349591
5,5,4,9,-0.092869578080
5,5,5,0, 0.043645052724
5,5,5,1, 0.176701787880
5,5,5,4, 0.058424397529
5,5,5,5, 0.897251802255
5,5,5,6, 0.504699283325
5,5,6,0, 0.097667434718
5,5,6,1, 0.233385625028
5,5,6,4, 0.083771349591
5,5,6,5, 0.504699283325
5,5,6,6, 0.507364877272
5,5,7,2, 0.013353749972
5,5,7,7, 0.775037038942
5,5,8,3, 0.013353749972
5,5,8,8, 0.775037038942
5,5,9,0,-0.058511905379
5,5,9,1,-0.098667849301
5,5,9,4,-0.092869578080
5,5,9,9, 0.775037038942
5,6,0,0, 0.214193391508
5,6,0,1, 0.145486952257
5,6,0,4, 0.040742889355
5,6,0,5, 0.027591465449
5,6,0,6, 0.065281261367
5,6,0,9,-0.037403395063
5,6,1,0, 0.145486952257
5,6,1,1, 0.202427355677
5,6,1,4, 0.037245661834
5,6,1,5, 0.106480721749
5,6,1,6, 0.151979586286
5,6,1,9,-0.062021441393
5,6,2,2, 0.207529187890
5,6,2,7, 0.008693935080
5,6,3,3, 0.207529187890
5,6,3,8, 0.008693935080
5,6,4,0, 0.040742889355
5,6,4,1, 0.037245661834
5,6,4,4, 0.226704527217
5,6,4,5, 0.037279100662
5,6,4,6, 0.055205402847
5,6,4,9,-0.059558585112
5,6,5,0, 0.027591465449
5,6,5,1, 0.106480721749
5,6,5,4, 0.037279100662
5,6,5,5, 0.504699283325
5,6,5,6, 0.300015949963
5,6,6,0, 0.065281261367
5,6,6,1, 0.151979586286
5,6,6,4, 0.055205402847
5,6,6,5, 0.300015949963
5,6,6,6, 0.324022459289
5,6,7,2, 0.008693935080
5,6,7,7, 0.462081934851
5,6,8,3, 0.008693935080
5,6,8,8, 0.462081934851
5,6,9,0,-0.037403395063
5,6,9,1,-0.062021441393
5,6,9,4,-0.059558585112
5,6,9,9, 0.462081934851
5,7,0,2, 0.012227191740
5,7,0,7, 0.004724988397
5,7,1,2, 0.011343657204
5,7,1,7, 0.033054217299
5,7,2,0, 0.012227191740
5,7,2,1, 0.011343657204
5,7,2,4, 0.006218486623
5,7,2,5, 0.002368068437
5,7,2,6, 0.006017108422
5,7,2,9,-0.003258980021
5,7,4,2, 0.006218486623
5,7,4,7, 0.005134603985
5,7,5,2, 0.002368068437
5,7,5,7, 0.152608082603
5,7,6,2, 0.006017108422
5,7,6,7, 0.101353944495
5,7,7,0, 0.004724988397
5,7,7,1, 0.033054217299
5,7,7,4, 0.005134603985
5,7,7,5, 0.152608082603
5,7,7,6, 0.101353944495
5,7,9,2,-0.003258980021
5,8,0,3, 0.012227191740
5,8,0,8, 0.004724988397
5,8,1,3, 0.011343657204
5,8,1,8, 0.033054217299
5,8,3,0, 0.012227191740
5,8,3,1, 0.011343657204
5,8,3,4, 0.006218486623
5,8,3,5, 0.002368068437
5,8,3,6, 0.006017108422
5,8,3,9,-0.003258980021
5,8,4,3, 0.006218486623
5,8,4,8, 0.005134603985
5,8,5,3, 0.002368068437
5,8,5,8, 0.152608082603
5,8,6,3, 0.006017108422
5,8,6,8, 0.101353944495
5,8,8,0, 0.004724988397
5,8,8,1, 0.033054217299
5,8,8,4, 0.005134603985
5,8,8,5, 0.152608082603
5,8,8,6, 0.101353944495
5,8,9,3,-0.003258980021
5,9,0,0,-0.061558868393
5,9,0,1,-0.040742889355
5,9,0,4,-0.023556142850
5,9,0,5,-0.010452085526
5,9,0,6,-0.020711190365
5,9,0,9, 0.016644587371
5,9,1,0,-0.040742889355
5,9,1,1,-0.046769313530
5,9,1,4,-0.020830317672
5,9,1,5,-0.017835850482
5,9,1,6,-0.027734152079
5,9,1,9, 0.040568631872
5,9,2,2,-0.055747874752
5,9,2,7,-0.003258980021
5,9,3,3,-0.055747874752
5,9,3,8,-0.003258980021
5,9,4,0,-0.023556142850
5,9,4,1,-0.020830317672
5,9,4,4,-0.073044010119
5,9,4,5,-0.015985867787
5,9,4,6,-0.022268788450
5,9,4,9, 0.027421145477
5,9,5,0,-0.010452085526
5,9,5,1,-0.017835850482
5,9,5,4,-0.015985867787
5,9,5,9, 0.152608082603
5,9,6,0,-0.020711190365
5,9,6,1,-0.027734152079
5,9,6,4,-0.022268788450
5,9,6,9, 0.101353944495
5,9,7,2,-0.003258980021
5,9,8,3,-0.003258980021
5,9,9,0, 0.016644587371
5,9,9,1, 0.040568631872
5,9,9,4, 0.027421145477
5,9,9,5, 0.152608082603
5,9,9,6, 0.101353944495
6,0,0,0, 0.176701787880
6,0,0,1, 0.106480721749
6,0,0,4, 0.017835850482
6,0,0,5, 0.011952885289
6,0,0,6, 0.040781409123
6,0,0,9,-0.016555764249
6,0,1,0, 0.106480721749
6,0,1,1, 0.117449803215
6,0,1,4, 0.013529470548
6,0,1,5, 0.029186113570
6,0,1,6, 0.061422182066
6,0,1,9,-0.025188733553
6,0,2,2, 0.162565307757
6,0,2,7, 0.003816805600
6,0,3,3, 0.162565307757
6,0,3,8, 0.003816805600
6,0,4,0, 0.017835850482
6,0,4,1, 0.013529470548
6,0,4,4, 0.165841828495
6,0,4,5, 0.016641145088
6,0,4,6, 0.028462557517
6,0,4,9,-0.026783210503
6,0,5,0, 0.011952885289
6,0,5,1, 0.029186113570
6,0,5,4, 0.016641145088
6,0,5,5, 0.097667434718
6,0,5,6, 0.065281261367
6,0,5,9,-0.020711190365
6,0,6,0, 0.040781409123
6,0,6,1, 0.061422182066
6,0,6,4, 0.028462557517
6,0,6,5, 0.065281261367
6,0,6,6, 0.086705855468
6,0,6,9,-0.018234346277
6,0,7,2, 0.003816805600
6,0,7,7, 0.093677832438
6,0,8,3, 0.003816805600
6,0,8,8, 0.093677832438
6,0,9,0,-0.016555764249
6,0,9,1,-0.025188733553
6,0,9,4,-0.026783210503
6,0,9,5,-0.020711190365
6,0,9,6,-0.018234346277
6,0,9,9, 0.103683834206
6,1,0,0, 0.233385625028
6,1,0,1, 0.151979586286
6,1,0,4, 0.027734152079
6,1,0,5, 0.020452766379
6,1,0,6, 0.061422182066
6,1,0,9,-0.028142413356
6,1,1,0, 0.151979586286
6,1,1,1, 0.192702462023
6,1,1,4, 0.023765697308
6,1,1,5, 0.061422182066
6,1,1,6, 0.114773153211
6,1,1,9,-0.045762375516
6,1,2,2, 0.226403034942
6,1,2,7, 0.006711880491
6,1,3,3, 0.226403034942
6,1,3,8, 0.006711880491
6,1,4,0, 0.027734152079
6,1,4,1, 0.023765697308
6,1,4,4, 0.232235516198
6,1,4,5, 0.028142413356
6,1,4,6, 0.045762375516
6,1,4,9,-0.045114403188
6,1,5,0, 0.020452766379
6,1,5,1, 0.061422182066
6,1,5,4, 0.028142413356
6,1,5,5, 0.233385625028
6,1,5,6, 0.151979586286
6,1,5,9,-0.027734152079
6,1,6,0, 0.061422182066
6,1,6,1, 0.114773153211
6,1,6,4, 0.045762375516
6,1,6,5, 0.151979586286
6,1,6,6, 0.192702462023
6,1,6,9,-0.023765697308
6,1,7,2, 0.006711880491
6,1,7,7, 0.226403034942
6,1,8,3, 0.006711880491
6,1,8,8, 0.226403034942
6,1,9,0,-0.028142413356
6,1,9,1,-0.045762375516
6,1,9,4,-0.045114403188
6,1,9,5,-0.027734152079
6,1,9,6,-0.023765697308
6,1,9,9, 0.232235516198
6,2,0,2, 0.033054217299
6,2,0,7, 0.001005599167
6,2,1,2, 0.023896004887
6,2,1,7, 0.002803603324
6,2,2,0, 0.033054217299
6,2,2,1, 0.023896004887
6,2,2,4, 0.005653796821
6,2,2,5, 0.001582016481
6,2,2,6, 0.008759999337
6,2,2,9,-0.001878988289
6,2,4,2, 0.005653796821
6,2,4,7, 0.001403333809
6,2,5,2, 0.001582016481
6,2,5,7, 0.006017108422
6,2,6,2, 0.008759999337
6,2,6,7, 0.005409096169
6,2,7,0, 0.001005599167
6,2,7,1, 0.002803603324
6,2,7,4, 0.001403333809
6,2,7,5, 0.006017108422
6,2,7,6, 0.005409096169
6,2,7,9,-0.003237692322
6,2,9,2,-0.001878988289
6,2,9,7,-0.003237692322
6,3,0,3, 0.033054217299
6,3,0,8, 0.001005599167
6,3,1,3, 0.023896004887
6,3,1,8, 0.002803603324
6,3,3,0, 0.033054217299
6,3,3,1, 0.023896004887
6,3,3,4, 0.005653796821
6,3,3,5, 0.001582016481
6,3,3,6, 0.008759999337
6,3,3,9,-0.001878988289
6,3,4,3, 0.005653796821
6,3,4,8, 0.001403333809
6,3,5,3, 0.001582016481
6,3,5,8, 0.006017108422
6,3,6,3, 0.008759999337
6,3,6,8, 0.005409096169
6,3,8,0, 0.001005599167
6,3,8,1, 0.002803603324
6,3,8,4, 0.001403333809
6,3,8,5, 0.006017108422
6,3,8,6, 0.005409096169
6,3,8,9,-0.003237692322
6,3,9,3,-0.001878988289
6,3,9,8,-0.003237692322
6,4,0,0, 0.098667849301
6,4,0,1, 0.062021441393
6,4,0,4, 0.040568631872
6,4,0,5, 0.010399276625
6,4,0,6, 0.028462557517
6,4,0,9,-0.015118586049
6,4,1,0, 0.062021441393
6,4,1,1, 0.071508497377
6,4,1,4, 0.029852739313
6,4,1,5, 0.025188733553
6,4,1,6, 0.045762375516
6,4,1,9,-0.023269732834
6,4,2,2, 0.091423305559
6,4,2,7, 0.003358473836
6,4,3,3, 0.091423305559
6,4,3,8, 0.003358473836
6,4,4,0, 0.040568631872
6,4,4,1, 0.029852739313
6,4,4,4, 0.103837997904
6,4,4,5, 0.015289525595
6,4,4,6, 0.027395949073
6,4,4,9,-0.025148753466
6,4,5,0, 0.010399276625
6,4,5,1, 0.025188733553
6,4,5,4, 0.015289525595
6,4,5,5, 0.083771349591
6,4,5,6, 0.055205402847
6,4,5,9,-0.022268788450
6,4,6,0, 0.028462557517
6,4,6,1, 0.045762375516
6,4,6,4, 0.027395949073
6,4,6,5, 0.055205402847
6,4,6,6, 0.068996122043
6,4,6,9,-0.019000297050
6,4,7,2, 0.003358473836
6,4,7,7, 0.078736108185
6,4,8,3, 0.003358473836
6,4,8,8, 0.078736108185
6,4,9,0,-0.015118586049
6,4,9,1,-0.023269732834
6,4,9,4,-0.025148753466
6,4,9,5,-0.022268788450
6,4,9,6,-0.019000297050
6,4,9,9, 0.091862574644
6,5,0,0, 0.214193391508
6,5,0,1, 0.145486952257
6,5,0,4, 0.040742889355
6,5,0,5, 0.027591465449
6,5,0,6, 0.065281261367
6,5,0,9,-0.037403395063
6,5,1,0, 0.145486952257
6,5,1,1, 0.202427355677
6,5,1,4, 0.037245661834
6,5,1,5, 0.106480721749
6,5,1,6, 0.151979586286
6,5,1,9,-0.062021441393
6,5,2,2, 0.207529187890
6,5,2,7, 0.008693935080
6,5,3,3, 0.207529187890
6,5,3,8, 0.008693935080
6,5,4,0, 0.040742889355
6,5,4,1, 0.037245661834
6,5,4,4, 0.226704527217
6,5,4,5, 0.037279100662
6,5,4,6, 0.055205402847
6,5,4,9,-0.059558585112
6,5,5,0, 0.027591465449
6,5,5,1, 0.106480721749
6,5,5,4, 0.037279100662
6,5,5,5, 0.504699283325
6,5,5,6, 0.300015949963
6,5,6,0, 0.065281261367
6,5,6,1, 0.151979586286
6,5,6,4, 0.055205402847
6,5,6,5, 0.300015949963
6,5,6,6, 0.324022459289
6,5,7,2, 0.008693935080
6,5,7,7, 0.462081934851
6,5,8,3, 0.008693935080
6,5,8,8, 0.462081934851
6,5,9,0,-0.037403395063
6,5,9,1,-0.062021441393
6,5,9,4,-0.059558585112
6,5,9,9, 0.462081934851
6,6,0,0, 0.300701752236
6,6,0,1, 0.202427355677
6,6,0,4, 0.046769313530
6,6,0,5, 0.032656467138
6,6,0,6, 0.086705855468
6,6,0,9,-0.044342510836
6,6,1,0, 0.202427355677
6,6,1,1, 0.277915674979
6,6,1,4, 0.042015839864
6,6,1,5, 0.117449803215
6,6,1,6, 0.192702462023
6,6,1,9,-0.071508497377
6,6,2,2, 0.293797279321
6,6,2,7, 0.010626126699
6,6,3,3, 0.293797279321
6,6,3,8, 0.010626126699
6,6,4,0, 0.046769313530
6,6,4,1, 0.042015839864
6,6,4,4, 0.309279598740
6,6,4,5, 0.044255716952
6,6,4,6, 0.068996122043
6,6,4,9,-0.070603760591
6,6,5,0, 0.032656467138
6,6,5,1, 0.117449803215
6,6,5,4, 0.044255716952
6,6,5,5, 0.507364877272
6,6,5,6, 0.324022459289
6,6,6,0, 0.086705855468
6,6,6,1, 0.192702462023
6,6,6,4, 0.068996122043
6,6,6,5, 0.324022459289
6,6,6,6, 0.394125899248
6,6,7,2, 0.010626126699
6,6,7,7, 0.491073083906
6,6,8,3, 0.010626126699
6,6,8,8, 0.491073083906
6,6,9,0,-0.044342510836
6,6,9,1,-0.071508497377
6,6,9,4,-0.070603760591
6,6,9,9, 0.491073083906
6,7,0,2, 0.011343657204
6,7,0,7, 0.003544339415
6,7,1,2, 0.010447664905
6,7,1,7, 0.023896004887
6,7,2,0, 0.011343657204
6,7,2,1, 0.010447664905
6,7,2,4, 0.005628392308
6,7,2,5, 0.001974475013
6,7,2,6, 0.005409096169
6,7,2,9,-0.002703547433
6,7,4,2, 0.005628392308
6,7,4,7, 0.003936145623
6,7,5,2, 0.001974475013
6,7,5,7, 0.101353944495
6,7,6,2, 0.005409096169
6,7,6,7, 0.072461555243
6,7,7,0, 0.003544339415
6,7,7,1, 0.023896004887
6,7,7,4, 0.003936145623
6,7,7,5, 0.101353944495
6,7,7,6, 0.072461555243
6,7,9,2,-0.002703547433
6,8,0,3, 0.011343657204
6,8,0,8, 0.003544339415
6,8,1,3, 0.010447664905
6,8,1,8, 0.023896004887
6,8,3,0, 0.011343657204
6,8,3,1, 0.010447664905
6,8,3,4, 0.005628392308
6,8,3,5, 0.001974475013
6,8,3,6, 0.005409096169
6,8,3,9,-0.002703547433
6,8,4,3, 0.005628392308
6,8,4,8, 0.003936145623
6,8,5,3, 0.001974475013
6,8,5,8, 0.101353944495
6,8,6,3, 0.005409096169
6,8,6,8, 0.072461555243
6,8,8,0, 0.003544339415
6,8,8,1, 0.023896004887
6,8,8,4, 0.003936145623
6,8,8,5, 0.101353944495
6,8,8,6, 0.072461555243
6,8,9,3,-0.002703547433
6,9,0,0,-0.057019276386
6,9,0,1,-0.037245661834
6,9,0,4,-0.020830317672
6,9,0,5,-0.008298481130
6,9,0,6,-0.018234346277
6,9,0,9, 0.013153154498
6,9,1,0,-0.037245661834
6,9,1,1,-0.042015839864
6,9,1,4,-0.017924163308
6,9,1,5,-0.013529470548
6,9,1,6,-0.023765697308
6,9,1,9, 0.029852739313
6,9,2,2,-0.051994414961
6,9,2,7,-0.002703547433
6,9,3,3,-0.051994414961
6,9,3,8,-0.002703547433
6,9,4,0,-0.020830317672
6,9,4,1,-0.017924163308
6,9,4,4,-0.066168144054
6,9,4,5,-0.012750422890
6,9,4,6,-0.019000297050
6,9,4,9, 0.021855402404
6,9,5,0,-0.008298481130
6,9,5,1,-0.013529470548
6,9,5,4,-0.012750422890
6,9,5,9, 0.101353944495
6,9,6,0,-0.018234346277
6,9,6,1,-0.023765697308
6,9,6,4,-0.019000297050
6,9,6,9, 0.072461555243
6,9,7,2,-0.002703547433
6,9,8,3,-0.002703547433
6,9,9,0, 0.013153154498
6,9,9,1, 0.029852739313
6,9,9,4, 0.021855402404
6,9,9,5, 0.101353944495
6,9,9,6, 0.072461555243
7,0,0,2, 0.002368068437
7,0,0,7, 0.000414465878
7,0,1,2, 0.001974475013
7,0,1,7, 0.001582016481
7,0,2,0, 0.002368068437
7,0,2,1, 0.001974475013
7,0,2,4, 0.001438972660
7,0,2,5, 0.000343898635
7,0,2,6, 0.001005599167
7,0,2,9,-0.000494067397
7,0,4,2, 0.001438972660
7,0,4,7, 0.000558433546
7,0,5,2, 0.000343898635
7,0,5,7, 0.004724988397
7,0,6,2, 0.001005599167
7,0,6,7, 0.003544339415
7,0,7,0, 0.000414465878
7,0,7,1, 0.001582016481
7,0,7,4, 0.000558433546
7,0,7,5, 0.004724988397
7,0,7,6, 0.003544339415
7,0,7,9,-0.002307452956
7,0,9,2,-0.000494067397
7,0,9,7,-0.002307452956
7,1,0,2, 0.006017108422
7,1,0,7, 0.001582016481
7,1,1,2, 0.005409096169
7,1,1,7, 0.008759999337
7,1,2,0, 0.006017108422
7,1,2,1, 0.005409096169
7,1,2,4, 0.003237692322
7,1,2,5, 0.001005599167
7,1,2,6, 0.002803603324
7,1,2,9,-0.001403333809
7,1,4,2, 0.003237692322
7,1,4,7, 0.001878988289
7,1,5,2, 0.001005599167
7,1,5,7, 0.033054217299
7,1,6,2, 0.002803603324
7,1,6,7, 0.023896004887
7,1,7,0, 0.001582016481
7,1,7,1, 0.008759999337
7,1,7,4, 0.001878988289
7,1,7,5, 0.033054217299
7,1,7,6, 0.023896004887
7,1,7,9,-0.005653796821
7,1,9,2,-0.001403333809
7,1,9,7,-0.005653796821
7,2,0,0, 0.013353749972
7,2,0,1, 0.008693935080
7,2,0,4, 0.003258980021
7,2,0,5, 0.001415370291
7,2,0,6, 0.003816805600
7,2,0,9,-0.002037186989
7,2,1,0, 0.008693935080
7,2,1,1, 0.010626126699
7,2,1,4, 0.002703547433
7,2,1,5, 0.003816805600
7,2,1,6, 0.006711880491
7,2,1,9,-0.003358473836
7,2,2,2, 0.013079783303
7,2,2,7, 0.000504031785
7,2,3,3, 0.012367062365
7,2,3,8, 0.000442313607
7,2,4,0, 0.003258980021
7,2,4,1, 0.002703547433
7,2,4,4, 0.014174637481
7,2,4,5, 0.002037186989
7,2,4,6, 0.003358473836
7,2,4,9,-0.003338806730
7,2,5,0, 0.001415370291
7,2,5,1, 0.003816805600
7,2,5,4, 0.002037186989
7,2,5,5, 0.013353749972
7,2,5,6, 0.008693935080
7,2,5,9,-0.003258980021
7,2,6,0, 0.003816805600
7,2,6,1, 0.006711880491
7,2,6,4, 0.003358473836
7,2,6,5, 0.008693935080
7,2,6,6, 0.010626126699
7,2,6,9,-0.002703547433
7,2,7,2, 0.000504031785
7,2,7,7, 0.013079783303
7,2,8,3, 0.000442313607
7,2,8,8, 0.012367062365
7,2,9,0,-0.002037186989
7,2,9,1,-0.003358473836
7,2,9,4,-0.003338806730
7,2,9,5,-0.003258980021
7,2,9,6,-0.002703547433
7,2,9,9, 0.014174637481
7,3,2,3, 0.000356360469
7,3,2,8, 0.000030859089
7,3,3,2, 0.000356360469
7,3,3,7, 0.000030859089
7,3,7,3, 0.000030859089
7,3,7,8, 0.000356360469
7,3,8,2, 0.000030859089
7,3,8,7, 0.000356360469
7,4,0,2, 0.003258980021
7,4,0,7, 0.000558433546
7,4,1,2, 0.002703547433
7,4,1,7, 0.001878988289
7,4,2,0, 0.003258980021
7,4,2,1, 0.002703547433
7,4,2,4, 0.002163935585
7,4,2,5, 0.000494067397
7,4,2,6, 0.001403333809
7,4,2,9,-0.000725364979
7,4,4,2, 0.002163935585
7,4,4,7, 0.000787083156
7,4,5,2, 0.000494067397
7,4,5,7, 0.005134603985
7,4,6,2, 0.001403333809
7,4,6,7, 0.003936145623
7,4,7,0, 0.000558433546
7,4,7,1, 0.001878988289
7,4,7,4, 0.000787083156
7,4,7,5, 0.005134603985
7,4,7,6, 0.003936145623
7,4,7,9,-0.003075785484
7,4,9,2,-0.000725364979
7,4,9,7,-0.003075785484
7,5,0,2, 0.012227191740
7,5,0,7, 0.004724988397
7,5,1,2, 0.011343657204
7,5,1,7, 0.033054217299
7,5,2,0, 0.012227191740
7,5,2,1, 0.011343657204
7,5,2,4, 0.006218486623
7,5,2,5, 0.002368068437
7,5,2,6, 0.006017108422
7,5,2,9,-0.003258980021
7,5,4,2, 0.006218486623
7,5,4,7, 0.005134603985
7,5,5,2, 0.002368068437
7,5,5,7, 0.152608082603
7,5,6,2, 0.006017108422
7,5,6,7, 0.101353944495
7,5,7,0, 0.004724988397
7,5,7,1, 0.033054217299
7,5,7,4, 0.005134603985
7,5,7,5, 0.152608082603
7,5,7,6, 0.101353944495
7,5,9,2,-0.003258980021
7,6,0,2, 0.011343657204
7,6,0,7, 0.003544339415
7,6,1,2, 0.010447664905
7,6,1,7, 0.023896004887
7,6,2,0, 0.011343657204
7,6,2,1, 0.010447664905
7,6,2,4, 0.005628392308
7,6,2,5, 0.001974475013
7,6,2,6, 0.005409096169
7,6,2,9,-0.002703547433
7,6,4,2, 0.005628392308
7,6,4,7, 0.003936145623
7,6,5,2, 0.001974475013
7,6,5,7, 0.101353944495
7,6,6,2, 0.005409096169
7,6,6,7, 0.072461555243
7,6,7,0, 0.003544339415
7,6,7,1, 0.023896004887
7,6,7,4, 0.003936145623
7,6,7,5, 0.101353944495
7,6,7,6, 0.072461555243
7,6,9,2,-0.002703547433
7,7,0,0, 0.303674372228
7,7,0,1, 0.207529187890
7,7,0,4, 0.055747874752
7,7,0,5, 0.040312742080
7,7,0,6, 0.093677832438
7,7,0,9,-0.054003055728
7,7,1,0, 0.207529187890
7,7,1,1, 0.293797279321
7,7,1,4, 0.051994414961
7,7,1,5, 0.162565307757
7,7,1,6, 0.226403034942
7,7,1,9,-0.091423305559
7,7,2,2, 0.296317768078
7,7,2,7, 0.013079783303
7,7,3,3, 0.294161452649
7,7,3,8, 0.012367062365
7,7,4,0, 0.055747874752
7,7,4,1, 0.051994414961
7,7,4,4, 0.320630191633
7,7,4,5, 0.053756426222
7,7,4,6, 0.078736108185
7,7,4,9,-0.085296514521
7,7,5,0, 0.040312742080
7,7,5,1, 0.162565307757
7,7,5,4, 0.053756426222
7,7,5,5, 0.775037038942
7,7,5,6, 0.462081934851
7,7,6,0, 0.093677832438
7,7,6,1, 0.226403034942
7,7,6,4, 0.078736108185
7,7,6,5, 0.462081934851
7,7,6,6, 0.491073083906
7,7,7,2, 0.013079783303
7,7,7,7, 0.785718708997
7,7,8,3, 0.012367062365
7,7,8,8, 0.689508254834
7,7,9,0,-0.054003055728
7,7,9,1,-0.091423305559
7,7,9,4,-0.085296514521
7,7,9,9, 0.689508254834
7,8,2,3, 0.001078157715
7,8,2,8, 0.000356360469
7,8,3,2, 0.001078157715
7,8,3,7, 0.000356360469
7,8,7,3, 0.000356360469
7,8,7,8, 0.048105227081
7,8,8,2, 0.000356360469
7,8,8,7, 0.048105227081
7,9,0,2,-0.006218486623
7,9,0,7,-0.002307452956
7,9,1,2,-0.005628392308
7,9,1,7,-0.005653796821
7,9,2,0,-0.006218486623
7,9,2,1,-0.005628392308
7,9,2,4,-0.004158335415
7,9,2,5,-0.001438972660
7,9,2,6,-0.003237692322
7,9,2,9, 0.002163935585
7,9,4,2,-0.004158335415
7,9,4,7,-0.003075785484
7,9,5,2,-0.001438972660
7,9,6,2,-0.003237692322
7,9,7,0,-0.002307452956
7,9,7,1,-0.005653796821
7,9,7,4,-0.003075785484
7,9,7,9, 0.048105227081
7,9,9,2, 0.002163935585
7,9,9,7, 0.048105227081
8,0,0,3, 0.002368068437
8,0,0,8, 0.000414465878
8,0,1,3, 0.001974475013
8,0,1,8, 0.001582016481
8,0,3,0, 0.002368068437
8,0,3,1, 0.001974475013
8,0,3,4, 0.001438972660
8,0,3,5, 0.000343898635
8,0,3,6, 0.001005599167
8,0,3,9,-0.000494067397
8,0,4,3, 0.001438972660
8,0,4,8, 0.000558433546
8,0,5,3, 0.000343898635
8,0,5,8, 0.004724988397
8,0,6,3, 0.001005599167
8,0,6,8, 0.003544339415
8,0,8,0, 0.000414465878
8,0,8,1, 0.001582016481
8,0,8,4, 0.000558433546
8,0,8,5, 0.004724988397
8,0,8,6, 0.003544339415
8,0,8,9,-0.002307452956
8,0,9,3,-0.000494067397
8,0,9,8,-0.002307452956
8,1,0,3, 0.006017108422
8,1,0,8, 0.001582016481
8,1,1,3, 0.005409096169
8,1,1,8, 0.008759999337
8,1,3,0, 0.006017108422
8,1,3,1, 0.005409096169
8,1,3,4, 0.003237692322
8,1,3,5, 0.001005599167
8,1,3,6, 0.002803603324
8,1,3,9,-0.001403333809
8,1,4,3, 0.003237692322
8,1,4,8, 0.001878988289
8,1,5,3, 0.001005599167
8,1,5,8, 0.033054217299
8,1,6,3, 0.002803603324
8,1,6,8, 0.023896004887
8,1,8,0, 0.001582016481
8,1,8,1, 0.008759999337
8,1,8,4, 0.001878988289
8,1,8,5, 0.033054217299
8,1,8,6, 0.023896004887
8,1,8,9,-0.005653796821
8,1,9,3,-0.001403333809
8,1,9,8,-0.005653796821
8,2,2,3, 0.000356360469
8,2,2,8, 0.000030859089
8,2,3,2, 0.000356360469
8,2,3,7, 0.000030859089
8,2,7,3, 0.000030859089
8,2,7,8, 0.000356360469
8,2,8,2, 0.000030859089
8,2,8,7, 0.000356360469
8,3,0,0, 0.013353749972
8,3,0,1, 0.008693935080
8,3,0,4, 0.003258980021
8,3,0,5, 0.001415370291
8,3,0,6, 0.003816805600
8,3,0,9,-0.002037186989
8,3,1,0, 0.008693935080
8,3,1,1, 0.010626126699
8,3,1,4, 0.002703547433
8,3,1,5, 0.003816805600
8,3,1,6, 0.006711880491
8,3,1,9,-0.003358473836
8,3,2,2, 0.012367062365
8,3,2,7, 0.000442313607
8,3,3,3, 0.013079783303
8,3,3,8, 0.000504031785
8,3,4,0, 0.003258980021
8,3,4,1, 0.002703547433
8,3,4,4, 0.014174637481
8,3,4,5, 0.002037186989
8,3,4,6, 0.003358473836
8,3,4,9,-0.003338806730
8,3,5,0, 0.001415370291
8,3,5,1, 0.003816805600
8,3,5,4, 0.002037186989
8,3,5,5, 0.013353749972
8,3,5,6, 0.008693935080
8,3,5,9,-0.003258980021
8,3,6,0, 0.003816805600
8,3,6,1, 0.006711880491
8,3,6,4, 0.003358473836
8,3,6,5, 0.008693935080
8,3,6,6, 0.010626126699
8,3,6,9,-0.002703547433
8,3,7,2, 0.000442313607
8,3,7,7, 0.012367062365
8,3,8,3, 0.000504031785
8,3,8,8, 0.013079783303
8,3,9,0,-0.002037186989
8,3,9,1,-0.003358473836
8,3,9,4,-0.003338806730
8,3,9,5,-0.003258980021
8,3,9,6,-0.002703547433
8,3,9,9, 0.014174637481
8,4,0,3, 0.003258980021
8,4,0,8, 0.000558433546
8,4,1,3, 0.002703547433
8,4,1,8, 0.001878988289
8,4,3,0, 0.003258980021
8,4,3,1, 0.002703547433
8,4,3,4, 0.002163935585
8,4,3,5, 0.000494067397
8,4,3,6, 0.001403333809
8,4,3,9,-0.000725364979
8,4,4,3, 0.002163935585
8,4,4,8, 0.000787083156
8,4,5,3, 0.000494067397
8,4,5,8, 0.005134603985
8,4,6,3, 0.001403333809
8,4,6,8, 0.003936145623
8,4,8,0, 0.000558433546
8,4,8,1, 0.001878988289
8,4,8,4, 0.000787083156
8,4,8,5, 0.005134603985
8,4,8,6, 0.003936145623
8,4,8,9,-0.003075785484
8,4,9,3,-0.000725364979
8,4,9,8,-0.003075785484
8,5,0,3, 0.012227191740
8,5,0,8, 0.004724988397
8,5,1,3, 0.011343657204
8,5,1,8, 0.033054217299
8,5,3,0, 0.012227191740
8,5,3,1, 0.011343657204
8,5,3,4, 0.006218486623
8,5,3,5, 0.002368068437
8,5,3,6, 0.006017108422
8,5,3,9,-0.003258980021
8,5,4,3, 0.006218486623
8,5,4,8, 0.005134603985
8,5,5,3, 0.002368068437
8,5,5,8, 0.152608082603
8,5,6,3, 0.006017108422
8,5,6,8, 0.101353944495
8,5,8,0, 0.004724988397
8,5,8,1, 0.033054217299
8,5,8,4, 0.005134603985
8,5,8,5, 0.152608082603
8,5,8,6, 0.101353944495
8,5,9,3,-0.003258980021
8,6,0,3, 0.011343657204
8,6,0,8, 0.003544339415
8,6,1,3, 0.010447664905
8,6,1,8, 0.023896004887
8,6,3,0, 0.011343657204
8,6,3,1, 0.010447664905
8,6,3,4, 0.005628392308
8,6,3,5, 0.001974475013
8,6,3,6, 0.005409096169
8,6,3,9,-0.002703547433
8,6,4,3, 0.005628392308
8,6,4,8, 0.003936145623
8,6,5,3, 0.001974475013
8,6,5,8, 0.101353944495
8,6,6,3, 0.005409096169
8,6,6,8, 0.072461555243
8,6,8,0, 0.003544339415
8,6,8,1, 0.023896004887
8,6,8,4, 0.003936145623
8,6,8,5, 0.101353944495
8,6,8,6, 0.072461555243
8,6,9,3,-0.002703547433
8,7,2,3, 0.001078157715
8,7,2,8, 0.000356360469
8,7,3,2, 0.001078157715
8,7,3,7, 0.000356360469
8,7,7,3, 0.000356360469
8,7,7,8, 0.048105227081
8,7,8,2, 0.000356360469
8,7,8,7, 0.048105227081
8,8,0,0, 0.303674372228
8,8,0,1, 0.207529187890
8,8,0,4, 0.055747874752
8,8,0,5, 0.040312742080
8,8,0,6, 0.093677832438
8,8,0,9,-0.054003055728
8,8,1,0, 0.207529187890
8,8,1,1, 0.293797279321
8,8,1,4, 0.051994414961
8,8,1,5, 0.162565307757
8,8,1,6, 0.226403034942
8,8,1,9,-0.091423305559
8,8,2,2, 0.294161452649
8,8,2,7, 0.012367062365
8,8,3,3, 0.296317768078
8,8,3,8, 0.013079783303
8,8,4,0, 0.055747874752
8,8,4,1, 0.051994414961
8,8,4,4, 0.320630191633
8,8,4,5, 0.053756426222
8,8,4,6, 0.078736108185
8,8,4,9,-0.085296514521
8,8,5,0, 0.040312742080
8,8,5,1, 0.162565307757
8,8,5,4, 0.053756426222
8,8,5,5, 0.775037038942
8,8,5,6, 0.462081934851
8,8,6,0, 0.093677832438
8,8,6,1, 0.226403034942
8,8,6,4, 0.078736108185
8,8,6,5, 0.462081934851
8,8,6,6, 0.491073083906
8,8,7,2, 0.012367062365
8,8,7,7, 0.689508254834
8,8,8,3, 0.013079783303
8,8,8,8, 0.785718708997
8,8,9,0,-0.054003055728
8,8,9,1,-0.091423305559
8,8,9,4,-0.085296514521
8,8,9,9, 0.689508254834
8,9,0,3,-0.006218486623
8,9,0,8,-0.002307452956
8,9,1,3,-0.005628392308
8,9,1,8,-0.005653796821
8,9,3,0,-0.006218486623
8,9,3,1,-0.005628392308
8,9,3,4,-0.004158335415
8,9,3,5,-0.001438972660
8,9,3,6,-0.003237692322
8,9,3,9, 0.002163935585
8,9,4,3,-0.004158335415
8,9,4,8,-0.003075785484
8,9,5,3,-0.001438972660
8,9,6,3,-0.003237692322
8,9,8,0,-0.002307452956
8,9,8,1,-0.005653796821
8,9,8,4,-0.003075785484
8,9,8,9, 0.048105227081
8,9,9,3, 0.002163935585
8,9,9,8, 0.048105227081
9,0,0,0,-0.058424397529
9,0,0,1,-0.037279100662
9,0,0,4,-0.015985867787
9,0,0,5,-0.006386395692
9,0,0,6,-0.016555764249
9,0,0,9, 0.009396878100
9,0,1,0,-0.037279100662
9,0,1,1,-0.044255716952
9,0,1,4,-0.012750422890
9,0,1,5,-0.016641145088
9,0,1,6,-0.028142413356
9,0,1,9, 0.015289525595
9,0,2,2,-0.053756426222
9,0,2,7,-0.002037186989
9,0,3,3,-0.053756426222
9,0,3,8,-0.002037186989
9,0,4,0,-0.015985867787
9,0,4,1,-0.012750422890
9,0,4,4,-0.063260131578
9,0,4,5,-0.009385532621
9,0,4,6,-0.015118586049
9,0,4,9, 0.015650948635
9,0,5,0,-0.006386395692
9,0,5,1,-0.016641145088
9,0,5,4,-0.009385532621
9,0,5,5,-0.058511905379
9,0,5,6,-0.037403395063
9,0,5,9, 0.016644587371
9,0,6,0,-0.016555764249
9,0,6,1,-0.028142413356
9,0,6,4,-0.015118586049
9,0,6,5,-0.037403395063
9,0,6,6,-0.044342510836
9,0,6,9, 0.013153154498
9,0,7,2,-0.002037186989
9,0,7,7,-0.054003055728
9,0,8,3,-0.002037186989
9,0,8,8,-0.054003055728
9,0,9,0, 0.009396878100
9,0,9,1, 0.015289525595
9,0,9,4, 0.015650948635
9,0,9,5, 0.016644587371
9,0,9,6, 0.013153154498
9,0,9,9,-0.063795142143
9,1,0,0,-0.083771349591
9,1,0,1,-0.055205402847
9,1,0,4,-0.022268788450
9,1,0,5,-0.010399276625
9,1,0,6,-0.025188733553
9,1,0,9, 0.015289525595
9,1,1,0,-0.055205402847
9,1,1,1,-0.068996122043
9,1,1,4,-0.019000297050
9,1,1,5,-0.028462557517
9,1,1,6,-0.045762375516
9,1,1,9, 0.027395949073
9,1,2,2,-0.078736108185
9,1,2,7,-0.003358473836
9,1,3,3,-0.078736108185
9,1,3,8,-0.003358473836
9,1,4,0,-0.022268788450
9,1,4,1,-0.019000297050
9,1,4,4,-0.091862574644
9,1,4,5,-0.015118586049
9,1,4,6,-0.023269732834
9,1,4,9, 0.025148753466
9,1,5,0,-0.010399276625
9,1,5,1,-0.028462557517
9,1,5,4,-0.015118586049
9,1,5,5,-0.098667849301
9,1,5,6,-0.062021441393
9,1,5,9, 0.040568631872
9,1,6,0,-0.025188733553
9,1,6,1,-0.045762375516
9,1,6,4,-0.023269732834
9,1,6,5,-0.062021441393
9,1,6,6,-0.071508497377
9,1,6,9, 0.029852739313
9,1,7,2,-0.003358473836
9,1,7,7,-0.091423305559
9,1,8,3,-0.003358473836
9,1,8,8,-0.091423305559
9,1,9,0, 0.015289525595
9,1,9,1, 0.027395949073
9,1,9,4, 0.025148753466
9,1,9,5, 0.040568631872
9,1,9,6, 0.029852739313
9,1,9,9,-0.103837997904
9,2,0,2,-0.005134603985
9,2,0,7,-0.000494067397
9,2,1,2,-0.003936145623
9,2,1,7,-0.001403333809
9,2,2,0,-0.005134603985
9,2,2,1,-0.003936145623
9,2,2,4,-0.003075785484
9,2,2,5,-0.000558433546
9,2,2,6,-0.001878988289
9,2,2,9, 0.000787083156
9,2,4,2,-0.003075785484
9,2,4,7,-0.000725364979
9,2,5,2,-0.000558433546
9,2,5,7,-0.003258980021
9,2,6,2,-0.001878988289
9,2,6,7,-0.002703547433
9,2,7,0,-0.000494067397
9,2,7,1,-0.001403333809
9,2,7,4,-0.000725364979
9,2,7,5,-0.003258980021
9,2,7,6,-0.002703547433
9,2,7,9, 0.002163935585
9,2,9,2, 0.000787083156
9,2,9,7, 0.002163935585
9,3,0,3,-0.005134603985
9,3,0,8,-0.000494067397
9,3,1,3,-0.003936145623
9,3,1,8,-0.001403333809
9,3,3,0,-0.005134603985
9,3,3,1,-0.003936145623
9,3,3,4,-0.003075785484
9,3,3,5,-0.000558433546
9,3,3,6,-0.001878988289
9,3,3,9, 0.000787083156
9,3,4,3,-0.003075785484
9,3,4,8,-0.000725364979
9,3,5,3,-0.000558433546
9,3,5,8,-0.003258980021
9,3,6,3,-0.001878988289
9,3,6,8,-0.002703547433
9,3,8,0,-0.000494067397
9,3,8,1,-0.001403333809
9,3,8,4,-0.000725364979
9,3,8,5,-0.003258980021
9,3,8,6,-0.002703547433
9,3,8,9, 0.002163935585
9,3,9,3, 0.000787083156
9,3,9,8, 0.002163935585
9,4,0,0,-0.092869578080
9,4,0,1,-0.059558585112
9,4,0,4,-0.027421145477
9,4,0,5,-0.010516039097
9,4,0,6,-0.026783210503
9,4,0,9, 0.015650948635
9,4,1,0,-0.059558585112
9,4,1,1,-0.070603760591
9,4,1,4,-0.021855402404
9,4,1,5,-0.026783210503
9,4,1,6,-0.045114403188
9,4,1,9, 0.025148753466
9,4,2,2,-0.085296514521
9,4,2,7,-0.003338806730
9,4,3,3,-0.085296514521
9,4,3,8,-0.003338806730
9,4,4,0,-0.027421145477
9,4,4,1,-0.021855402404
9,4,4,4,-0.103163635646
9,4,4,5,-0.015650948635
9,4,4,6,-0.025148753466
9,4,4,9, 0.026299053123
9,4,5,0,-0.010516039097
9,4,5,1,-0.026783210503
9,4,5,4,-0.015650948635
9,4,5,5,-0.092869578080
9,4,5,6,-0.059558585112
9,4,5,9, 0.027421145477
9,4,6,0,-0.026783210503
9,4,6,1,-0.045114403188
9,4,6,4,-0.025148753466
9,4,6,5,-0.059558585112
9,4,6,6,-0.070603760591
9,4,6,9, 0.021855402404
9,4,7,2,-0.003338806730
9,4,7,7,-0.085296514521
9,4,8,3,-0.003338806730
9,4,8,8,-0.085296514521
9,4,9,0, 0.015650948635
9,4,9,1, 0.025148753466
9,4,9,4, 0.026299053123
9,4,9,5, 0.027421145477
9,4,9,6, 0.021855402404
9,4,9,9,-0.103163635646
9,5,0,0,-0.061558868393
9,5,0,1,-0.040742889355
9,5,0,4,-0.023556142850
9,5,0,5,-0.010452085526
9,5,0,6,-0.020711190365
9,5,0,9, 0.016644587371
9,5,1,0,-0.040742889355
9,5,1,1,-0.046769313530
9,5,1,4,-0.020830317672
9,5,1,5,-0.017835850482
9,5,1,6,-0.027734152079
9,5,1,9, 0.040568631872
9,5,2,2,-0.055747874752
9,5,2,7,-0.003258980021
9,5,3,3,-0.055747874752
9,5,3,8,-0.003258980021
9,5,4,0,-0.023556142850
9,5,4,1,-0.020830317672
9,5,4,4,-0.073044010119
9,5,4,5,-0.015985867787
9,5,4,6,-0.022268788450
9,5,4,9, 0.027421145477
9,5,5,0,-0.010452085526
9,5,5,1,-0.017835850482
9,5,5,4,-0.015985867787
9,5,5,9, 0.152608082603
9,5,6,0,-0.020711190365
9,5,6,1,-0.027734152079
9,5,6,4,-0.022268788450
9,5,6,9, 0.101353944495
9,5,7,2,-0.003258980021
9,5,8,3,-0.003258980021
9,5,9,0, 0.016644587371
9,5,9,1, 0.040568631872
9,5,9,4, 0.027421145477
9,5,9,5, 0.152608082603
9,5,9,6, 0.101353944495
9,6,0,0,-0.057019276386
9,6,0,1,-0.037245661834
9,6,0,4,-0.020830317672
9,6,0,5,-0.008298481130
9,6,0,6,-0.018234346277
9,6,0,9, 0.013153154498
9,6,1,0,-0.037245661834
9,6,1,1,-0.042015839864
9,6,1,4,-0.017924163308
9,6,1,5,-0.013529470548
9,6,1,6,-0.023765697308
9,6,1,9, 0.029852739313
9,6,2,2,-0.051994414961
9,6,2,7,-0.002703547433
9,6,3,3,-0.051994414961
9,6,3,8,-0.002703547433
9,6,4,0,-0.020830317672
9,6,4,1,-0.017924163308
9,6,4,4,-0.066168144054
9,6,4,5,-0.012750422890
9,6,4,6,-0.019000297050
9,6,4,9, 0.021855402404
9,6,5,0,-0.008298481130
9,6,5,1,-0.013529470548
9,6,5,4,-0.012750422890
9,6,5,9, 0.101353944495
9,6,6,0,-0.018234346277
9,6,6,1,-0.023765697308
9,6,6,4,-0.019000297050
9,6,6,9, 0.072461555243
9,6,7,2,-0.002703547433
9,6,8,3,-0.002703547433
9,6,9,0, 0.013153154498
9,6,9,1, 0.029852739313
9,6,9,4, 0.021855402404
9,6,9,5, 0.101353944495
9,6,9,6, 0.072461555243
9,7,0,2,-0.006218486623
9,7,0,7,-0.002307452956
9,7,1,2,-0.005628392308
9,7,1,7,-0.005653796821
9,7,2,0,-0.006218486623
9,7,2,1,-0.005628392308
9,7,2,4,-0.004158335415
9,7,2,5,-0.001438972660
9,7,2,6,-0.003237692322
9,7,2,9, 0.002163935585
9,7,4,2,-0.004158335415
9,7,4,7,-0.003075785484
9,7,5,2,-0.001438972660
9,7,6,2,-0.003237692322
9,7,7,0,-0.002307452956
9,7,7,1,-0.005653796821
9,7,7,4,-0.003075785484
9,7,7,9, 0.048105227081
9,7,9,2, 0.002163935585
9,7,9,7, 0.048105227081
9,8,0,3,-0.006218486623
9,8,0,8,-0.002307452956
9,8,1,3,-0.005628392308
9,8,1,8,-0.005653796821
9,8,3,0,-0.006218486623
9,8,3,1,-0.005628392308
9,8,3,4,-0.004158335415
9,8,3,5,-0.001438972660
9,8,3,6,-0.003237692322
9,8,3,9, 0.002163935585
9,8,4,3,-0.004158335415
9,8,4,8,-0.003075785484
9,8,5,3,-0.001438972660
9,8,6,3,-0.003237692322
9,8,8,0,-0.002307452956
9,8,8,1,-0.005653796821
9,8,8,4,-0.003075785484
9,8,8,9, 0.048105227081
9,8,9,3, 0.002163935585
9,8,9,8, 0.048105227081
9,9,0,0, 0.334706409579
9,9,0,1, 0.226704527217
9,9,0,4, 0.073044010119
9,9,0,5, 0.045535696693
9,9,0,6, 0.103683834206
9,9,0,9,-0.063795142143
9,9,1,0, 0.226704527217
9,9,1,1, 0.309279598740
9,9,1,4, 0.066168144054
9,9,1,5, 0.165841828495
9,9,1,6, 0.232235516198
9,9,1,9,-0.103837997904
9,9,2,2, 0.320630191633
9,9,2,7, 0.014174637481
9,9,3,3, 0.320630191633
9,9,3,8, 0.014174637481
9,9,4,0, 0.073044010119
9,9,4,1, 0.066168144054
9,9,4,4, 0.362696053232
9,9,4,5, 0.063260131578
9,9,4,6, 0.091862574644
9,9,4,9,-0.103163635646
9,9,5,0, 0.045535696693
9,9,5,1, 0.165841828495
9,9,5,4, 0.063260131578
9,9,5,5, 0.775037038942
9,9,5,6, 0.462081934851
9,9,6,0, 0.103683834206
9,9,6,1, 0.232235516198
9,9,6,4, 0.091862574644
9,9,6,5, 0.462081934851
9,9,6,6, 0.491073083906
9,9,7,2, 0.014174637481
9,9,7,7, 0.689508254834
9,9,8,3, 0.014174637481
9,9,8,8, 0.689508254834
9,9,9,0,-0.063795142143
9,9,9,1,-0.103837997904
9,9,9,4,-0.103163635646
9,9,9,9, 0.785718708997
