0,0,0,0, 0.897251802255
0,0,0,1, 0.504699283325
0,0,0,5, 0.159796411862
0,0,0,6, 0.288498918461
0,0,0,9,-0.227012824432
0,0,1,0, 0.504699283325
0,0,1,1, 0.507364877272
0,0,1,5, 0.195746785915
0,0,1,6, 0.334661715995
0,0,1,9,-0.152853688558
0,0,2,2, 0.775037038942
0,0,2,7, 0.087205225048
0,0,3,3, 0.775037038942
0,0,3,8, 0.087205225048
0,0,4,4, 0.775037038942
0,0,4,5, 0.186494922369
0,0,4,6, 0.119505077372
0,0,4,9,-0.288760377934
0,0,5,0, 0.159796411862
0,0,5,1, 0.195746785915
0,0,5,4, 0.186494922369
0,0,5,5, 0.424183589407
0,0,5,6, 0.283524951710
0,0,5,9,-0.105306471773
0,0,6,0, 0.288498918461
0,0,6,1, 0.334661715995
0,0,6,4, 0.119505077372
0,0,6,5, 0.283524951710
0,0,6,6, 0.370359744000
0,0,6,9,-0.092609036175
0,0,7,2, 0.087205225048
0,0,7,7, 0.401305868111
0,0,8,3, 0.087205225048
0,0,8,8, 0.401305868111
0,0,9,0,-0.227012824432
0,0,9,1,-0.152853688558
0,0,9,4,-0.288760377934
0,0,9,5,-0.105306471773
0,0,9,6,-0.092609036175
0,0,9,9, 0.464844943952
0,1,0,0, 0.504699283325
0,1,0,1, 0.300015949963
0,1,0,5, 0.097513198614
0,1,0,6, 0.172763768274
0,1,0,9,-0.135376724450
0,1,1,0, 0.300015949963
0,1,1,1, 0.324022459289
0,1,1,5, 0.127133174229
0,1,1,6, 0.216095037439
0,1,1,9,-0.093727970450
0,1,2,2, 0.462081934851
0,1,2,7, 0.055046618153
0,1,3,3, 0.462081934851
0,1,3,8, 0.055046618153
0,1,4,4, 0.462081934851
0,1,4,5, 0.117200818805
0,1,4,6, 0.074926092936
0,1,4,9,-0.177448421808
0,1,5,0, 0.097513198614
0,1,5,1, 0.127133174229
0,1,5,4, 0.117200818805
0,1,5,5, 0.283524951710
0,1,5,6, 0.188213870775
0,1,5,9,-0.062562469133
0,1,6,0, 0.172763768274
0,1,6,1, 0.216095037439
0,1,6,4, 0.074926092936
0,1,6,5, 0.188213870775
0,1,6,6, 0.245131067965
0,1,6,9,-0.054330275777
0,1,7,2, 0.055046618153
0,1,7,7, 0.270574146754
0,1,8,3, 0.055046618153
0,1,8,8, 0.270574146754
0,1,9,0,-0.135376724450
0,1,9,1,-0.093727970450
0,1,9,4,-0.177448421808
0,1,9,5,-0.062562469133
0,1,9,6,-0.054330275777
0,1,9,9, 0.301726686142
0,2,0,2, 0.152608082603
0,2,0,7, 0.015387901828
0,2,1,2, 0.101353944495
0,2,1,7, 0.019886661060
0,2,2,0, 0.152608082603
0,2,2,1, 0.101353944495
0,2,2,5, 0.022282604390
0,2,2,6, 0.055820143454
0,2,2,9,-0.032230830161
0,2,4,7, 0.019222554606
0,2,5,2, 0.022282604390
0,2,5,7, 0.029006312724
0,2,6,2, 0.055820143454
0,2,6,7, 0.025470438666
0,2,7,0, 0.015387901828
0,2,7,1, 0.019886661060
0,2,7,4, 0.019222554606
0,2,7,5, 0.029006312724
0,2,7,6, 0.025470438666
0,2,7,9,-0.017773622142
0,2,9,2,-0.032230830161
0,2,9,7,-0.017773622142
0,3,0,3, 0.152608082603
0,3,0,8, 0.015387901828
0,3,1,3, 0.101353944495
0,3,1,8, 0.019886661060
0,3,3,0, 0.152608082603
0,3,3,1, 0.101353944495
0,3,3,5, 0.022282604390
0,3,3,6, 0.055820143454
0,3,3,9,-0.032230830161
0,3,4,8, 0.019222554606
0,3,5,3, 0.022282604390
0,3,5,8, 0.029006312724
0,3,6,3, 0.055820143454
0,3,6,8, 0.025470438666
0,3,8,0, 0.015387901828
0,3,8,1, 0.019886661060
0,3,8,4, 0.019222554606
0,3,8,5, 0.029006312724
0,3,8,6, 0.025470438666
0,3,8,9,-0.017773622142
0,3,9,3,-0.032230830161
0,3,9,8,-0.017773622142
0,4,0,4, 0.152608082603
0,4,0,5, 0.033313918437
0,4,0,6, 0.021620356800
0,4,0,9,-0.052367480096
0,4,1,4, 0.101353944495
0,4,1,5, 0.042334659000
0,4,1,6, 0.031007603194
0,4,1,9,-0.038933220147
0,4,2,7, 0.019222554606
0,4,3,8, 0.019222554606
0,4,4,0, 0.152608082603
0,4,4,1, 0.101353944495
0,4,4,5, 0.055345469812
0,4,4,6, 0.062550828317
0,4,4,9,-0.086248205970
0,4,5,0, 0.033313918437
0,4,5,1, 0.042334659000
0,4,5,4, 0.055345469812
0,4,5,5, 0.105306471773
0,4,5,6, 0.062562469133
0,4,5,9,-0.042687701689
0,4,6,0, 0.021620356800
0,4,6,1, 0.031007603194
0,4,6,4, 0.062550828317
0,4,6,5, 0.062562469133
0,4,6,6, 0.054634640232
0,4,6,9,-0.031190621336
0,4,7,2, 0.019222554606
0,4,7,7, 0.091295944081
0,4,8,3, 0.019222554606
0,4,8,8, 0.091295944081
0,4,9,0,-0.052367480096
0,4,9,1,-0.038933220147
0,4,9,4,-0.086248205970
0,4,9,5,-0.042687701689
0,4,9,6,-0.031190621336
0,4,9,9, 0.122365418037
0,5,0,0, 0.159796411862
0,5,0,1, 0.097513198614
0,5,0,4, 0.033313918437
0,5,0,5, 0.044122363873
0,5,0,6, 0.062832330851
0,5,0,9,-0.059929688807
0,5,1,0, 0.097513198614
0,5,1,1, 0.109123877455
0,5,1,4, 0.025199429034
0,5,1,5, 0.062832330851
0,5,1,6, 0.085342403343
0,5,1,9,-0.043118797202
0,5,2,2, 0.145122408885
0,5,2,7, 0.024819412957
0,5,3,3, 0.145122408885
0,5,3,8, 0.024819412957
0,5,4,0, 0.033313918437
0,5,4,1, 0.025199429034
0,5,4,4, 0.159321330682
0,5,4,5, 0.059929688807
0,5,4,6, 0.043118797202
0,5,4,9,-0.087115159710
0,5,5,0, 0.044122363873
0,5,5,1, 0.062832330851
0,5,5,4, 0.059929688807
0,5,5,5, 0.159796411862
0,5,5,6, 0.097513198614
0,5,5,9,-0.033313918437
0,5,6,0, 0.062832330851
0,5,6,1, 0.085342403343
0,5,6,4, 0.043118797202
0,5,6,5, 0.097513198614
0,5,6,6, 0.109123877455
0,5,6,9,-0.025199429034
0,5,7,2, 0.024819412957
0,5,7,7, 0.145122408885
0,5,8,3, 0.024819412957
0,5,8,8, 0.145122408885
0,5,9,0,-0.059929688807
0,5,9,1,-0.043118797202
0,5,9,4,-0.087115159710
0,5,9,5,-0.033313918437
0,5,9,6,-0.025199429034
0,5,9,9, 0.159321330682
0,6,0,0, 0.288498918461
0,6,0,1, 0.172763768274
0,6,0,4, 0.021620356800
0,6,0,5, 0.062832330851
0,6,0,6, 0.103561724055
0,6,0,9,-0.086799838976
0,6,1,0, 0.172763768274
0,6,1,1, 0.188713589096
0,6,1,4, 0.016282178932
0,6,1,5, 0.084531694430
0,6,1,6, 0.133513754769
0,6,1,9,-0.060987918780
0,6,2,2, 0.264828259949
0,6,2,7, 0.035755634429
0,6,3,3, 0.264828259949
0,6,3,8, 0.035755634429
0,6,4,0, 0.021620356800
0,6,4,1, 0.016282178932
0,6,4,4, 0.267755857797
0,6,4,5, 0.078813715375
0,6,4,6, 0.054224878370
0,6,4,9,-0.117811601725
0,6,5,0, 0.062832330851
0,6,5,1, 0.084531694430
0,6,5,4, 0.078813715375
0,6,5,5, 0.195746785915
0,6,5,6, 0.127133174229
0,6,5,9,-0.042334659000
0,6,6,0, 0.103561724055
0,6,6,1, 0.133513754769
0,6,6,4, 0.054224878370
0,6,6,5, 0.127133174229
0,6,6,6, 0.158191518129
0,6,6,9,-0.035425515266
0,6,7,2, 0.035755634429
0,6,7,7, 0.185373197357
0,6,8,3, 0.035755634429
0,6,8,8, 0.185373197357
0,6,9,0,-0.086799838976
0,6,9,1,-0.060987918780
0,6,9,4,-0.117811601725
0,6,9,5,-0.042334659000
0,6,9,6,-0.035425515266
0,6,9,9, 0.204684742627
0,7,0,2, 0.015387901828
0,7,0,7, 0.005937213453
0,7,1,2, 0.011774420186
0,7,1,7, 0.010509354697
0,7,2,0, 0.015387901828
0,7,2,1, 0.011774420186
0,7,2,4, 0.008236184582
0,7,2,5, 0.005479346186
0,7,2,6, 0.008364693159
0,7,2,9,-0.007913601994
0,7,4,2, 0.008236184582
0,7,4,7, 0.008821624224
0,7,5,2, 0.005479346186
0,7,5,7, 0.022282604390
0,7,6,2, 0.008364693159
0,7,6,7, 0.016028371934
0,7,7,0, 0.005937213453
0,7,7,1, 0.010509354697
0,7,7,4, 0.008821624224
0,7,7,5, 0.022282604390
0,7,7,6, 0.016028371934
0,7,7,9,-0.008632434295
0,7,9,2,-0.007913601994
0,7,9,7,-0.008632434295
0,8,0,3, 0.015387901828
0,8,0,8, 0.005937213453
0,8,1,3, 0.011774420186
0,8,1,8, 0.010509354697
0,8,3,0, 0.015387901828
0,8,3,1, 0.011774420186
0,8,3,4, 0.008236184582
0,8,3,5, 0.005479346186
0,8,3,6, 0.008364693159
0,8,3,9,-0.007913601994
0,8,4,3, 0.008236184582
0,8,4,8, 0.008821624224
0,8,5,3, 0.005479346186
0,8,5,8, 0.022282604390
0,8,6,3, 0.008364693159
0,8,6,8, 0.016028371934
0,8,8,0, 0.005937213453
0,8,8,1, 0.010509354697
0,8,8,4, 0.008821624224
0,8,8,5, 0.022282604390
0,8,8,6, 0.016028371934
0,8,8,9,-0.008632434295
0,8,9,3,-0.007913601994
0,8,9,8,-0.008632434295
0,9,0,0,-0.227012824432
0,9,0,1,-0.135376724450
0,9,0,4,-0.052367480096
0,9,0,5,-0.059929688807
0,9,0,6,-0.086799838976
0,9,0,9, 0.085134642681
0,9,1,0,-0.135376724450
0,9,1,1,-0.145051021879
0,9,1,4,-0.037280656167
0,9,1,5,-0.078813715375
0,9,1,6,-0.110373288485
0,9,1,9, 0.061827212401
0,9,2,2,-0.202165811126
0,9,2,7,-0.033637631172
0,9,3,3,-0.202165811126
0,9,3,8,-0.033637631172
0,9,4,0,-0.052367480096
0,9,4,1,-0.037280656167
0,9,4,4,-0.225198848134
0,9,4,5,-0.081178089392
0,9,4,6,-0.060074161310
0,9,4,9, 0.122976985578
0,9,5,0,-0.059929688807
0,9,5,1,-0.078813715375
0,9,5,4,-0.081178089392
0,9,5,5,-0.186494922369
0,9,5,6,-0.117200818805
0,9,5,9, 0.055345469812
0,9,6,0,-0.086799838976
0,9,6,1,-0.110373288485
0,9,6,4,-0.060074161310
0,9,6,5,-0.117200818805
0,9,6,6,-0.134807127534
0,9,6,9, 0.042008614512
0,9,7,2,-0.033637631172
0,9,7,7,-0.170649329767
0,9,8,3,-0.033637631172
0,9,8,8,-0.170649329767
0,9,9,0, 0.085134642681
0,9,9,1, 0.061827212401
0,9,9,4, 0.122976985578
0,9,9,5, 0.055345469812
0,9,9,6, 0.042008614512
0,9,9,9,-0.200871404014
1,0,0,0, 0.504699283325
1,0,0,1, 0.300015949963
1,0,0,5, 0.097513198614
1,0,0,6, 0.172763768274
1,0,0,9,-0.135376724450
1,0,1,0, 0.300015949963
1,0,1,1, 0.324022459289
1,0,1,5, 0.127133174229
1,0,1,6, 0.216095037439
1,0,1,9,-0.093727970450
1,0,2,2, 0.462081934851
1,0,2,7, 0.055046618153
1,0,3,3, 0.462081934851
1,0,3,8, 0.055046618153
1,0,4,4, 0.462081934851
1,0,4,5, 0.117200818805
1,0,4,6, 0.074926092936
1,0,4,9,-0.177448421808
1,0,5,0, 0.097513198614
1,0,5,1, 0.127133174229
1,0,5,4, 0.117200818805
1,0,5,5, 0.283524951710
1,0,5,6, 0.188213870775
1,0,5,9,-0.062562469133
1,0,6,0, 0.172763768274
1,0,6,1, 0.216095037439
1,0,6,4, 0.074926092936
1,0,6,5, 0.188213870775
1,0,6,6, 0.245131067965
1,0,6,9,-0.054330275777
1,0,7,2, 0.055046618153
1,0,7,7, 0.270574146754
1,0,8,3, 0.055046618153
1,0,8,8, 0.270574146754
1,0,9,0,-0.135376724450
1,0,9,1,-0.093727970450
1,0,9,4,-0.177448421808
1,0,9,5,-0.062562469133
1,0,9,6,-0.054330275777
1,0,9,9, 0.301726686142
1,1,0,0, 0.507364877272
1,1,0,1, 0.324022459289
1,1,0,5, 0.109123877455
1,1,0,6, 0.188713589096
1,1,0,9,-0.145051021879
1,1,1,0, 0.324022459289
1,1,1,1, 0.394125899248
1,1,1,5, 0.158191518129
1,1,1,6, 0.269025994776
1,1,1,9,-0.101626555271
1,1,2,2, 0.491073083906
1,1,2,7, 0.063655416601
1,1,3,3, 0.491073083906
1,1,3,8, 0.063655416601
1,1,4,4, 0.491073083906
1,1,4,5, 0.134807127534
1,1,4,6, 0.086001617864
1,1,4,9,-0.196038266671
1,1,5,0, 0.109123877455
1,1,5,1, 0.158191518129
1,1,5,4, 0.134807127534
1,1,5,5, 0.370359744000
1,1,5,6, 0.245131067965
1,1,5,9,-0.054634640232
1,1,6,0, 0.188713589096
1,1,6,1, 0.269025994776
1,1,6,4, 0.086001617864
1,1,6,5, 0.245131067965
1,1,6,6, 0.322501280366
1,1,6,9,-0.047794688668
1,1,7,2, 0.063655416601
1,1,7,7, 0.360256806912
1,1,8,3, 0.063655416601
1,1,8,8, 0.360256806912
1,1,9,0,-0.145051021879
1,1,9,1,-0.101626555271
1,1,9,4,-0.196038266671
1,1,9,5,-0.054634640232
1,1,9,6,-0.047794688668
1,1,9,9, 0.375647913430
1,2,0,2, 0.101353944495
1,2,0,7, 0.011774420186
1,2,1,2, 0.072461555243
1,2,1,7, 0.016691707765
1,2,2,0, 0.101353944495
1,2,2,1, 0.072461555243
1,2,2,5, 0.016028371934
1,2,2,6, 0.040146359916
1,2,2,9,-0.022692246597
1,2,4,7, 0.015050057573
1,2,5,2, 0.016028371934
1,2,5,7, 0.025470438666
1,2,6,2, 0.040146359916
1,2,6,7, 0.022140939911
1,2,7,0, 0.011774420186
1,2,7,1, 0.016691707765
1,2,7,4, 0.015050057573
1,2,7,5, 0.025470438666
1,2,7,6, 0.022140939911
1,2,7,9,-0.014096429740
1,2,9,2,-0.022692246597
1,2,9,7,-0.014096429740
1,3,0,3, 0.101353944495
1,3,0,8, 0.011774420186
1,3,1,3, 0.072461555243
1,3,1,8, 0.016691707765
1,3,3,0, 0.101353944495
1,3,3,1, 0.072461555243
1,3,3,5, 0.016028371934
1,3,3,6, 0.040146359916
1,3,3,9,-0.022692246597
1,3,4,8, 0.015050057573
1,3,5,3, 0.016028371934
1,3,5,8, 0.025470438666
1,3,6,3, 0.040146359916
1,3,6,8, 0.022140939911
1,3,8,0, 0.011774420186
1,3,8,1, 0.016691707765
1,3,8,4, 0.015050057573
1,3,8,5, 0.025470438666
1,3,8,6, 0.022140939911
1,3,8,9,-0.014096429740
1,3,9,3,-0.022692246597
1,3,9,8,-0.014096429740
1,4,0,4, 0.101353944495
1,4,0,5, 0.025199429034
1,4,0,6, 0.016282178932
1,4,0,9,-0.037280656167
1,4,1,4, 0.072461555243
1,4,1,5, 0.035425515266
1,4,1,6, 0.026316696840
1,4,1,9,-0.028957746713
1,4,2,7, 0.015050057573
1,4,3,8, 0.015050057573
1,4,4,0, 0.101353944495
1,4,4,1, 0.072461555243
1,4,4,5, 0.042008614512
1,4,4,6, 0.045462135772
1,4,4,9,-0.062688060558
1,4,5,0, 0.025199429034
1,4,5,1, 0.035425515266
1,4,5,4, 0.042008614512
1,4,5,5, 0.092609036175
1,4,5,6, 0.054330275777
1,4,5,9,-0.031190621336
1,4,6,0, 0.016282178932
1,4,6,1, 0.026316696840
1,4,6,4, 0.045462135772
1,4,6,5, 0.054330275777
1,4,6,6, 0.047794688668
1,4,6,9,-0.022153971378
1,4,7,2, 0.015050057573
1,4,7,7, 0.082023984171
1,4,8,3, 0.015050057573
1,4,8,8, 0.082023984171
1,4,9,0,-0.037280656167
1,4,9,1,-0.028957746713
1,4,9,4,-0.062688060558
1,4,9,5,-0.031190621336
1,4,9,6,-0.022153971378
1,4,9,9, 0.099346976723
1,5,0,0, 0.195746785915
1,5,0,1, 0.127133174229
1,5,0,4, 0.042334659000
1,5,0,5, 0.062832330851
1,5,0,6, 0.084531694430
1,5,0,9,-0.078813715375
1,5,1,0, 0.127133174229
1,5,1,1, 0.158191518129
1,5,1,4, 0.035425515266
1,5,1,5, 0.103561724055
1,5,1,6, 0.133513754769
1,5,1,9,-0.054224878370
1,5,2,2, 0.185373197357
1,5,2,7, 0.035755634429
1,5,3,3, 0.185373197357
1,5,3,8, 0.035755634429
1,5,4,0, 0.042334659000
1,5,4,1, 0.035425515266
1,5,4,4, 0.204684742627
1,5,4,5, 0.086799838976
1,5,4,6, 0.060987918780
1,5,4,9,-0.117811601725
1,5,5,0, 0.062832330851
1,5,5,1, 0.103561724055
1,5,5,4, 0.086799838976
1,5,5,5, 0.288498918461
1,5,5,6, 0.172763768274
1,5,5,9,-0.021620356800
1,5,6,0, 0.084531694430
1,5,6,1, 0.133513754769
1,5,6,4, 0.060987918780
1,5,6,5, 0.172763768274
1,5,6,6, 0.188713589096
1,5,6,9,-0.016282178932
1,5,7,2, 0.035755634429
1,5,7,7, 0.264828259949
1,5,8,3, 0.035755634429
1,5,8,8, 0.264828259949
1,5,9,0,-0.078813715375
1,5,9,1,-0.054224878370
1,5,9,4,-0.117811601725
1,5,9,5,-0.021620356800
1,5,9,6,-0.016282178932
1,5,9,9, 0.267755857797
1,6,0,0, 0.334661715995
1,6,0,1, 0.216095037439
1,6,0,4, 0.031007603194
1,6,0,5, 0.085342403343
1,6,0,6, 0.133513754769
1,6,0,9,-0.110373288485
1,6,1,0, 0.216095037439
1,6,1,1, 0.269025994776
1,6,1,4, 0.026316696840
1,6,1,5, 0.133513754769
1,6,1,6, 0.204387479077
1,6,1,9,-0.076057505014
1,6,2,2, 0.324297213578
1,6,2,7, 0.049987059592
1,6,3,3, 0.324297213578
1,6,3,8, 0.049987059592
1,6,4,0, 0.031007603194
1,6,4,1, 0.026316696840
1,6,4,4, 0.329216395047
1,6,4,5, 0.110373288485
1,6,4,6, 0.076057505014
1,6,4,9,-0.155453019459
1,6,5,0, 0.085342403343
1,6,5,1, 0.133513754769
1,6,5,4, 0.110373288485
1,6,5,5, 0.334661715995
1,6,5,6, 0.216095037439
1,6,5,9,-0.031007603194
1,6,6,0, 0.133513754769
1,6,6,1, 0.204387479077
1,6,6,4, 0.076057505014
1,6,6,5, 0.216095037439
1,6,6,6, 0.269025994776
1,6,6,9,-0.026316696840
1,6,7,2, 0.049987059592
1,6,7,7, 0.324297213578
1,6,8,3, 0.049987059592
1,6,8,8, 0.324297213578
1,6,9,0,-0.110373288485
1,6,9,1,-0.076057505014
1,6,9,4,-0.155453019459
1,6,9,5,-0.031007603194
1,6,9,6,-0.026316696840
1,6,9,9, 0.329216395047
1,7,0,2, 0.019886661060
1,7,0,7, 0.010509354697
1,7,1,2, 0.016691707765
1,7,1,7, 0.023534573494
1,7,2,0, 0.019886661060
1,7,2,1, 0.016691707765
1,7,2,4, 0.010766575298
1,7,2,5, 0.008364693159
1,7,2,6, 0.012301197737
1,7,2,9,-0.011147526092
1,7,4,2, 0.010766575298
1,7,4,7, 0.015110533425
1,7,5,2, 0.008364693159
1,7,5,7, 0.055820143454
1,7,6,2, 0.012301197737
1,7,6,7, 0.040146359916
1,7,7,0, 0.010509354697
1,7,7,1, 0.023534573494
1,7,7,4, 0.015110533425
1,7,7,5, 0.055820143454
1,7,7,6, 0.040146359916
1,7,7,9,-0.007017035595
1,7,9,2,-0.011147526092
1,7,9,7,-0.007017035595
1,8,0,3, 0.019886661060
1,8,0,8, 0.010509354697
1,8,1,3, 0.016691707765
1,8,1,8, 0.023534573494
1,8,3,0, 0.019886661060
1,8,3,1, 0.016691707765
1,8,3,4, 0.010766575298
1,8,3,5, 0.008364693159
1,8,3,6, 0.012301197737
1,8,3,9,-0.011147526092
1,8,4,3, 0.010766575298
1,8,4,8, 0.015110533425
1,8,5,3, 0.008364693159
1,8,5,8, 0.055820143454
1,8,6,3, 0.012301197737
1,8,6,8, 0.040146359916
1,8,8,0, 0.010509354697
1,8,8,1, 0.023534573494
1,8,8,4, 0.015110533425
1,8,8,5, 0.055820143454
1,8,8,6, 0.040146359916
1,8,8,9,-0.007017035595
1,8,9,3,-0.011147526092
1,8,9,8,-0.007017035595
1,9,0,0,-0.152853688558
1,9,0,1,-0.093727970450
1,9,0,4,-0.038933220147
1,9,0,5,-0.043118797202
1,9,0,6,-0.060987918780
1,9,0,9, 0.061827212401
1,9,1,0,-0.093727970450
1,9,1,1,-0.101626555271
1,9,1,4,-0.028957746713
1,9,1,5,-0.054224878370
1,9,1,6,-0.076057505014
1,9,1,9, 0.050183242284
1,9,2,2,-0.139870503984
1,9,2,7,-0.024963179185
1,9,3,3,-0.139870503984
1,9,3,8,-0.024963179185
1,9,4,0,-0.038933220147
1,9,4,1,-0.028957746713
1,9,4,4,-0.157975163268
1,9,4,5,-0.060074161310
1,9,4,6,-0.044624915617
1,9,4,9, 0.091116516481
1,9,5,0,-0.043118797202
1,9,5,1,-0.054224878370
1,9,5,4,-0.060074161310
1,9,5,5,-0.119505077372
1,9,5,6,-0.074926092936
1,9,5,9, 0.062550828317
1,9,6,0,-0.060987918780
1,9,6,1,-0.076057505014
1,9,6,4,-0.044624915617
1,9,6,5,-0.074926092936
1,9,6,6,-0.086001617864
1,9,6,9, 0.045462135772
1,9,7,2,-0.024963179185
1,9,7,7,-0.110639562601
1,9,8,3,-0.024963179185
1,9,8,8,-0.110639562601
1,9,9,0, 0.061827212401
1,9,9,1, 0.050183242284
1,9,9,4, 0.091116516481
1,9,9,5, 0.062550828317
1,9,9,6, 0.045462135772
1,9,9,9,-0.125402966026
2,0,0,2, 0.152608082603
2,0,0,7, 0.015387901828
2,0,1,2, 0.101353944495
2,0,1,7, 0.019886661060
2,0,2,0, 0.152608082603
2,0,2,1, 0.101353944495
2,0,2,5, 0.022282604390
2,0,2,6, 0.055820143454
2,0,2,9,-0.032230830161
2,0,4,7, 0.019222554606
2,0,5,2, 0.022282604390
2,0,5,7, 0.029006312724
2,0,6,2, 0.055820143454
2,0,6,7, 0.025470438666
2,0,7,0, 0.015387901828
2,0,7,1, 0.019886661060
2,0,7,4, 0.019222554606
2,0,7,5, 0.029006312724
2,0,7,6, 0.025470438666
2,0,7,9,-0.017773622142
2,0,9,2,-0.032230830161
2,0,9,7,-0.017773622142
2,1,0,2, 0.101353944495
2,1,0,7, 0.011774420186
2,1,1,2, 0.072461555243
2,1,1,7, 0.016691707765
2,1,2,0, 0.101353944495
2,1,2,1, 0.072461555243
2,1,2,5, 0.016028371934
2,1,2,6, 0.040146359916
2,1,2,9,-0.022692246597
2,1,4,7, 0.015050057573
2,1,5,2, 0.016028371934
2,1,5,7, 0.025470438666
2,1,6,2, 0.040146359916
2,1,6,7, 0.022140939911
2,1,7,0, 0.011774420186
2,1,7,1, 0.016691707765
2,1,7,4, 0.015050057573
2,1,7,5, 0.025470438666
2,1,7,6, 0.022140939911
2,1,7,9,-0.014096429740
2,1,9,2,-0.022692246597
2,1,9,7,-0.014096429740
2,2,0,0, 0.775037038942
2,2,0,1, 0.462081934851
2,2,0,5, 0.145122408885
2,2,0,6, 0.264828259949
2,2,0,9,-0.202165811126
2,2,1,0, 0.462081934851
2,2,1,1, 0.491073083906
2,2,1,5, 0.185373197357
2,2,1,6, 0.324297213578
2,2,1,9,-0.139870503984
2,2,2,2, 0.785718708997
2,2,2,7, 0.086438480419
2,2,3,3, 0.689508254834
2,2,3,8, 0.079520944263
2,2,4,4, 0.689508254834
2,2,4,5, 0.170649329767
2,2,4,6, 0.110639562601
2,2,4,9,-0.260086262857
2,2,5,0, 0.145122408885
2,2,5,1, 0.185373197357
2,2,5,4, 0.170649329767
2,2,5,5, 0.401305868111
2,2,5,6, 0.270574146754
2,2,5,9,-0.091295944081
2,2,6,0, 0.264828259949
2,2,6,1, 0.324297213578
2,2,6,4, 0.110639562601
2,2,6,5, 0.270574146754
2,2,6,6, 0.360256806912
2,2,6,9,-0.082023984171
2,2,7,2, 0.086438480419
2,2,7,7, 0.389682317857
2,2,8,3, 0.079520944263
2,2,8,8, 0.380879082828
2,2,9,0,-0.202165811126
2,2,9,1,-0.139870503984
2,2,9,4,-0.260086262857
2,2,9,5,-0.091295944081
2,2,9,6,-0.082023984171
2,2,9,9, 0.432570999185
2,3,2,3, 0.048105227081
2,3,2,8, 0.003458768078
2,3,3,2, 0.048105227081
2,3,3,7, 0.003458768078
2,3,7,3, 0.003458768078
2,3,7,8, 0.004401617515
2,3,8,2, 0.003458768078
2,3,8,7, 0.004401617515
2,4,0,7, 0.008236184582
2,4,1,7, 0.010766575298
2,4,2,4, 0.048105227081
2,4,2,5, 0.008632434295
2,4,2,6, 0.007017035595
2,4,2,9,-0.014586772605
2,4,4,2, 0.048105227081
2,4,4,7, 0.012481579579
2,4,5,2, 0.008632434295
2,4,5,7, 0.017773622142
2,4,6,2, 0.007017035595
2,4,6,7, 0.014096429740
2,4,7,0, 0.008236184582
2,4,7,1, 0.010766575298
2,4,7,4, 0.012481579579
2,4,7,5, 0.017773622142
2,4,7,6, 0.014096429740
2,4,7,9,-0.012800667978
2,4,9,2,-0.014586772605
2,4,9,7,-0.012800667978
2,5,0,2, 0.022282604390
2,5,0,7, 0.005479346186
2,5,1,2, 0.016028371934
2,5,1,7, 0.008364693159
2,5,2,0, 0.022282604390
2,5,2,1, 0.016028371934
2,5,2,4, 0.008632434295
2,5,2,5, 0.005937213453
2,5,2,6, 0.010509354697
2,5,2,9,-0.008821624224
2,5,4,2, 0.008632434295
2,5,4,7, 0.007913601994
2,5,5,2, 0.005937213453
2,5,5,7, 0.015387901828
2,5,6,2, 0.010509354697
2,5,6,7, 0.011774420186
2,5,7,0, 0.005479346186
2,5,7,1, 0.008364693159
2,5,7,4, 0.007913601994
2,5,7,5, 0.015387901828
2,5,7,6, 0.011774420186
2,5,7,9,-0.008236184582
2,5,9,2,-0.008821624224
2,5,9,7,-0.008236184582
2,6,0,2, 0.055820143454
2,6,0,7, 0.008364693159
2,6,1,2, 0.040146359916
2,6,1,7, 0.012301197737
2,6,2,0, 0.055820143454
2,6,2,1, 0.040146359916
2,6,2,4, 0.007017035595
2,6,2,5, 0.010509354697
2,6,2,6, 0.023534573494
2,6,2,9,-0.015110533425
2,6,4,2, 0.007017035595
2,6,4,7, 0.011147526092
2,6,5,2, 0.010509354697
2,6,5,7, 0.019886661060
2,6,6,2, 0.023534573494
2,6,6,7, 0.016691707765
2,6,7,0, 0.008364693159
2,6,7,1, 0.012301197737
2,6,7,4, 0.011147526092
2,6,7,5, 0.019886661060
2,6,7,6, 0.016691707765
2,6,7,9,-0.010766575298
2,6,9,2,-0.015110533425
2,6,9,7,-0.010766575298
2,7,0,0, 0.087205225048
2,7,0,1, 0.055046618153
2,7,0,4, 0.019222554606
2,7,0,5, 0.024819412957
2,7,0,6, 0.035755634429
2,7,0,9,-0.033637631172
2,7,1,0, 0.055046618153
2,7,1,1, 0.063655416601
2,7,1,4, 0.015050057573
2,7,1,5, 0.035755634429
2,7,1,6, 0.049987059592
2,7,1,9,-0.024963179185
2,7,2,2, 0.086438480419
2,7,2,7, 0.015698953464
2,7,3,3, 0.079520944263
2,7,3,8, 0.013776632632
2,7,4,0, 0.019222554606
2,7,4,1, 0.015050057573
2,7,4,4, 0.088543755764
2,7,4,5, 0.033637631172
2,7,4,6, 0.024963179185
2,7,4,9,-0.048907122735
2,7,5,0, 0.024819412957
2,7,5,1, 0.035755634429
2,7,5,4, 0.033637631172
2,7,5,5, 0.087205225048
2,7,5,6, 0.055046618153
2,7,5,9,-0.019222554606
2,7,6,0, 0.035755634429
2,7,6,1, 0.049987059592
2,7,6,4, 0.024963179185
2,7,6,5, 0.055046618153
2,7,6,6, 0.063655416601
2,7,6,9,-0.015050057573
2,7,7,2, 0.015698953464
2,7,7,7, 0.086438480419
2,7,8,3, 0.013776632632
2,7,8,8, 0.079520944263
2,7,9,0,-0.033637631172
2,7,9,1,-0.024963179185
2,7,9,4,-0.048907122735
2,7,9,5,-0.019222554606
2,7,9,6,-0.015050057573
2,7,9,9, 0.088543755764
2,8,2,3, 0.003458768078
2,8,2,8, 0.000961160416
2,8,3,2, 0.003458768078
2,8,3,7, 0.000961160416
2,8,7,3, 0.000961160416
2,8,7,8, 0.003458768078
2,8,8,2, 0.000961160416
2,8,8,7, 0.003458768078
2,9,0,2,-0.032230830161
2,9,0,7,-0.007913601994
2,9,1,2,-0.022692246597
2,9,1,7,-0.011147526092
2,9,2,0,-0.032230830161
2,9,2,1,-0.022692246597
2,9,2,4,-0.014586772605
2,9,2,5,-0.008821624224
2,9,2,6,-0.015110533425
2,9,2,9, 0.013497911489
2,9,4,2,-0.014586772605
2,9,4,7,-0.011575590657
2,9,5,2,-0.008821624224
2,9,5,7,-0.019222554606
2,9,6,2,-0.015110533425
2,9,6,7,-0.015050057573
2,9,7,0,-0.007913601994
2,9,7,1,-0.011147526092
2,9,7,4,-0.011575590657
2,9,7,5,-0.019222554606
2,9,7,6,-0.015050057573
2,9,7,9, 0.012481579579
2,9,9,2, 0.013497911489
2,9,9,7, 0.012481579579
3,0,0,3, 0.152608082603
3,0,0,8, 0.015387901828
3,0,1,3, 0.101353944495
3,0,1,8, 0.019886661060
3,0,3,0, 0.152608082603
3,0,3,1, 0.101353944495
3,0,3,5, 0.022282604390
3,0,3,6, 0.055820143454
3,0,3,9,-0.032230830161
3,0,4,8, 0.019222554606
3,0,5,3, 0.022282604390
3,0,5,8, 0.029006312724
3,0,6,3, 0.055820143454
3,0,6,8, 0.025470438666
3,0,8,0, 0.015387901828
3,0,8,1, 0.019886661060
3,0,8,4, 0.019222554606
3,0,8,5, 0.029006312724
3,0,8,6, 0.025470438666
3,0,8,9,-0.017773622142
3,0,9,3,-0.032230830161
3,0,9,8,-0.017773622142
3,1,0,3, 0.101353944495
3,1,0,8, 0.011774420186
3,1,1,3, 0.072461555243
3,1,1,8, 0.016691707765
3,1,3,0, 0.101353944495
3,1,3,1, 0.072461555243
3,1,3,5, 0.016028371934
3,1,3,6, 0.040146359916
3,1,3,9,-0.022692246597
3,1,4,8, 0.015050057573
3,1,5,3, 0.016028371934
3,1,5,8, 0.025470438666
3,1,6,3, 0.040146359916
3,1,6,8, 0.022140939911
3,1,8,0, 0.011774420186
3,1,8,1, 0.016691707765
3,1,8,4, 0.015050057573
3,1,8,5, 0.025470438666
3,1,8,6, 0.022140939911
3,1,8,9,-0.014096429740
3,1,9,3,-0.022692246597
3,1,9,8,-0.014096429740
3,2,2,3, 0.048105227081
3,2,2,8, 0.003458768078
3,2,3,2, 0.048105227081
3,2,3,7, 0.003458768078
3,2,7,3, 0.003458768078
3,2,7,8, 0.004401617515
3,2,8,2, 0.003458768078
3,2,8,7, 0.004401617515
3,3,0,0, 0.775037038942
3,3,0,1, 0.462081934851
3,3,0,5, 0.145122408885
3,3,0,6, 0.264828259949
3,3,0,9,-0.202165811126
3,3,1,0, 0.462081934851
3,3,1,1, 0.491073083906
3,3,1,5, 0.185373197357
3,3,1,6, 0.324297213578
3,3,1,9,-0.139870503984
3,3,2,2, 0.689508254834
3,3,2,7, 0.079520944263
3,3,3,3, 0.785718708997
3,3,3,8, 0.086438480419
3,3,4,4, 0.689508254834
3,3,4,5, 0.170649329767
3,3,4,6, 0.110639562601
3,3,4,9,-0.260086262857
3,3,5,0, 0.145122408885
3,3,5,1, 0.185373197357
3,3,5,4, 0.170649329767
3,3,5,5, 0.401305868111
3,3,5,6, 0.270574146754
3,3,5,9,-0.091295944081
3,3,6,0, 0.264828259949
3,3,6,1, 0.324297213578
3,3,6,4, 0.110639562601
3,3,6,5, 0.270574146754
3,3,6,6, 0.360256806912
3,3,6,9,-0.082023984171
3,3,7,2, 0.079520944263
3,3,7,7, 0.380879082828
3,3,8,3, 0.086438480419
3,3,8,8, 0.389682317857
3,3,9,0,-0.202165811126
3,3,9,1,-0.139870503984
3,3,9,4,-0.260086262857
3,3,9,5,-0.091295944081
3,3,9,6,-0.082023984171
3,3,9,9, 0.432570999185
3,4,0,8, 0.008236184582
3,4,1,8, 0.010766575298
3,4,3,4, 0.048105227081
3,4,3,5, 0.008632434295
3,4,3,6, 0.007017035595
3,4,3,9,-0.014586772605
3,4,4,3, 0.048105227081
3,4,4,8, 0.012481579579
3,4,5,3, 0.008632434295
3,4,5,8, 0.017773622142
3,4,6,3, 0.007017035595
3,4,6,8, 0.014096429740
3,4,8,0, 0.008236184582
3,4,8,1, 0.010766575298
3,4,8,4, 0.012481579579
3,4,8,5, 0.017773622142
3,4,8,6, 0.014096429740
3,4,8,9,-0.012800667978
3,4,9,3,-0.014586772605
3,4,9,8,-0.012800667978
3,5,0,3, 0.022282604390
3,5,0,8, 0.005479346186
3,5,1,3, 0.016028371934
3,5,1,8, 0.008364693159
3,5,3,0, 0.022282604390
3,5,3,1, 0.016028371934
3,5,3,4, 0.008632434295
3,5,3,5, 0.005937213453
3,5,3,6, 0.010509354697
3,5,3,9,-0.008821624224
3,5,4,3, 0.008632434295
3,5,4,8, 0.007913601994
3,5,5,3, 0.005937213453
3,5,5,8, 0.015387901828
3,5,6,3, 0.010509354697
3,5,6,8, 0.011774420186
3,5,8,0, 0.005479346186
3,5,8,1, 0.008364693159
3,5,8,4, 0.007913601994
3,5,8,5, 0.015387901828
3,5,8,6, 0.011774420186
3,5,8,9,-0.008236184582
3,5,9,3,-0.008821624224
3,5,9,8,-0.008236184582
3,6,0,3, 0.055820143454
3,6,0,8, 0.008364693159
3,6,1,3, 0.040146359916
3,6,1,8, 0.012301197737
3,6,3,0, 0.055820143454
3,6,3,1, 0.040146359916
3,6,3,4, 0.007017035595
3,6,3,5, 0.010509354697
3,6,3,6, 0.023534573494
3,6,3,9,-0.015110533425
3,6,4,3, 0.007017035595
3,6,4,8, 0.011147526092
3,6,5,3, 0.010509354697
3,6,5,8, 0.019886661060
3,6,6,3, 0.023534573494
3,6,6,8, 0.016691707765
3,6,8,0, 0.008364693159
3,6,8,1, 0.012301197737
3,6,8,4, 0.011147526092
3,6,8,5, 0.019886661060
3,6,8,6, 0.016691707765
3,6,8,9,-0.010766575298
3,6,9,3,-0.015110533425
3,6,9,8,-0.010766575298
3,7,2,3, 0.003458768078
3,7,2,8, 0.000961160416
3,7,3,2, 0.003458768078
3,7,3,7, 0.000961160416
3,7,7,3, 0.000961160416
3,7,7,8, 0.003458768078
3,7,8,2, 0.000961160416
3,7,8,7, 0.003458768078
3,8,0,0, 0.087205225048
3,8,0,1, 0.055046618153
3,8,0,4, 0.019222554606
3,8,0,5, 0.024819412957
3,8,0,6, 0.035755634429
3,8,0,9,-0.033637631172
3,8,1,0, 0.055046618153
3,8,1,1, 0.063655416601
3,8,1,4, 0.015050057573
3,8,1,5, 0.035755634429
3,8,1,6, 0.049987059592
3,8,1,9,-0.024963179185
3,8,2,2, 0.079520944263
3,8,2,7, 0.013776632632
3,8,3,3, 0.086438480419
3,8,3,8, 0.015698953464
3,8,4,0, 0.019222554606
3,8,4,1, 0.015050057573
3,8,4,4, 0.088543755764
3,8,4,5, 0.033637631172
3,8,4,6, 0.024963179185
3,8,4,9,-0.048907122735
3,8,5,0, 0.024819412957
3,8,5,1, 0.035755634429
3,8,5,4, 0.033637631172
3,8,5,5, 0.087205225048
3,8,5,6, 0.055046618153
3,8,5,9,-0.019222554606
3,8,6,0, 0.035755634429
3,8,6,1, 0.049987059592
3,8,6,4, 0.024963179185
3,8,6,5, 0.055046618153
3,8,6,6, 0.063655416601
3,8,6,9,-0.015050057573
3,8,7,2, 0.013776632632
3,8,7,7, 0.079520944263
3,8,8,3, 0.015698953464
3,8,8,8, 0.086438480419
3,8,9,0,-0.033637631172
3,8,9,1,-0.024963179185
3,8,9,4,-0.048907122735
3,8,9,5,-0.019222554606
3,8,9,6,-0.015050057573
3,8,9,9, 0.088543755764
3,9,0,3,-0.032230830161
3,9,0,8,-0.007913601994
3,9,1,3,-0.022692246597
3,9,1,8,-0.011147526092
3,9,3,0,-0.032230830161
3,9,3,1,-0.022692246597
3,9,3,4,-0.014586772605
3,9,3,5,-0.008821624224
3,9,3,6,-0.015110533425
3,9,3,9, 0.013497911489
3,9,4,3,-0.014586772605
3,9,4,8,-0.011575590657
3,9,5,3,-0.008821624224
3,9,5,8,-0.019222554606
3,9,6,3,-0.015110533425
3,9,6,8,-0.015050057573
3,9,8,0,-0.007913601994
3,9,8,1,-0.011147526092
3,9,8,4,-0.011575590657
3,9,8,5,-0.019222554606
3,9,8,6,-0.015050057573
3,9,8,9, 0.012481579579
3,9,9,3, 0.013497911489
3,9,9,8, 0.012481579579
4,0,0,4, 0.152608082603
4,0,0,5, 0.033313918437
4,0,0,6, 0.021620356800
4,0,0,9,-0.052367480096
4,0,1,4, 0.101353944495
4,0,1,5, 0.042334659000
4,0,1,6, 0.031007603194
4,0,1,9,-0.038933220147
4,0,2,7, 0.019222554606
4,0,3,8, 0.019222554606
4,0,4,0, 0.152608082603
4,0,4,1, 0.101353944495
4,0,4,5, 0.055345469812
4,0,4,6, 0.062550828317
4,0,4,9,-0.086248205970
4,0,5,0, 0.033313918437
4,0,5,1, 0.042334659000
4,0,5,4, 0.055345469812
4,0,5,5, 0.105306471773
4,0,5,6, 0.062562469133
4,0,5,9,-0.042687701689
4,0,6,0, 0.021620356800
4,0,6,1, 0.031007603194
4,0,6,4, 0.062550828317
4,0,6,5, 0.062562469133
4,0,6,6, 0.054634640232
4,0,6,9,-0.031190621336
4,0,7,2, 0.019222554606
4,0,7,7, 0.091295944081
4,0,8,3, 0.019222554606
4,0,8,8, 0.091295944081
4,0,9,0,-0.052367480096
4,0,9,1,-0.038933220147
4,0,9,4,-0.086248205970
4,0,9,5,-0.042687701689
4,0,9,6,-0.031190621336
4,0,9,9, 0.122365418037
4,1,0,4, 0.101353944495
4,1,0,5, 0.025199429034
4,1,0,6, 0.016282178932
4,1,0,9,-0.037280656167
4,1,1,4, 0.072461555243
4,1,1,5, 0.035425515266
4,1,1,6, 0.026316696840
4,1,1,9,-0.028957746713
4,1,2,7, 0.015050057573
4,1,3,8, 0.015050057573
4,1,4,0, 0.101353944495
4,1,4,1, 0.072461555243
4,1,4,5, 0.042008614512
4,1,4,6, 0.045462135772
4,1,4,9,-0.062688060558
4,1,5,0, 0.025199429034
4,1,5,1, 0.035425515266
4,1,5,4, 0.042008614512
4,1,5,5, 0.092609036175
4,1,5,6, 0.054330275777
4,1,5,9,-0.031190621336
4,1,6,0, 0.016282178932
4,1,6,1, 0.026316696840
4,1,6,4, 0.045462135772
4,1,6,5, 0.054330275777
4,1,6,6, 0.047794688668
4,1,6,9,-0.022153971378
4,1,7,2, 0.015050057573
4,1,7,7, 0.082023984171
4,1,8,3, 0.015050057573
4,1,8,8, 0.082023984171
4,1,9,0,-0.037280656167
4,1,9,1,-0.028957746713
4,1,9,4,-0.062688060558
4,1,9,5,-0.031190621336
4,1,9,6,-0.022153971378
4,1,9,9, 0.099346976723
4,2,0,7, 0.008236184582
4,2,1,7, 0.010766575298
4,2,2,4, 0.048105227081
4,2,2,5, 0.008632434295
4,2,2,6, 0.007017035595
4,2,2,9,-0.014586772605
4,2,4,2, 0.048105227081
4,2,4,7, 0.012481579579
4,2,5,2, 0.008632434295
4,2,5,7, 0.017773622142
4,2,6,2, 0.007017035595
4,2,6,7, 0.014096429740
4,2,7,0, 0.008236184582
4,2,7,1, 0.010766575298
4,2,7,4, 0.012481579579
4,2,7,5, 0.017773622142
4,2,7,6, 0.014096429740
4,2,7,9,-0.012800667978
4,2,9,2,-0.014586772605
4,2,9,7,-0.012800667978
4,3,0,8, 0.008236184582
4,3,1,8, 0.010766575298
4,3,3,4, 0.048105227081
4,3,3,5, 0.008632434295
4,3,3,6, 0.007017035595
4,3,3,9,-0.014586772605
4,3,4,3, 0.048105227081
4,3,4,8, 0.012481579579
4,3,5,3, 0.008632434295
4,3,5,8, 0.017773622142
4,3,6,3, 0.007017035595
4,3,6,8, 0.014096429740
4,3,8,0, 0.008236184582
4,3,8,1, 0.010766575298
4,3,8,4, 0.012481579579
4,3,8,5, 0.017773622142
4,3,8,6, 0.014096429740
4,3,8,9,-0.012800667978
4,3,9,3,-0.014586772605
4,3,9,8,-0.012800667978
4,4,0,0, 0.775037038942
4,4,0,1, 0.462081934851
4,4,0,5, 0.159321330682
4,4,0,6, 0.267755857797
4,4,0,9,-0.225198848134
4,4,1,0, 0.462081934851
4,4,1,1, 0.491073083906
4,4,1,5, 0.204684742627
4,4,1,6, 0.329216395047
4,4,1,9,-0.157975163268
4,4,2,2, 0.689508254834
4,4,2,7, 0.088543755764
4,4,3,3, 0.689508254834
4,4,3,8, 0.088543755764
4,4,4,4, 0.785718708997
4,4,4,5, 0.200871404014
4,4,4,6, 0.125402966026
4,4,4,9,-0.308580062020
4,4,5,0, 0.159321330682
4,4,5,1, 0.204684742627
4,4,5,4, 0.200871404014
4,4,5,5, 0.464844943952
4,4,5,6, 0.301726686142
4,4,5,9,-0.122365418037
4,4,6,0, 0.267755857797
4,4,6,1, 0.329216395047
4,4,6,4, 0.125402966026
4,4,6,5, 0.301726686142
4,4,6,6, 0.375647913430
4,4,6,9,-0.099346976723
4,4,7,2, 0.088543755764
4,4,7,7, 0.432570999185
4,4,8,3, 0.088543755764
4,4,8,8, 0.432570999185
4,4,9,0,-0.225198848134
4,4,9,1,-0.157975163268
4,4,9,4,-0.308580062020
4,4,9,5,-0.122365418037
4,4,9,6,-0.099346976723
4,4,9,9, 0.507062753828
4,5,0,0, 0.186494922369
4,5,0,1, 0.117200818805
4,5,0,4, 0.055345469812
4,5,0,5, 0.059929688807
4,5,0,6, 0.078813715375
4,5,0,9,-0.081178089392
4,5,1,0, 0.117200818805
4,5,1,1, 0.134807127534
4,5,1,4, 0.042008614512
4,5,1,5, 0.086799838976
4,5,1,6, 0.110373288485
4,5,1,9,-0.060074161310
4,5,2,2, 0.170649329767
4,5,2,7, 0.033637631172
4,5,3,3, 0.170649329767
4,5,3,8, 0.033637631172
4,5,4,0, 0.055345469812
4,5,4,1, 0.042008614512
4,5,4,4, 0.200871404014
4,5,4,5, 0.085134642681
4,5,4,6, 0.061827212401
4,5,4,9,-0.122976985578
4,5,5,0, 0.059929688807
4,5,5,1, 0.086799838976
4,5,5,4, 0.085134642681
4,5,5,5, 0.227012824432
4,5,5,6, 0.135376724450
4,5,5,9,-0.052367480096
4,5,6,0, 0.078813715375
4,5,6,1, 0.110373288485
4,5,6,4, 0.061827212401
4,5,6,5, 0.135376724450
4,5,6,6, 0.145051021879
4,5,6,9,-0.037280656167
4,5,7,2, 0.033637631172
4,5,7,7, 0.202165811126
4,5,8,3, 0.033637631172
4,5,8,8, 0.202165811126
4,5,9,0,-0.081178089392
4,5,9,1,-0.060074161310
4,5,9,4,-0.122976985578
4,5,9,5,-0.052367480096
4,5,9,6,-0.037280656167
4,5,9,9, 0.225198848134
4,6,0,0, 0.119505077372
4,6,0,1, 0.074926092936
4,6,0,4, 0.062550828317
4,6,0,5, 0.043118797202
4,6,0,6, 0.054224878370
4,6,0,9,-0.060074161310
4,6,1,0, 0.074926092936
4,6,1,1, 0.086001617864
4,6,1,4, 0.045462135772
4,6,1,5, 0.060987918780
4,6,1,6, 0.076057505014
4,6,1,9,-0.044624915617
4,6,2,2, 0.110639562601
4,6,2,7, 0.024963179185
4,6,3,3, 0.110639562601
4,6,3,8, 0.024963179185
4,6,4,0, 0.062550828317
4,6,4,1, 0.045462135772
4,6,4,4, 0.125402966026
4,6,4,5, 0.061827212401
4,6,4,6, 0.050183242284
4,6,4,9,-0.091116516481
4,6,5,0, 0.043118797202
4,6,5,1, 0.060987918780
4,6,5,4, 0.061827212401
4,6,5,5, 0.152853688558
4,6,5,6, 0.093727970450
4,6,5,9,-0.038933220147
4,6,6,0, 0.054224878370
4,6,6,1, 0.076057505014
4,6,6,4, 0.050183242284
4,6,6,5, 0.093727970450
4,6,6,6, 0.101626555271
4,6,6,9,-0.028957746713
4,6,7,2, 0.024963179185
4,6,7,7, 0.139870503984
4,6,8,3, 0.024963179185
4,6,8,8, 0.139870503984
4,6,9,0,-0.060074161310
4,6,9,1,-0.044624915617
4,6,9,4,-0.091116516481
4,6,9,5,-0.038933220147
4,6,9,6,-0.028957746713
4,6,9,9, 0.157975163268
4,7,0,2, 0.019222554606
4,7,0,7, 0.008821624224
4,7,1,2, 0.015050057573
4,7,1,7, 0.015110533425
4,7,2,0, 0.019222554606
4,7,2,1, 0.015050057573
4,7,2,4, 0.012481579579
4,7,2,5, 0.007913601994
4,7,2,6, 0.011147526092
4,7,2,9,-0.011575590657
4,7,4,2, 0.012481579579
4,7,4,7, 0.013497911489
4,7,5,2, 0.007913601994
4,7,5,7, 0.032230830161
4,7,6,2, 0.011147526092
4,7,6,7, 0.022692246597
4,7,7,0, 0.008821624224
4,7,7,1, 0.015110533425
4,7,7,4, 0.013497911489
4,7,7,5, 0.032230830161
4,7,7,6, 0.022692246597
4,7,7,9,-0.014586772605
4,7,9,2,-0.011575590657
4,7,9,7,-0.014586772605
4,8,0,3, 0.019222554606
4,8,0,8, 0.008821624224
4,8,1,3, 0.015050057573
4,8,1,8, 0.015110533425
4,8,3,0, 0.019222554606
4,8,3,1, 0.015050057573
4,8,3,4, 0.012481579579
4,8,3,5, 0.007913601994
4,8,3,6, 0.011147526092
4,8,3,9,-0.011575590657
4,8,4,3, 0.012481579579
4,8,4,8, 0.013497911489
4,8,5,3, 0.007913601994
4,8,5,8, 0.032230830161
4,8,6,3, 0.011147526092
4,8,6,8, 0.022692246597
4,8,8,0, 0.008821624224
4,8,8,1, 0.015110533425
4,8,8,4, 0.013497911489
4,8,8,5, 0.032230830161
4,8,8,6, 0.022692246597
4,8,8,9,-0.014586772605
4,8,9,3,-0.011575590657
4,8,9,8,-0.014586772605
4,9,0,0,-0.288760377934
4,9,0,1,-0.177448421808
4,9,0,4,-0.086248205970
4,9,0,5,-0.087115159710
4,9,0,6,-0.117811601725
4,9,0,9, 0.122976985578
4,9,1,0,-0.177448421808
4,9,1,1,-0.196038266671
4,9,1,4,-0.062688060558
4,9,1,5,-0.117811601725
4,9,1,6,-0.155453019459
4,9,1,9, 0.091116516481
4,9,2,2,-0.260086262857
4,9,2,7,-0.048907122735
4,9,3,3,-0.260086262857
4,9,3,8,-0.048907122735
4,9,4,0,-0.086248205970
4,9,4,1,-0.062688060558
4,9,4,4,-0.308580062020
4,9,4,5,-0.122976985578
4,9,4,6,-0.091116516481
4,9,4,9, 0.184669645488
4,9,5,0,-0.087115159710
4,9,5,1,-0.117811601725
4,9,5,4,-0.122976985578
4,9,5,5,-0.288760377934
4,9,5,6,-0.177448421808
4,9,5,9, 0.086248205970
4,9,6,0,-0.117811601725
4,9,6,1,-0.155453019459
4,9,6,4,-0.091116516481
4,9,6,5,-0.177448421808
4,9,6,6,-0.196038266671
4,9,6,9, 0.062688060558
4,9,7,2,-0.048907122735
4,9,7,7,-0.260086262857
4,9,8,3,-0.048907122735
4,9,8,8,-0.260086262857
4,9,9,0, 0.122976985578
4,9,9,1, 0.091116516481
4,9,9,4, 0.184669645488
4,9,9,5, 0.086248205970
4,9,9,6, 0.062688060558
4,9,9,9,-0.308580062020
5,0,0,0, 0.159796411862
5,0,0,1, 0.097513198614
5,0,0,4, 0.033313918437
5,0,0,5, 0.044122363873
5,0,0,6, 0.062832330851
5,0,0,9,-0.059929688807
5,0,1,0, 0.097513198614
5,0,1,1, 0.109123877455
5,0,1,4, 0.025199429034
5,0,1,5, 0.062832330851
5,0,1,6, 0.085342403343
5,0,1,9,-0.043118797202
5,0,2,2, 0.145122408885
5,0,2,7, 0.024819412957
5,0,3,3, 0.145122408885
5,0,3,8, 0.024819412957
5,0,4,0, 0.033313918437
5,0,4,1, 0.025199429034
5,0,4,4, 0.159321330682
5,0,4,5, 0.059929688807
5,0,4,6, 0.043118797202
5,0,4,9,-0.087115159710
5,0,5,0, 0.044122363873
5,0,5,1, 0.062832330851
5,0,5,4, 0.059929688807
5,0,5,5, 0.159796411862
5,0,5,6, 0.097513198614
5,0,5,9,-0.033313918437
5,0,6,0, 0.062832330851
5,0,6,1, 0.085342403343
5,0,6,4, 0.043118797202
5,0,6,5, 0.097513198614
5,0,6,6, 0.109123877455
5,0,6,9,-0.025199429034
5,0,7,2, 0.024819412957
5,0,7,7, 0.145122408885
5,0,8,3, 0.024819412957
5,0,8,8, 0.145122408885
5,0,9,0,-0.059929688807
5,0,9,1,-0.043118797202
5,0,9,4,-0.087115159710
5,0,9,5,-0.033313918437
5,0,9,6,-0.025199429034
5,0,9,9, 0.159321330682
5,1,0,0, 0.195746785915
5,1,0,1, 0.127133174229
5,1,0,4, 0.042334659000
5,1,0,5, 0.062832330851
5,1,0,6, 0.084531694430
5,1,0,9,-0.078813715375
5,1,1,0, 0.127133174229
5,1,1,1, 0.158191518129
5,1,1,4, 0.035425515266
5,1,1,5, 0.103561724055
5,1,1,6, 0.133513754769
5,1,1,9,-0.054224878370
5,1,2,2, 0.185373197357
5,1,2,7, 0.035755634429
5,1,3,3, 0.185373197357
5,1,3,8, 0.035755634429
5,1,4,0, 0.042334659000
5,1,4,1, 0.035425515266
5,1,4,4, 0.204684742627
5,1,4,5, 0.086799838976
5,1,4,6, 0.060987918780
5,1,4,9,-0.117811601725
5,1,5,0, 0.062832330851
5,1,5,1, 0.103561724055
5,1,5,4, 0.086799838976
5,1,5,5, 0.288498918461
5,1,5,6, 0.172763768274
5,1,5,9,-0.021620356800
5,1,6,0, 0.084531694430
5,1,6,1, 0.133513754769
5,1,6,4, 0.060987918780
5,1,6,5, 0.172763768274
5,1,6,6, 0.188713589096
5,1,6,9,-0.016282178932
5,1,7,2, 0.035755634429
5,1,7,7, 0.264828259949
5,1,8,3, 0.035755634429
5,1,8,8, 0.264828259949
5,1,9,0,-0.078813715375
5,1,9,1,-0.054224878370
5,1,9,4,-0.117811601725
5,1,9,5,-0.021620356800
5,1,9,6,-0.016282178932
5,1,9,9, 0.267755857797
5,2,0,2, 0.022282604390
5,2,0,7, 0.005479346186
5,2,1,2, 0.016028371934
5,2,1,7, 0.008364693159
5,2,2,0, 0.022282604390
5,2,2,1, 0.016028371934
5,2,2,4, 0.008632434295
5,2,2,5, 0.005937213453
5,2,2,6, 0.010509354697
5,2,2,9,-0.008821624224
5,2,4,2, 0.008632434295
5,2,4,7, 0.007913601994
5,2,5,2, 0.005937213453
5,2,5,7, 0.015387901828
5,2,6,2, 0.010509354697
5,2,6,7, 0.011774420186
5,2,7,0, 0.005479346186
5,2,7,1, 0.008364693159
5,2,7,4, 0.007913601994
5,2,7,5, 0.015387901828
5,2,7,6, 0.011774420186
5,2,7,9,-0.008236184582
5,2,9,2,-0.008821624224
5,2,9,7,-0.008236184582
5,3,0,3, 0.022282604390
5,3,0,8, 0.005479346186
5,3,1,3, 0.016028371934
5,3,1,8, 0.008364693159
5,3,3,0, 0.022282604390
5,3,3,1, 0.016028371934
5,3,3,4, 0.008632434295
5,3,3,5, 0.005937213453
5,3,3,6, 0.010509354697
5,3,3,9,-0.008821624224
5,3,4,3, 0.008632434295
5,3,4,8, 0.007913601994
5,3,5,3, 0.005937213453
5,3,5,8, 0.015387901828
5,3,6,3, 0.010509354697
5,3,6,8, 0.011774420186
5,3,8,0, 0.005479346186
5,3,8,1, 0.008364693159
5,3,8,4, 0.007913601994
5,3,8,5, 0.015387901828
5,3,8,6, 0.011774420186
5,3,8,9,-0.008236184582
5,3,9,3,-0.008821624224
5,3,9,8,-0.008236184582
5,4,0,0, 0.186494922369
5,4,0,1, 0.117200818805
5,4,0,4, 0.055345469812
5,4,0,5, 0.059929688807
5,4,0,6, 0.078813715375
5,4,0,9,-0.081178089392
5,4,1,0, 0.117200818805
5,4,1,1, 0.134807127534
5,4,1,4, 0.042008614512
5,4,1,5, 0.086799838976
5,4,1,6, 0.110373288485
5,4,1,9,-0.060074161310
5,4,2,2, 0.170649329767
5,4,2,7, 0.033637631172
5,4,3,3, 0.170649329767
5,4,3,8, 0.033637631172
5,4,4,0, 0.055345469812
5,4,4,1, 0.042008614512
5,4,4,4, 0.200871404014
5,4,4,5, 0.085134642681
5,4,4,6, 0.061827212401
5,4,4,9,-0.122976985578
5,4,5,0, 0.059929688807
5,4,5,1, 0.086799838976
5,4,5,4, 0.085134642681
5,4,5,5, 0.227012824432
5,4,5,6, 0.135376724450
5,4,5,9,-0.052367480096
5,4,6,0, 0.078813715375
5,4,6,1, 0.110373288485
5,4,6,4, 0.061827212401
5,4,6,5, 0.135376724450
5,4,6,6, 0.145051021879
5,4,6,9,-0.037280656167
5,4,7,2, 0.033637631172
5,4,7,7, 0.202165811126
5,4,8,3, 0.033637631172
5,4,8,8, 0.202165811126
5,4,9,0,-0.081178089392
5,4,9,1,-0.060074161310
5,4,9,4,-0.122976985578
5,4,9,5,-0.052367480096
5,4,9,6,-0.037280656167
5,4,9,9, 0.225198848134
5,5,0,0, 0.424183589407
5,5,0,1, 0.283524951710
5,5,0,4, 0.105306471773
5,5,0,5, 0.159796411862
5,5,0,6, 0.195746785915
5,5,0,9,-0.186494922369
5,5,1,0, 0.283524951710
5,5,1,1, 0.370359744000
5,5,1,4, 0.092609036175
5,5,1,5, 0.288498918461
5,5,1,6, 0.334661715995
5,5,1,9,-0.119505077372
5,5,2,2, 0.401305868111
5,5,2,7, 0.087205225048
5,5,3,3, 0.401305868111
5,5,3,8, 0.087205225048
5,5,4,0, 0.105306471773
5,5,4,1, 0.092609036175
5,5,4,4, 0.464844943952
5,5,4,5, 0.227012824432
5,5,4,6, 0.152853688558
5,5,4,9,-0.288760377934
5,5,5,0, 0.159796411862
5,5,5,1, 0.288498918461
5,5,5,4, 0.227012824432
5,5,5,5, 0.897251802255
5,5,5,6, 0.504699283325
5,5,6,0, 0.195746785915
5,5,6,1, 0.334661715995
5,5,6,4, 0.152853688558
5,5,6,5, 0.504699283325
5,5,6,6, 0.507364877272
5,5,7,2, 0.087205225048
5,5,7,7, 0.775037038942
5,5,8,3, 0.087205225048
5,5,8,8, 0.775037038942
5,5,9,0,-0.186494922369
5,5,9,1,-0.119505077372
5,5,9,4,-0.288760377934
5,5,9,9, 0.775037038942
5,6,0,0, 0.283524951710
5,6,0,1, 0.188213870775
5,6,0,4, 0.062562469133
5,6,0,5, 0.097513198614
5,6,0,6, 0.127133174229
5,6,0,9,-0.117200818805
5,6,1,0, 0.188213870775
5,6,1,1, 0.245131067965
5,6,1,4, 0.054330275777
5,6,1,5, 0.172763768274
5,6,1,6, 0.216095037439
5,6,1,9,-0.074926092936
5,6,2,2, 0.270574146754
5,6,2,7, 0.055046618153
5,6,3,3, 0.270574146754
5,6,3,8, 0.055046618153
5,6,4,0, 0.062562469133
5,6,4,1, 0.054330275777
5,6,4,4, 0.301726686142
5,6,4,5, 0.135376724450
5,6,4,6, 0.093727970450
5,6,4,9,-0.177448421808
5,6,5,0, 0.097513198614
5,6,5,1, 0.172763768274
5,6,5,4, 0.135376724450
5,6,5,5, 0.504699283325
5,6,5,6, 0.300015949963
5,6,6,0, 0.127133174229
5,6,6,1, 0.216095037439
5,6,6,4, 0.093727970450
5,6,6,5, 0.300015949963
5,6,6,6, 0.324022459289
5,6,7,2, 0.055046618153
5,6,7,7, 0.462081934851
5,6,8,3, 0.055046618153
5,6,8,8, 0.462081934851
5,6,9,0,-0.117200818805
5,6,9,1,-0.074926092936
5,6,9,4,-0.177448421808
5,6,9,9, 0.462081934851
5,7,0,2, 0.029006312724
5,7,0,7, 0.022282604390
5,7,1,2, 0.025470438666
5,7,1,7, 0.055820143454
5,7,2,0, 0.029006312724
5,7,2,1, 0.025470438666
5,7,2,4, 0.017773622142
5,7,2,5, 0.015387901828
5,7,2,6, 0.019886661060
5,7,2,9,-0.019222554606
5,7,4,2, 0.017773622142
5,7,4,7, 0.032230830161
5,7,5,2, 0.015387901828
5,7,5,7, 0.152608082603
5,7,6,2, 0.019886661060
5,7,6,7, 0.101353944495
5,7,7,0, 0.022282604390
5,7,7,1, 0.055820143454
5,7,7,4, 0.032230830161
5,7,7,5, 0.152608082603
5,7,7,6, 0.101353944495
5,7,9,2,-0.019222554606
5,8,0,3, 0.029006312724
5,8,0,8, 0.022282604390
5,8,1,3, 0.025470438666
5,8,1,8, 0.055820143454
5,8,3,0, 0.029006312724
5,8,3,1, 0.025470438666
5,8,3,4, 0.017773622142
5,8,3,5, 0.015387901828
5,8,3,6, 0.019886661060
5,8,3,9,-0.019222554606
5,8,4,3, 0.017773622142
5,8,4,8, 0.032230830161
5,8,5,3, 0.015387901828
5,8,5,8, 0.152608082603
5,8,6,3, 0.019886661060
5,8,6,8, 0.101353944495
5,8,8,0, 0.022282604390
5,8,8,1, 0.055820143454
5,8,8,4, 0.032230830161
5,8,8,5, 0.152608082603
5,8,8,6, 0.101353944495
5,8,9,3,-0.019222554606
5,9,0,0,-0.105306471773
5,9,0,1,-0.062562469133
5,9,0,4,-0.042687701689
5,9,0,5,-0.033313918437
5,9,0,6,-0.042334659000
5,9,0,9, 0.055345469812
5,9,1,0,-0.062562469133
5,9,1,1,-0.054634640232
5,9,1,4,-0.031190621336
5,9,1,5,-0.021620356800
5,9,1,6,-0.031007603194
5,9,1,9, 0.062550828317
5,9,2,2,-0.091295944081
5,9,2,7,-0.019222554606
5,9,3,3,-0.091295944081
5,9,3,8,-0.019222554606
5,9,4,0,-0.042687701689
5,9,4,1,-0.031190621336
5,9,4,4,-0.122365418037
5,9,4,5,-0.052367480096
5,9,4,6,-0.038933220147
5,9,4,9, 0.086248205970
5,9,5,0,-0.033313918437
5,9,5,1,-0.021620356800
5,9,5,4,-0.052367480096
5,9,5,9, 0.152608082603
5,9,6,0,-0.042334659000
5,9,6,1,-0.031007603194
5,9,6,4,-0.038933220147
5,9,6,9, 0.101353944495
5,9,7,2,-0.019222554606
5,9,8,3,-0.019222554606
5,9,9,0, 0.055345469812
5,9,9,1, 0.062550828317
5,9,9,4, 0.086248205970
5,9,9,5, 0.152608082603
5,9,9,6, 0.101353944495
6,0,0,0, 0.288498918461
6,0,0,1, 0.172763768274
6,0,0,4, 0.021620356800
6,0,0,5, 0.062832330851
6,0,0,6, 0.103561724055
6,0,0,9,-0.086799838976
6,0,1,0, 0.172763768274
6,0,1,1, 0.188713589096
6,0,1,4, 0.016282178932
6,0,1,5, 0.084531694430
6,0,1,6, 0.133513754769
6,0,1,9,-0.060987918780
6,0,2,2, 0.264828259949
6,0,2,7, 0.035755634429
6,0,3,3, 0.264828259949
6,0,3,8, 0.035755634429
6,0,4,0, 0.021620356800
6,0,4,1, 0.016282178932
6,0,4,4, 0.267755857797
6,0,4,5, 0.078813715375
6,0,4,6, 0.054224878370
6,0,4,9,-0.117811601725
6,0,5,0, 0.062832330851
6,0,5,1, 0.084531694430
6,0,5,4, 0.078813715375
6,0,5,5, 0.195746785915
6,0,5,6, 0.127133174229
6,0,5,9,-0.042334659000
6,0,6,0, 0.103561724055
6,0,6,1, 0.133513754769
6,0,6,4, 0.054224878370
6,0,6,5, 0.127133174229
6,0,6,6, 0.158191518129
6,0,6,9,-0.035425515266
6,0,7,2, 0.035755634429
6,0,7,7, 0.185373197357
6,0,8,3, 0.035755634429
6,0,8,8, 0.185373197357
6,0,9,0,-0.086799838976
6,0,9,1,-0.060987918780
6,0,9,4,-0.117811601725
6,0,9,5,-0.042334659000
6,0,9,6,-0.035425515266
6,0,9,9, 0.204684742627
6,1,0,0, 0.334661715995
6,1,0,1, 0.216095037439
6,1,0,4, 0.031007603194
6,1,0,5, 0.085342403343
6,1,0,6, 0.133513754769
6,1,0,9,-0.110373288485
6,1,1,0, 0.216095037439
6,1,1,1, 0.269025994776
6,1,1,4, 0.026316696840
6,1,1,5, 0.133513754769
6,1,1,6, 0.204387479077
6,1,1,9,-0.076057505014
6,1,2,2, 0.324297213578
6,1,2,7, 0.049987059592
6,1,3,3, 0.324297213578
6,1,3,8, 0.049987059592
6,1,4,0, 0.031007603194
6,1,4,1, 0.026316696840
6,1,4,4, 0.329216395047
6,1,4,5, 0.110373288485
6,1,4,6, 0.076057505014
6,1,4,9,-0.155453019459
6,1,5,0, 0.085342403343
6,1,5,1, 0.133513754769
6,1,5,4, 0.110373288485
6,1,5,5, 0.334661715995
6,1,5,6, 0.216095037439
6,1,5,9,-0.031007603194
6,1,6,0, 0.133513754769
6,1,6,1, 0.204387479077
6,1,6,4, 0.076057505014
6,1,6,5, 0.216095037439
6,1,6,6, 0.269025994776
6,1,6,9,-0.026316696840
6,1,7,2, 0.049987059592
6,1,7,7, 0.324297213578
6,1,8,3, 0.049987059592
6,1,8,8, 0.324297213578
6,1,9,0,-0.110373288485
6,1,9,1,-0.076057505014
6,1,9,4,-0.155453019459
6,1,9,5,-0.031007603194
6,1,9,6,-0.026316696840
6,1,9,9, 0.329216395047
6,2,0,2, 0.055820143454
6,2,0,7, 0.008364693159
6,2,1,2, 0.040146359916
6,2,1,7, 0.012301197737
6,2,2,0, 0.055820143454
6,2,2,1, 0.040146359916
6,2,2,4, 0.007017035595
6,2,2,5, 0.010509354697
6,2,2,6, 0.023534573494
6,2,2,9,-0.015110533425
6,2,4,2, 0.007017035595
6,2,4,7, 0.011147526092
6,2,5,2, 0.010509354697
6,2,5,7, 0.019886661060
6,2,6,2, 0.023534573494
6,2,6,7, 0.016691707765
6,2,7,0, 0.008364693159
6,2,7,1, 0.012301197737
6,2,7,4, 0.011147526092
6,2,7,5, 0.019886661060
6,2,7,6, 0.016691707765
6,2,7,9,-0.010766575298
6,2,9,2,-0.015110533425
6,2,9,7,-0.010766575298
6,3,0,3, 0.055820143454
6,3,0,8, 0.008364693159
6,3,1,3, 0.040146359916
6,3,1,8, 0.012301197737
6,3,3,0, 0.055820143454
6,3,3,1, 0.040146359916
6,3,3,4, 0.007017035595
6,3,3,5, 0.010509354697
6,3,3,6, 0.023534573494
6,3,3,9,-0.015110533425
6,3,4,3, 0.007017035595
6,3,4,8, 0.011147526092
6,3,5,3, 0.010509354697
6,3,5,8, 0.019886661060
6,3,6,3, 0.023534573494
6,3,6,8, 0.016691707765
6,3,8,0, 0.008364693159
6,3,8,1, 0.012301197737
6,3,8,4, 0.011147526092
6,3,8,5, 0.019886661060
6,3,8,6, 0.016691707765
6,3,8,9,-0.010766575298
6,3,9,3,-0.015110533425
6,3,9,8,-0.010766575298
6,4,0,0, 0.119505077372
6,4,0,1, 0.074926092936
6,4,0,4, 0.062550828317
6,4,0,5, 0.043118797202
6,4,0,6, 0.054224878370
6,4,0,9,-0.060074161310
6,4,1,0, 0.074926092936
6,4,1,1, 0.086001617864
6,4,1,4, 0.045462135772
6,4,1,5, 0.060987918780
6,4,1,6, 0.076057505014
6,4,1,9,-0.044624915617
6,4,2,2, 0.110639562601
6,4,2,7, 0.024963179185
6,4,3,3, 0.110639562601
6,4,3,8, 0.024963179185
6,4,4,0, 0.062550828317
6,4,4,1, 0.045462135772
6,4,4,4, 0.125402966026
6,4,4,5, 0.061827212401
6,4,4,6, 0.050183242284
6,4,4,9,-0.091116516481
6,4,5,0, 0.043118797202
6,4,5,1, 0.060987918780
6,4,5,4, 0.061827212401
6,4,5,5, 0.152853688558
6,4,5,6, 0.093727970450
6,4,5,9,-0.038933220147
6,4,6,0, 0.054224878370
6,4,6,1, 0.076057505014
6,4,6,4, 0.050183242284
6,4,6,5, 0.093727970450
6,4,6,6, 0.101626555271
6,4,6,9,-0.028957746713
6,4,7,2, 0.024963179185
6,4,7,7, 0.139870503984
6,4,8,3, 0.024963179185
6,4,8,8, 0.139870503984
6,4,9,0,-0.060074161310
6,4,9,1,-0.044624915617
6,4,9,4,-0.091116516481
6,4,9,5,-0.038933220147
6,4,9,6,-0.028957746713
6,4,9,9, 0.157975163268
6,5,0,0, 0.283524951710
6,5,0,1, 0.188213870775
6,5,0,4, 0.062562469133
6,5,0,5, 0.097513198614
6,5,0,6, 0.127133174229
6,5,0,9,-0.117200818805
6,5,1,0, 0.188213870775
6,5,1,1, 0.245131067965
6,5,1,4, 0.054330275777
6,5,1,5, 0.172763768274
6,5,1,6, 0.216095037439
6,5,1,9,-0.074926092936
6,5,2,2, 0.270574146754
6,5,2,7, 0.055046618153
6,5,3,3, 0.270574146754
6,5,3,8, 0.055046618153
6,5,4,0, 0.062562469133
6,5,4,1, 0.054330275777
6,5,4,4, 0.301726686142
6,5,4,5, 0.135376724450
6,5,4,6, 0.093727970450
6,5,4,9,-0.177448421808
6,5,5,0, 0.097513198614
6,5,5,1, 0.172763768274
6,5,5,4, 0.135376724450
6,5,5,5, 0.504699283325
6,5,5,6, 0.300015949963
6,5,6,0, 0.127133174229
6,5,6,1, 0.216095037439
6,5,6,4, 0.093727970450
6,5,6,5, 0.300015949963
6,5,6,6, 0.324022459289
6,5,7,2, 0.055046618153
6,5,7,7, 0.462081934851
6,5,8,3, 0.055046618153
6,5,8,8, 0.462081934851
6,5,9,0,-0.117200818805
6,5,9,1,-0.074926092936
6,5,9,4,-0.177448421808
6,5,9,9, 0.462081934851
6,6,0,0, 0.370359744000
6,6,0,1, 0.245131067965
6,6,0,4, 0.054634640232
6,6,0,5, 0.109123877455
6,6,0,6, 0.158191518129
6,6,0,9,-0.134807127534
6,6,1,0, 0.245131067965
6,6,1,1, 0.322501280366
6,6,1,4, 0.047794688668
6,6,1,5, 0.188713589096
6,6,1,6, 0.269025994776
6,6,1,9,-0.086001617864
6,6,2,2, 0.360256806912
6,6,2,7, 0.063655416601
6,6,3,3, 0.360256806912
6,6,3,8, 0.063655416601
6,6,4,0, 0.054634640232
6,6,4,1, 0.047794688668
6,6,4,4, 0.375647913430
6,6,4,5, 0.145051021879
6,6,4,6, 0.101626555271
6,6,4,9,-0.196038266671
6,6,5,0, 0.109123877455
6,6,5,1, 0.188713589096
6,6,5,4, 0.145051021879
6,6,5,5, 0.507364877272
6,6,5,6, 0.324022459289
6,6,6,0, 0.158191518129
6,6,6,1, 0.269025994776
6,6,6,4, 0.101626555271
6,6,6,5, 0.324022459289
6,6,6,6, 0.394125899248
6,6,7,2, 0.063655416601
6,6,7,7, 0.491073083906
6,6,8,3, 0.063655416601
6,6,8,8, 0.491073083906
6,6,9,0,-0.134807127534
6,6,9,1,-0.086001617864
6,6,9,4,-0.196038266671
6,6,9,9, 0.491073083906
6,7,0,2, 0.025470438666
6,7,0,7, 0.016028371934
6,7,1,2, 0.022140939911
6,7,1,7, 0.040146359916
6,7,2,0, 0.025470438666
6,7,2,1, 0.022140939911
6,7,2,4, 0.014096429740
6,7,2,5, 0.011774420186
6,7,2,6, 0.016691707765
6,7,2,9,-0.015050057573
6,7,4,2, 0.014096429740
6,7,4,7, 0.022692246597
6,7,5,2, 0.011774420186
6,7,5,7, 0.101353944495
6,7,6,2, 0.016691707765
6,7,6,7, 0.072461555243
6,7,7,0, 0.016028371934
6,7,7,1, 0.040146359916
6,7,7,4, 0.022692246597
6,7,7,5, 0.101353944495
6,7,7,6, 0.072461555243
6,7,9,2,-0.015050057573
6,8,0,3, 0.025470438666
6,8,0,8, 0.016028371934
6,8,1,3, 0.022140939911
6,8,1,8, 0.040146359916
6,8,3,0, 0.025470438666
6,8,3,1, 0.022140939911
6,8,3,4, 0.014096429740
6,8,3,5, 0.011774420186
6,8,3,6, 0.016691707765
6,8,3,9,-0.015050057573
6,8,4,3, 0.014096429740
6,8,4,8, 0.022692246597
6,8,5,3, 0.011774420186
6,8,5,8, 0.101353944495
6,8,6,3, 0.016691707765
6,8,6,8, 0.072461555243
6,8,8,0, 0.016028371934
6,8,8,1, 0.040146359916
6,8,8,4, 0.022692246597
6,8,8,5, 0.101353944495
6,8,8,6, 0.072461555243
6,8,9,3,-0.015050057573
6,9,0,0,-0.092609036175
6,9,0,1,-0.054330275777
6,9,0,4,-0.031190621336
6,9,0,5,-0.025199429034
6,9,0,6,-0.035425515266
6,9,0,9, 0.042008614512
6,9,1,0,-0.054330275777
6,9,1,1,-0.047794688668
6,9,1,4,-0.022153971378
6,9,1,5,-0.016282178932
6,9,1,6,-0.026316696840
6,9,1,9, 0.045462135772
6,9,2,2,-0.082023984171
6,9,2,7,-0.015050057573
6,9,3,3,-0.082023984171
6,9,3,8,-0.015050057573
6,9,4,0,-0.031190621336
6,9,4,1,-0.022153971378
6,9,4,4,-0.099346976723
6,9,4,5,-0.037280656167
6,9,4,6,-0.028957746713
6,9,4,9, 0.062688060558
6,9,5,0,-0.025199429034
6,9,5,1,-0.016282178932
6,9,5,4,-0.037280656167
6,9,5,9, 0.101353944495
6,9,6,0,-0.035425515266
6,9,6,1,-0.026316696840
6,9,6,4,-0.028957746713
6,9,6,9, 0.072461555243
6,9,7,2,-0.015050057573
6,9,8,3,-0.015050057573
6,9,9,0, 0.042008614512
6,9,9,1, 0.045462135772
6,9,9,4, 0.062688060558
6,9,9,5, 0.101353944495
6,9,9,6, 0.072461555243
7,0,0,2, 0.015387901828
7,0,0,7, 0.005937213453
7,0,1,2, 0.011774420186
7,0,1,7, 0.010509354697
7,0,2,0, 0.015387901828
7,0,2,1, 0.011774420186
7,0,2,4, 0.008236184582
7,0,2,5, 0.005479346186
7,0,2,6, 0.008364693159
7,0,2,9,-0.007913601994
7,0,4,2, 0.008236184582
7,0,4,7, 0.008821624224
7,0,5,2, 0.005479346186
7,0,5,7, 0.022282604390
7,0,6,2, 0.008364693159
7,0,6,7, 0.016028371934
7,0,7,0, 0.005937213453
7,0,7,1, 0.010509354697
7,0,7,4, 0.008821624224
7,0,7,5, 0.022282604390
7,0,7,6, 0.016028371934
7,0,7,9,-0.008632434295
7,0,9,2,-0.007913601994
7,0,9,7,-0.008632434295
7,1,0,2, 0.019886661060
7,1,0,7, 0.010509354697
7,1,1,2, 0.016691707765
7,1,1,7, 0.023534573494
7,1,2,0, 0.019886661060
7,1,2,1, 0.016691707765
7,1,2,4, 0.010766575298
7,1,2,5, 0.008364693159
7,1,2,6, 0.012301197737
7,1,2,9,-0.011147526092
7,1,4,2, 0.010766575298
7,1,4,7, 0.015110533425
7,1,5,2, 0.008364693159
7,1,5,7, 0.055820143454
7,1,6,2, 0.012301197737
7,1,6,7, 0.040146359916
7,1,7,0, 0.010509354697
7,1,7,1, 0.023534573494
7,1,7,4, 0.015110533425
7,1,7,5, 0.055820143454
7,1,7,6, 0.040146359916
7,1,7,9,-0.007017035595
7,1,9,2,-0.011147526092
7,1,9,7,-0.007017035595
7,2,0,0, 0.087205225048
7,2,0,1, 0.055046618153
7,2,0,4, 0.019222554606
7,2,0,5, 0.024819412957
7,2,0,6, 0.035755634429
7,2,0,9,-0.033637631172
7,2,1,0, 0.055046618153
7,2,1,1, 0.063655416601
7,2,1,4, 0.015050057573
7,2,1,5, 0.035755634429
7,2,1,6, 0.049987059592
7,2,1,9,-0.024963179185
7,2,2,2, 0.086438480419
7,2,2,7, 0.015698953464
7,2,3,3, 0.079520944263
7,2,3,8, 0.013776632632
7,2,4,0, 0.019222554606
7,2,4,1, 0.015050057573
7,2,4,4, 0.088543755764
7,2,4,5, 0.033637631172
7,2,4,6, 0.024963179185
7,2,4,9,-0.048907122735
7,2,5,0, 0.024819412957
7,2,5,1, 0.035755634429
7,2,5,4, 0.033637631172
7,2,5,5, 0.087205225048
7,2,5,6, 0.055046618153
7,2,5,9,-0.019222554606
7,2,6,0, 0.035755634429
7,2,6,1, 0.049987059592
7,2,6,4, 0.024963179185
7,2,6,5, 0.055046618153
7,2,6,6, 0.063655416601
7,2,6,9,-0.015050057573
7,2,7,2, 0.015698953464
7,2,7,7, 0.086438480419
7,2,8,3, 0.013776632632
7,2,8,8, 0.079520944263
7,2,9,0,-0.033637631172
7,2,9,1,-0.024963179185
7,2,9,4,-0.048907122735
7,2,9,5,-0.019222554606
7,2,9,6,-0.015050057573
7,2,9,9, 0.088543755764
7,3,2,3, 0.003458768078
7,3,2,8, 0.000961160416
7,3,3,2, 0.003458768078
7,3,3,7, 0.000961160416
7,3,7,3, 0.000961160416
7,3,7,8, 0.003458768078
7,3,8,2, 0.000961160416
7,3,8,7, 0.003458768078
7,4,0,2, 0.019222554606
7,4,0,7, 0.008821624224
7,4,1,2, 0.015050057573
7,4,1,7, 0.015110533425
7,4,2,0, 0.019222554606
7,4,2,1, 0.015050057573
7,4,2,4, 0.012481579579
7,4,2,5, 0.007913601994
7,4,2,6, 0.011147526092
7,4,2,9,-0.011575590657
7,4,4,2, 0.012481579579
7,4,4,7, 0.013497911489
7,4,5,2, 0.007913601994
7,4,5,7, 0.032230830161
7,4,6,2, 0.011147526092
7,4,6,7, 0.022692246597
7,4,7,0, 0.008821624224
7,4,7,1, 0.015110533425
7,4,7,4, 0.013497911489
7,4,7,5, 0.032230830161
7,4,7,6, 0.022692246597
7,4,7,9,-0.014586772605
7,4,9,2,-0.011575590657
7,4,9,7,-0.014586772605
7,5,0,2, 0.029006312724
7,5,0,7, 0.022282604390
7,5,1,2, 0.025470438666
7,5,1,7, 0.055820143454
7,5,2,0, 0.029006312724
7,5,2,1, 0.025470438666
7,5,2,4, 0.017773622142
7,5,2,5, 0.015387901828
7,5,2,6, 0.019886661060
7,5,2,9,-0.019222554606
7,5,4,2, 0.017773622142
7,5,4,7, 0.032230830161
7,5,5,2, 0.015387901828
7,5,5,7, 0.152608082603
7,5,6,2, 0.019886661060
7,5,6,7, 0.101353944495
7,5,7,0, 0.022282604390
7,5,7,1, 0.055820143454
7,5,7,4, 0.032230830161
7,5,7,5, 0.152608082603
7,5,7,6, 0.101353944495
7,5,9,2,-0.019222554606
7,6,0,2, 0.025470438666
7,6,0,7, 0.016028371934
7,6,1,2, 0.022140939911
7,6,1,7, 0.040146359916
7,6,2,0, 0.025470438666
7,6,2,1, 0.022140939911
7,6,2,4, 0.014096429740
7,6,2,5, 0.011774420186
7,6,2,6, 0.016691707765
7,6,2,9,-0.015050057573
7,6,4,2, 0.014096429740
7,6,4,7, 0.022692246597
7,6,5,2, 0.011774420186
7,6,5,7, 0.101353944495
7,6,6,2, 0.016691707765
7,6,6,7, 0.072461555243
7,6,7,0, 0.016028371934
7,6,7,1, 0.040146359916
7,6,7,4, 0.022692246597
7,6,7,5, 0.101353944495
7,6,7,6, 0.072461555243
7,6,9,2,-0.015050057573
7,7,0,0, 0.401305868111
7,7,0,1, 0.270574146754
7,7,0,4, 0.091295944081
7,7,0,5, 0.145122408885
7,7,0,6, 0.185373197357
7,7,0,9,-0.170649329767
7,7,1,0, 0.270574146754
7,7,1,1, 0.360256806912
7,7,1,4, 0.082023984171
7,7,1,5, 0.264828259949
7,7,1,6, 0.324297213578
7,7,1,9,-0.110639562601
7,7,2,2, 0.389682317857
7,7,2,7, 0.086438480419
7,7,3,3, 0.380879082828
7,7,3,8, 0.079520944263
7,7,4,0, 0.091295944081
7,7,4,1, 0.082023984171
7,7,4,4, 0.432570999185
7,7,4,5, 0.202165811126
7,7,4,6, 0.139870503984
7,7,4,9,-0.260086262857
7,7,5,0, 0.145122408885
7,7,5,1, 0.264828259949
7,7,5,4, 0.202165811126
7,7,5,5, 0.775037038942
7,7,5,6, 0.462081934851
7,7,6,0, 0.185373197357
7,7,6,1, 0.324297213578
7,7,6,4, 0.139870503984
7,7,6,5, 0.462081934851
7,7,6,6, 0.491073083906
7,7,7,2, 0.086438480419
7,7,7,7, 0.785718708997
7,7,8,3, 0.079520944263
7,7,8,8, 0.689508254834
7,7,9,0,-0.170649329767
7,7,9,1,-0.110639562601
7,7,9,4,-0.260086262857
7,7,9,9, 0.689508254834
7,8,2,3, 0.004401617515
7,8,2,8, 0.003458768078
7,8,3,2, 0.004401617515
7,8,3,7, 0.003458768078
7,8,7,3, 0.003458768078
7,8,7,8, 0.048105227081
7,8,8,2, 0.003458768078
7,8,8,7, 0.048105227081
7,9,0,2,-0.017773622142
7,9,0,7,-0.008632434295
7,9,1,2,-0.014096429740
7,9,1,7,-0.007017035595
7,9,2,0,-0.017773622142
7,9,2,1,-0.014096429740
7,9,2,4,-0.012800667978
7,9,2,5,-0.008236184582
7,9,2,6,-0.010766575298
7,9,2,9, 0.012481579579
7,9,4,2,-0.012800667978
7,9,4,7,-0.014586772605
7,9,5,2,-0.008236184582
7,9,6,2,-0.010766575298
7,9,7,0,-0.008632434295
7,9,7,1,-0.007017035595
7,9,7,4,-0.014586772605
7,9,7,9, 0.048105227081
7,9,9,2, 0.012481579579
7,9,9,7, 0.048105227081
8,0,0,3, 0.015387901828
8,0,0,8, 0.005937213453
8,0,1,3, 0.011774420186
8,0,1,8, 0.010509354697
8,0,3,0, 0.015387901828
8,0,3,1, 0.011774420186
8,0,3,4, 0.008236184582
8,0,3,5, 0.005479346186
8,0,3,6, 0.008364693159
8,0,3,9,-0.007913601994
8,0,4,3, 0.008236184582
8,0,4,8, 0.008821624224
8,0,5,3, 0.005479346186
8,0,5,8, 0.022282604390
8,0,6,3, 0.008364693159
8,0,6,8, 0.016028371934
8,0,8,0, 0.005937213453
8,0,8,1, 0.010509354697
8,0,8,4, 0.008821624224
8,0,8,5, 0.022282604390
8,0,8,6, 0.016028371934
8,0,8,9,-0.008632434295
8,0,9,3,-0.007913601994
8,0,9,8,-0.008632434295
8,1,0,3, 0.019886661060
8,1,0,8, 0.010509354697
8,1,1,3, 0.016691707765
8,1,1,8, 0.023534573494
8,1,3,0, 0.019886661060
8,1,3,1, 0.016691707765
8,1,3,4, 0.010766575298
8,1,3,5, 0.008364693159
8,1,3,6, 0.012301197737
8,1,3,9,-0.011147526092
8,1,4,3, 0.010766575298
8,1,4,8, 0.015110533425
8,1,5,3, 0.008364693159
8,1,5,8, 0.055820143454
8,1,6,3, 0.012301197737
8,1,6,8, 0.040146359916
8,1,8,0, 0.010509354697
8,1,8,1, 0.023534573494
8,1,8,4, 0.015110533425
8,1,8,5, 0.055820143454
8,1,8,6, 0.040146359916
8,1,8,9,-0.007017035595
8,1,9,3,-0.011147526092
8,1,9,8,-0.007017035595
8,2,2,3, 0.003458768078
8,2,2,8, 0.000961160416
8,2,3,2, 0.003458768078
8,2,3,7, 0.000961160416
8,2,7,3, 0.000961160416
8,2,7,8, 0.003458768078
8,2,8,2, 0.000961160416
8,2,8,7, 0.003458768078
8,3,0,0, 0.087205225048
8,3,0,1, 0.055046618153
8,3,0,4, 0.019222554606
8,3,0,5, 0.024819412957
8,3,0,6, 0.035755634429
8,3,0,9,-0.033637631172
8,3,1,0, 0.055046618153
8,3,1,1, 0.063655416601
8,3,1,4, 0.015050057573
8,3,1,5, 0.035755634429
8,3,1,6, 0.049987059592
8,3,1,9,-0.024963179185
8,3,2,2, 0.079520944263
8,3,2,7, 0.013776632632
8,3,3,3, 0.086438480419
8,3,3,8, 0.015698953464
8,3,4,0, 0.019222554606
8,3,4,1, 0.015050057573
8,3,4,4, 0.088543755764
8,3,4,5, 0.033637631172
8,3,4,6, 0.024963179185
8,3,4,9,-0.048907122735
8,3,5,0, 0.024819412957
8,3,5,1, 0.035755634429
8,3,5,4, 0.033637631172
8,3,5,5, 0.087205225048
8,3,5,6, 0.055046618153
8,3,5,9,-0.019222554606
8,3,6,0, 0.035755634429
8,3,6,1, 0.049987059592
8,3,6,4, 0.024963179185
8,3,6,5, 0.055046618153
8,3,6,6, 0.063655416601
8,3,6,9,-0.015050057573
8,3,7,2, 0.013776632632
8,3,7,7, 0.079520944263
8,3,8,3, 0.015698953464
8,3,8,8, 0.086438480419
8,3,9,0,-0.033637631172
8,3,9,1,-0.024963179185
8,3,9,4,-0.048907122735
8,3,9,5,-0.019222554606
8,3,9,6,-0.015050057573
8,3,9,9, 0.088543755764
8,4,0,3, 0.019222554606
8,4,0,8, 0.008821624224
8,4,1,3, 0.015050057573
8,4,1,8, 0.015110533425
8,4,3,0, 0.019222554606
8,4,3,1, 0.015050057573
8,4,3,4, 0.012481579579
8,4,3,5, 0.007913601994
8,4,3,6, 0.011147526092
8,4,3,9,-0.011575590657
8,4,4,3, 0.012481579579
8,4,4,8, 0.013497911489
8,4,5,3, 0.007913601994
8,4,5,8, 0.032230830161
8,4,6,3, 0.011147526092
8,4,6,8, 0.022692246597
8,4,8,0, 0.008821624224
8,4,8,1, 0.015110533425
8,4,8,4, 0.013497911489
8,4,8,5, 0.032230830161
8,4,8,6, 0.022692246597
8,4,8,9,-0.014586772605
8,4,9,3,-0.011575590657
8,4,9,8,-0.014586772605
8,5,0,3, 0.029006312724
8,5,0,8, 0.022282604390
8,5,1,3, 0.025470438666
8,5,1,8, 0.055820143454
8,5,3,0, 0.029006312724
8,5,3,1, 0.025470438666
8,5,3,4, 0.017773622142
8,5,3,5, 0.015387901828
8,5,3,6, 0.019886661060
8,5,3,9,-0.019222554606
8,5,4,3, 0.017773622142
8,5,4,8, 0.032230830161
8,5,5,3, 0.015387901828
8,5,5,8, 0.152608082603
8,5,6,3, 0.019886661060
8,5,6,8, 0.101353944495
8,5,8,0, 0.022282604390
8,5,8,1, 0.055820143454
8,5,8,4, 0.032230830161
8,5,8,5, 0.152608082603
8,5,8,6, 0.101353944495
8,5,9,3,-0.019222554606
8,6,0,3, 0.025470438666
8,6,0,8, 0.016028371934
8,6,1,3, 0.022140939911
8,6,1,8, 0.040146359916
8,6,3,0, 0.025470438666
8,6,3,1, 0.022140939911
8,6,3,4, 0.014096429740
8,6,3,5, 0.011774420186
8,6,3,6, 0.016691707765
8,6,3,9,-0.015050057573
8,6,4,3, 0.014096429740
8,6,4,8, 0.022692246597
8,6,5,3, 0.011774420186
8,6,5,8, 0.101353944495
8,6,6,3, 0.016691707765
8,6,6,8, 0.072461555243
8,6,8,0, 0.016028371934
8,6,8,1, 0.040146359916
8,6,8,4, 0.022692246597
8,6,8,5, 0.101353944495
8,6,8,6, 0.072461555243
8,6,9,3,-0.015050057573
8,7,2,3, 0.004401617515
8,7,2,8, 0.003458768078
8,7,3,2, 0.004401617515
8,7,3,7, 0.003458768078
8,7,7,3, 0.003458768078
8,7,7,8, 0.048105227081
8,7,8,2, 0.003458768078
8,7,8,7, 0.048105227081
8,8,0,0, 0.401305868111
8,8,0,1, 0.270574146754
8,8,0,4, 0.091295944081
8,8,0,5, 0.145122408885
8,8,0,6, 0.185373197357
8,8,0,9,-0.170649329767
8,8,1,0, 0.270574146754
8,8,1,1, 0.360256806912
8,8,1,4, 0.082023984171
8,8,1,5, 0.264828259949
8,8,1,6, 0.324297213578
8,8,1,9,-0.110639562601
8,8,2,2, 0.380879082828
8,8,2,7, 0.079520944263
8,8,3,3, 0.389682317857
8,8,3,8, 0.086438480419
8,8,4,0, 0.091295944081
8,8,4,1, 0.082023984171
8,8,4,4, 0.432570999185
8,8,4,5, 0.202165811126
8,8,4,6, 0.139870503984
8,8,4,9,-0.260086262857
8,8,5,0, 0.145122408885
8,8,5,1, 0.264828259949
8,8,5,4, 0.202165811126
8,8,5,5, 0.775037038942
8,8,5,6, 0.462081934851
8,8,6,0, 0.185373197357
8,8,6,1, 0.324297213578
8,8,6,4, 0.139870503984
8,8,6,5, 0.462081934851
8,8,6,6, 0.491073083906
8,8,7,2, 0.079520944263
8,8,7,7, 0.689508254834
8,8,8,3, 0.086438480419
8,8,8,8, 0.785718708997
8,8,9,0,-0.170649329767
8,8,9,1,-0.110639562601
8,8,9,4,-0.260086262857
8,8,9,9, 0.689508254834
8,9,0,3,-0.017773622142
8,9,0,8,-0.008632434295
8,9,1,3,-0.014096429740
8,9,1,8,-0.007017035595
8,9,3,0,-0.017773622142
8,9,3,1,-0.014096429740
8,9,3,4,-0.012800667978
8,9,3,5,-0.008236184582
8,9,3,6,-0.010766575298
8,9,3,9, 0.012481579579
8,9,4,3,-0.012800667978
8,9,4,8,-0.014586772605
8,9,5,3,-0.008236184582
8,9,6,3,-0.010766575298
8,9,8,0,-0.008632434295
8,9,8,1,-0.007017035595
8,9,8,4,-0.014586772605
8,9,8,9, 0.048105227081
8,9,9,3, 0.012481579579
8,9,9,8, 0.048105227081
9,0,0,0,-0.227012824432
9,0,0,1,-0.135376724450
9,0,0,4,-0.052367480096
9,0,0,5,-0.059929688807
9,0,0,6,-0.086799838976
9,0,0,9, 0.085134642681
9,0,1,0,-0.135376724450
9,0,1,1,-0.145051021879
9,0,1,4,-0.037280656167
9,0,1,5,-0.078813715375
9,0,1,6,-0.110373288485
9,0,1,9, 0.061827212401
9,0,2,2,-0.202165811126
9,0,2,7,-0.033637631172
9,0,3,3,-0.202165811126
9,0,3,8,-0.033637631172
9,0,4,0,-0.052367480096
9,0,4,1,-0.037280656167
9,0,4,4,-0.225198848134
9,0,4,5,-0.081178089392
9,0,4,6,-0.060074161310
9,0,4,9, 0.122976985578
9,0,5,0,-0.059929688807
9,0,5,1,-0.078813715375
9,0,5,4,-0.081178089392
9,0,5,5,-0.186494922369
9,0,5,6,-0.117200818805
9,0,5,9, 0.055345469812
9,0,6,0,-0.086799838976
9,0,6,1,-0.110373288485
9,0,6,4,-0.060074161310
9,0,6,5,-0.117200818805
9,0,6,6,-0.134807127534
9,0,6,9, 0.042008614512
9,0,7,2,-0.033637631172
9,0,7,7,-0.170649329767
9,0,8,3,-0.033637631172
9,0,8,8,-0.170649329767
9,0,9,0, 0.085134642681
9,0,9,1, 0.061827212401
9,0,9,4, 0.122976985578
9,0,9,5, 0.055345469812
9,0,9,6, 0.042008614512
9,0,9,9,-0.200871404014
9,1,0,0,-0.152853688558
9,1,0,1,-0.093727970450
9,1,0,4,-0.038933220147
9,1,0,5,-0.043118797202
9,1,0,6,-0.060987918780
9,1,0,9, 0.061827212401
9,1,1,0,-0.093727970450
9,1,1,1,-0.101626555271
9,1,1,4,-0.028957746713
9,1,1,5,-0.054224878370
9,1,1,6,-0.076057505014
9,1,1,9, 0.050183242284
9,1,2,2,-0.139870503984
9,1,2,7,-0.024963179185
9,1,3,3,-0.139870503984
9,1,3,8,-0.024963179185
9,1,4,0,-0.038933220147
9,1,4,1,-0.028957746713
9,1,4,4,-0.157975163268
9,1,4,5,-0.060074161310
9,1,4,6,-0.044624915617
9,1,4,9, 0.091116516481
9,1,5,0,-0.043118797202
9,1,5,1,-0.054224878370
9,1,5,4,-0.060074161310
9,1,5,5,-0.119505077372
9,1,5,6,-0.074926092936
9,1,5,9, 0.062550828317
9,1,6,0,-0.060987918780
9,1,6,1,-0.076057505014
9,1,6,4,-0.044624915617
9,1,6,5,-0.074926092936
9,1,6,6,-0.086001617864
9,1,6,9, 0.045462135772
9,1,7,2,-0.024963179185
9,1,7,7,-0.110639562601
9,1,8,3,-0.024963179185
9,1,8,8,-0.110639562601
9,1,9,0, 0.061827212401
9,1,9,1, 0.050183242284
9,1,9,4, 0.091116516481
9,1,9,5, 0.062550828317
9,1,9,6, 0.045462135772
9,1,9,9,-0.125402966026
9,2,0,2,-0.032230830161
9,2,0,7,-0.007913601994
9,2,1,2,-0.022692246597
9,2,1,7,-0.011147526092
9,2,2,0,-0.032230830161
9,2,2,1,-0.022692246597
9,2,2,4,-0.014586772605
9,2,2,5,-0.008821624224
9,2,2,6,-0.015110533425
9,2,2,9, 0.013497911489
9,2,4,2,-0.014586772605
9,2,4,7,-0.011575590657
9,2,5,2,-0.008821624224
9,2,5,7,-0.019222554606
9,2,6,2,-0.015110533425
9,2,6,7,-0.015050057573
9,2,7,0,-0.007913601994
9,2,7,1,-0.011147526092
9,2,7,4,-0.011575590657
9,2,7,5,-0.019222554606
9,2,7,6,-0.015050057573
9,2,7,9, 0.012481579579
9,2,9,2, 0.013497911489
9,2,9,7, 0.012481579579
9,3,0,3,-0.032230830161
9,3,0,8,-0.007913601994
9,3,1,3,-0.022692246597
9,3,1,8,-0.011147526092
9,3,3,0,-0.032230830161
9,3,3,1,-0.022692246597
9,3,3,4,-0.014586772605
9,3,3,5,-0.008821624224
9,3,3,6,-0.015110533425
9,3,3,9, 0.013497911489
9,3,4,3,-0.014586772605
9,3,4,8,-0.011575590657
9,3,5,3,-0.008821624224
9,3,5,8,-0.019222554606
9,3,6,3,-0.015110533425
9,3,6,8,-0.015050057573
9,3,8,0,-0.007913601994
9,3,8,1,-0.011147526092
9,3,8,4,-0.011575590657
9,3,8,5,-0.019222554606
9,3,8,6,-0.015050057573
9,3,8,9, 0.012481579579
9,3,9,3, 0.013497911489
9,3,9,8, 0.012481579579
9,4,0,0,-0.288760377934
9,4,0,1,-0.177448421808
9,4,0,4,-0.086248205970
9,4,0,5,-0.087115159710
9,4,0,6,-0.117811601725
9,4,0,9, 0.122976985578
9,4,1,0,-0.177448421808
9,4,1,1,-0.196038266671
9,4,1,4,-0.062688060558
9,4,1,5,-0.117811601725
9,4,1,6,-0.155453019459
9,4,1,9, 0.091116516481
9,4,2,2,-0.260086262857
9,4,2,7,-0.048907122735
9,4,3,3,-0.260086262857
9,4,3,8,-0.048907122735
9,4,4,0,-0.086248205970
9,4,4,1,-0.062688060558
9,4,4,4,-0.308580062020
9,4,4,5,-0.122976985578
9,4,4,6,-0.091116516481
9,4,4,9, 0.184669645488
9,4,5,0,-0.087115159710
9,4,5,1,-0.117811601725
9,4,5,4,-0.122976985578
9,4,5,5,-0.288760377934
9,4,5,6,-0.177448421808
9,4,5,9, 0.086248205970
9,4,6,0,-0.117811601725
9,4,6,1,-0.155453019459
9,4,6,4,-0.091116516481
9,4,6,5,-0.177448421808
9,4,6,6,-0.196038266671
9,4,6,9, 0.062688060558
9,4,7,2,-0.048907122735
9,4,7,7,-0.260086262857
9,4,8,3,-0.048907122735
9,4,8,8,-0.260086262857
9,4,9,0, 0.122976985578
9,4,9,1, 0.091116516481
9,4,9,4, 0.184669645488
9,4,9,5, 0.086248205970
9,4,9,6, 0.062688060558
9,4,9,9,-0.308580062020
9,5,0,0,-0.105306471773
9,5,0,1,-0.062562469133
9,5,0,4,-0.042687701689
9,5,0,5,-0.033313918437
9,5,0,6,-0.042334659000
9,5,0,9, 0.055345469812
9,5,1,0,-0.062562469133
9,5,1,1,-0.054634640232
9,5,1,4,-0.031190621336
9,5,1,5,-0.021620356800
9,5,1,6,-0.031007603194
9,5,1,9, 0.062550828317
9,5,2,2,-0.091295944081
9,5,2,7,-0.019222554606
9,5,3,3,-0.091295944081
9,5,3,8,-0.019222554606
9,5,4,0,-0.042687701689
9,5,4,1,-0.031190621336
9,5,4,4,-0.122365418037
9,5,4,5,-0.052367480096
9,5,4,6,-0.038933220147
9,5,4,9, 0.086248205970
9,5,5,0,-0.033313918437
9,5,5,1,-0.021620356800
9,5,5,4,-0.052367480096
9,5,5,9, 0.152608082603
9,5,6,0,-0.042334659000
9,5,6,1,-0.031007603194
9,5,6,4,-0.038933220147
9,5,6,9, 0.101353944495
9,5,7,2,-0.019222554606
9,5,8,3,-0.019222554606
9,5,9,0, 0.055345469812
9,5,9,1, 0.062550828317
9,5,9,4, 0.086248205970
9,5,9,5, 0.152608082603
9,5,9,6, 0.101353944495
9,6,0,0,-0.092609036175
9,6,0,1,-0.054330275777
9,6,0,4,-0.031190621336
9,6,0,5,-0.025199429034
9,6,0,6,-0.035425515266
9,6,0,9, 0.042008614512
9,6,1,0,-0.054330275777
9,6,1,1,-0.047794688668
9,6,1,4,-0.022153971378
9,6,1,5,-0.016282178932
9,6,1,6,-0.026316696840
9,6,1,9, 0.045462135772
9,6,2,2,-0.082023984171
9,6,2,7,-0.015050057573
9,6,3,3,-0.082023984171
9,6,3,8,-0.015050057573
9,6,4,0,-0.031190621336
9,6,4,1,-0.022153971378
9,6,4,4,-0.099346976723
9,6,4,5,-0.037280656167
9,6,4,6,-0.028957746713
9,6,4,9, 0.062688060558
9,6,5,0,-0.025199429034
9,6,5,1,-0.016282178932
9,6,5,4,-0.037280656167
9,6,5,9, 0.101353944495
9,6,6,0,-0.035425515266
9,6,6,1,-0.026316696840
9,6,6,4,-0.028957746713
9,6,6,9, 0.072461555243
9,6,7,2,-0.015050057573
9,6,8,3,-0.015050057573
9,6,9,0, 0.042008614512
9,6,9,1, 0.045462135772
9,6,9,4, 0.062688060558
9,6,9,5, 0.101353944495
9,6,9,6, 0.072461555243
9,7,0,2,-0.017773622142
9,7,0,7,-0.008632434295
9,7,1,2,-0.014096429740
9,7,1,7,-0.007017035595
9,7,2,0,-0.017773622142
9,7,2,1,-0.014096429740
9,7,2,4,-0.012800667978
9,7,2,5,-0.008236184582
9,7,2,6,-0.010766575298
9,7,2,9, 0.012481579579
9,7,4,2,-0.012800667978
9,7,4,7,-0.014586772605
9,7,5,2,-0.008236184582
9,7,6,2,-0.010766575298
9,7,7,0,-0.008632434295
9,7,7,1,-0.007017035595
9,7,7,4,-0.014586772605
9,7,7,9, 0.048105227081
9,7,9,2, 0.012481579579
9,7,9,7, 0.048105227081
9,8,0,3,-0.017773622142
9,8,0,8,-0.008632434295
9,8,1,3,-0.014096429740
9,8,1,8,-0.007017035595
9,8,3,0,-0.017773622142
9,8,3,1,-0.014096429740
9,8,3,4,-0.012800667978
9,8,3,5,-0.008236184582
9,8,3,6,-0.010766575298
9,8,3,9, 0.012481579579
9,8,4,3,-0.012800667978
9,8,4,8,-0.014586772605
9,8,5,3,-0.008236184582
9,8,6,3,-0.010766575298
9,8,8,0,-0.008632434295
9,8,8,1,-0.007017035595
9,8,8,4,-0.014586772605
9,8,8,9, 0.048105227081
9,8,9,3, 0.012481579579
9,8,9,8, 0.048105227081
9,9,0,0, 0.464844943952
9,9,0,1, 0.301726686142
9,9,0,4, 0.122365418037
9,9,0,5, 0.159321330682
9,9,0,6, 0.204684742627
9,9,0,9,-0.200871404014
9,9,1,0, 0.301726686142
9,9,1,1, 0.375647913430
9,9,1,4, 0.099346976723
9,9,1,5, 0.267755857797
9,9,1,6, 0.329216395047
9,9,1,9,-0.125402966026
9,9,2,2, 0.432570999185
9,9,2,7, 0.088543755764
9,9,3,3, 0.432570999185
9,9,3,8, 0.088543755764
9,9,4,0, 0.122365418037
9,9,4,1, 0.099346976723
9,9,4,4, 0.507062753828
9,9,4,5, 0.225198848134
9,9,4,6, 0.157975163268
9,9,4,9,-0.308580062020
9,9,5,0, 0.159321330682
9,9,5,1, 0.267755857797
9,9,5,4, 0.225198848134
9,9,5,5, 0.775037038942
9,9,5,6, 0.462081934851
9,9,6,0, 0.204684742627
9,9,6,1, 0.329216395047
9,9,6,4, 0.157975163268
9,9,6,5, 0.462081934851
9,9,6,6, 0.491073083906
9,9,7,2, 0.088543755764
9,9,7,7, 0.689508254834
9,9,8,3, 0.088543755764
9,9,8,8, 0.689508254834
9,9,9,0,-0.200871404014
9,9,9,1,-0.125402966026
9,9,9,4,-0.308580062020
9,9,9,9, 0.785718708997
