0,0,0,0, 0.897251802255
0,0,0,1, 0.504699283325
0,0,0,5, 0.118215971307
0,0,0,6, 0.258210560608
0,0,0,9,-0.167609915916
0,0,1,0, 0.504699283325
0,0,1,1, 0.507364877272
0,0,1,5, 0.166038609135
0,0,1,6, 0.308347782062
0,0,1,9,-0.133676404981
0,0,2,2, 0.775037038942
0,0,2,7, 0.056885517744
0,0,3,3, 0.775037038942
0,0,3,8, 0.056885517744
0,0,4,4, 0.775037038942
0,0,4,5, 0.144689711923
0,0,4,6, 0.116670561723
0,0,4,9,-0.235740581038
0,0,5,0, 0.118215971307
0,0,5,1, 0.166038609135
0,0,5,4, 0.144689711923
0,0,5,5, 0.390238717454
0,0,5,6, 0.262942908612
0,0,5,9,-0.091689603175
0,0,6,0, 0.258210560608
0,0,6,1, 0.308347782062
0,0,6,4, 0.116670561723
0,0,6,5, 0.262942908612
0,0,6,6, 0.351601363488
0,0,6,9,-0.082215624829
0,0,7,2, 0.056885517744
0,0,7,7, 0.371657201060
0,0,8,3, 0.056885517744
0,0,8,8, 0.371657201060
0,0,9,0,-0.167609915916
0,0,9,1,-0.133676404981
0,0,9,4,-0.235740581038
0,0,9,5,-0.091689603175
0,0,9,6,-0.082215624829
0,0,9,9, 0.425066901216
0,1,0,0, 0.504699283325
0,1,0,1, 0.300015949963
0,1,0,5, 0.072792013853
0,1,0,6, 0.154847767949
0,1,0,9,-0.101838936089
0,1,1,0, 0.300015949963
0,1,1,1, 0.324022459289
0,1,1,5, 0.108767202104
0,1,1,6, 0.199504045061
0,1,1,9,-0.083851161872
0,1,2,2, 0.462081934851
0,1,2,7, 0.036206290716
0,1,3,3, 0.462081934851
0,1,3,8, 0.036206290716
0,1,4,4, 0.462081934851
0,1,4,5, 0.091318587606
0,1,4,6, 0.073192011457
0,1,4,9,-0.146610082018
0,1,5,0, 0.072792013853
0,1,5,1, 0.108767202104
0,1,5,4, 0.091318587606
0,1,5,5, 0.262942908612
0,1,5,6, 0.175958612564
0,1,5,9,-0.056562627065
0,1,6,0, 0.154847767949
0,1,6,1, 0.199504045061
0,1,6,4, 0.073192011457
0,1,6,5, 0.175958612564
0,1,6,6, 0.233831500694
0,1,6,9,-0.049931066585
0,1,7,2, 0.036206290716
0,1,7,7, 0.251998058516
0,1,8,3, 0.036206290716
0,1,8,8, 0.251998058516
0,1,9,0,-0.101838936089
0,1,9,1,-0.083851161872
0,1,9,4,-0.146610082018
0,1,9,5,-0.056562627065
0,1,9,6,-0.049931066585
0,1,9,9, 0.280177134393
0,2,0,2, 0.152608082603
0,2,0,7, 0.009970621166
0,2,1,2, 0.101353944495
0,2,1,7, 0.014907883208
0,2,2,0, 0.152608082603
0,2,2,1, 0.101353944495
0,2,2,5, 0.015632752935
0,2,2,6, 0.049584258184
0,2,2,9,-0.021595610539
0,2,4,7, 0.013067798272
0,2,5,2, 0.015632752935
0,2,5,7, 0.022993317154
0,2,6,2, 0.049584258184
0,2,6,7, 0.020616215797
0,2,7,0, 0.009970621166
0,2,7,1, 0.014907883208
0,2,7,4, 0.013067798272
0,2,7,5, 0.022993317154
0,2,7,6, 0.020616215797
0,2,7,9,-0.013621623741
0,2,9,2,-0.021595610539
0,2,9,7,-0.013621623741
0,3,0,3, 0.152608082603
0,3,0,8, 0.009970621166
0,3,1,3, 0.101353944495
0,3,1,8, 0.014907883208
0,3,3,0, 0.152608082603
0,3,3,1, 0.101353944495
0,3,3,5, 0.015632752935
0,3,3,6, 0.049584258184
0,3,3,9,-0.021595610539
0,3,4,8, 0.013067798272
0,3,5,3, 0.015632752935
0,3,5,8, 0.022993317154
0,3,6,3, 0.049584258184
0,3,6,8, 0.020616215797
0,3,8,0, 0.009970621166
0,3,8,1, 0.014907883208
0,3,8,4, 0.013067798272
0,3,8,5, 0.022993317154
0,3,8,6, 0.020616215797
0,3,8,9,-0.013621623741
0,3,9,3,-0.021595610539
0,3,9,8,-0.013621623741
0,4,0,4, 0.152608082603
0,4,0,5, 0.025810549616
0,4,0,6, 0.021102707162
0,4,0,9,-0.041840370810
0,4,1,4, 0.101353944495
0,4,1,5, 0.036227737590
0,4,1,6, 0.030814075874
0,4,1,9,-0.035937775374
0,4,2,7, 0.013067798272
0,4,3,8, 0.013067798272
0,4,4,0, 0.152608082603
0,4,4,1, 0.101353944495
0,4,4,5, 0.042253894849
0,4,4,6, 0.056756382679
0,4,4,9,-0.070417894658
0,4,5,0, 0.025810549616
0,4,5,1, 0.036227737590
0,4,5,4, 0.042253894849
0,4,5,5, 0.091689603175
0,4,5,6, 0.056562627065
0,4,5,9,-0.037968315670
0,4,6,0, 0.021102707162
0,4,6,1, 0.030814075874
0,4,6,4, 0.056756382679
0,4,6,5, 0.056562627065
0,4,6,6, 0.053462161529
0,4,6,9,-0.029685020630
0,4,7,2, 0.013067798272
0,4,7,7, 0.080411365519
0,4,8,3, 0.013067798272
0,4,8,8, 0.080411365519
0,4,9,0,-0.041840370810
0,4,9,1,-0.035937775374
0,4,9,4,-0.070417894658
0,4,9,5,-0.037968315670
0,4,9,6,-0.029685020630
0,4,9,9, 0.109282153198
0,5,0,0, 0.118215971307
0,5,0,1, 0.072792013853
0,5,0,4, 0.025810549616
0,5,0,5, 0.025903271957
0,5,0,6, 0.042896392036
0,5,0,9,-0.036220344256
0,5,1,0, 0.072792013853
0,5,1,1, 0.082607504811
0,5,1,4, 0.019759156400
0,5,1,5, 0.042896392036
0,5,1,6, 0.061458779730
0,5,1,9,-0.031618772849
0,5,2,2, 0.107832851462
0,5,2,7, 0.012908244513
0,5,3,3, 0.107832851462
0,5,3,8, 0.012908244513
0,5,4,0, 0.025810549616
0,5,4,1, 0.019759156400
0,5,4,4, 0.119319069862
0,5,4,5, 0.036220344256
0,5,4,6, 0.031618772849
0,5,4,9,-0.056752426292
0,5,5,0, 0.025903271957
0,5,5,1, 0.042896392036
0,5,5,4, 0.036220344256
0,5,5,5, 0.118215971307
0,5,5,6, 0.072792013853
0,5,5,9,-0.025810549616
0,5,6,0, 0.042896392036
0,5,6,1, 0.061458779730
0,5,6,4, 0.031618772849
0,5,6,5, 0.072792013853
0,5,6,6, 0.082607504811
0,5,6,9,-0.019759156400
0,5,7,2, 0.012908244513
0,5,7,7, 0.107832851462
0,5,8,3, 0.012908244513
0,5,8,8, 0.107832851462
0,5,9,0,-0.036220344256
0,5,9,1,-0.031618772849
0,5,9,4,-0.056752426292
0,5,9,5,-0.025810549616
0,5,9,6,-0.019759156400
0,5,9,9, 0.119319069862
0,6,0,0, 0.258210560608
0,6,0,1, 0.154847767949
0,6,0,4, 0.021102707162
0,6,0,5, 0.042896392036
0,6,0,6, 0.083871397546
0,6,0,9,-0.060197932252
0,6,1,0, 0.154847767949
0,6,1,1, 0.169519460867
0,6,1,4, 0.015918493762
0,6,1,5, 0.066275240680
0,6,1,6, 0.111998574891
0,6,1,9,-0.050616572199
0,6,2,2, 0.237145614773
0,6,2,7, 0.021546104927
0,6,3,3, 0.237145614773
0,6,3,8, 0.021546104927
0,6,4,0, 0.021102707162
0,6,4,1, 0.015918493762
0,6,4,4, 0.240266887406
0,6,4,5, 0.055955483576
0,6,4,6, 0.047783793373
0,6,4,9,-0.089194929805
0,6,5,0, 0.042896392036
0,6,5,1, 0.066275240680
0,6,5,4, 0.055955483576
0,6,5,5, 0.166038609135
0,6,5,6, 0.108767202104
0,6,5,9,-0.036227737590
0,6,6,0, 0.083871397546
0,6,6,1, 0.111998574891
0,6,6,4, 0.047783793373
0,6,6,5, 0.108767202104
0,6,6,6, 0.137796293055
0,6,6,9,-0.030750153510
0,6,7,2, 0.021546104927
0,6,7,7, 0.157774983706
0,6,8,3, 0.021546104927
0,6,8,8, 0.157774983706
0,6,9,0,-0.060197932252
0,6,9,1,-0.050616572199
0,6,9,4,-0.089194929805
0,6,9,5,-0.036227737590
0,6,9,6,-0.030750153510
0,6,9,9, 0.174708051344
0,7,0,2, 0.009970621166
0,7,0,7, 0.003229026802
0,7,1,2, 0.007803473154
0,7,1,7, 0.006828544539
0,7,2,0, 0.009970621166
0,7,2,1, 0.007803473154
0,7,2,4, 0.005613390326
0,7,2,5, 0.002910355299
0,7,2,6, 0.005157956339
0,7,2,9,-0.004289628958
0,7,4,2, 0.005613390326
0,7,4,7, 0.004805308578
0,7,5,2, 0.002910355299
0,7,5,7, 0.015632752935
0,7,6,2, 0.005157956339
0,7,6,7, 0.011356736236
0,7,7,0, 0.003229026802
0,7,7,1, 0.006828544539
0,7,7,4, 0.004805308578
0,7,7,5, 0.015632752935
0,7,7,6, 0.011356736236
0,7,7,9,-0.006483562573
0,7,9,2,-0.004289628958
0,7,9,7,-0.006483562573
0,8,0,3, 0.009970621166
0,8,0,8, 0.003229026802
0,8,1,3, 0.007803473154
0,8,1,8, 0.006828544539
0,8,3,0, 0.009970621166
0,8,3,1, 0.007803473154
0,8,3,4, 0.005613390326
0,8,3,5, 0.002910355299
0,8,3,6, 0.005157956339
0,8,3,9,-0.004289628958
0,8,4,3, 0.005613390326
0,8,4,8, 0.004805308578
0,8,5,3, 0.002910355299
0,8,5,8, 0.015632752935
0,8,6,3, 0.005157956339
0,8,6,8, 0.011356736236
0,8,8,0, 0.003229026802
0,8,8,1, 0.006828544539
0,8,8,4, 0.004805308578
0,8,8,5, 0.015632752935
0,8,8,6, 0.011356736236
0,8,8,9,-0.006483562573
0,8,9,3,-0.004289628958
0,8,9,8,-0.006483562573
0,9,0,0,-0.167609915916
0,9,0,1,-0.101838936089
0,9,0,4,-0.041840370810
0,9,0,5,-0.036220344256
0,9,0,6,-0.060197932252
0,9,0,9, 0.052368518483
0,9,1,0,-0.101838936089
0,9,1,1,-0.112020811367
0,9,1,4,-0.030709497820
0,9,1,5,-0.055955483576
0,9,1,6,-0.081870860371
0,9,1,9, 0.045821977680
0,9,2,2,-0.150597270669
0,9,2,7,-0.018027608680
0,9,3,3,-0.150597270669
0,9,3,8,-0.018027608680
0,9,4,0,-0.041840370810
0,9,4,1,-0.030709497820
0,9,4,4,-0.171314209684
0,9,4,5,-0.051166435973
0,9,4,6,-0.045728249963
0,9,4,9, 0.082351326779
0,9,5,0,-0.036220344256
0,9,5,1,-0.055955483576
0,9,5,4,-0.051166435973
0,9,5,5,-0.144689711923
0,9,5,6,-0.091318587606
0,9,5,9, 0.042253894849
0,9,6,0,-0.060197932252
0,9,6,1,-0.081870860371
0,9,6,4,-0.045728249963
0,9,6,5,-0.091318587606
0,9,6,6,-0.105843164280
0,9,6,9, 0.032415533128
0,9,7,2,-0.018027608680
0,9,7,7,-0.132711692406
0,9,8,3,-0.018027608680
0,9,8,8,-0.132711692406
0,9,9,0, 0.052368518483
0,9,9,1, 0.045821977680
0,9,9,4, 0.082351326779
0,9,9,5, 0.042253894849
0,9,9,6, 0.032415533128
0,9,9,9,-0.156257513657
1,0,0,0, 0.504699283325
1,0,0,1, 0.300015949963
1,0,0,5, 0.072792013853
1,0,0,6, 0.154847767949
1,0,0,9,-0.101838936089
1,0,1,0, 0.300015949963
1,0,1,1, 0.324022459289
1,0,1,5, 0.108767202104
1,0,1,6, 0.199504045061
1,0,1,9,-0.083851161872
1,0,2,2, 0.462081934851
1,0,2,7, 0.036206290716
1,0,3,3, 0.462081934851
1,0,3,8, 0.036206290716
1,0,4,4, 0.462081934851
1,0,4,5, 0.091318587606
1,0,4,6, 0.073192011457
1,0,4,9,-0.146610082018
1,0,5,0, 0.072792013853
1,0,5,1, 0.108767202104
1,0,5,4, 0.091318587606
1,0,5,5, 0.262942908612
1,0,5,6, 0.175958612564
1,0,5,9,-0.056562627065
1,0,6,0, 0.154847767949
1,0,6,1, 0.199504045061
1,0,6,4, 0.073192011457
1,0,6,5, 0.175958612564
1,0,6,6, 0.233831500694
1,0,6,9,-0.049931066585
1,0,7,2, 0.036206290716
1,0,7,7, 0.251998058516
1,0,8,3, 0.036206290716
1,0,8,8, 0.251998058516
1,0,9,0,-0.101838936089
1,0,9,1,-0.083851161872
1,0,9,4,-0.146610082018
1,0,9,5,-0.056562627065
1,0,9,6,-0.049931066585
1,0,9,9, 0.280177134393
1,1,0,0, 0.507364877272
1,1,0,1, 0.324022459289
1,1,0,5, 0.082607504811
1,1,0,6, 0.169519460867
1,1,0,9,-0.112020811367
1,1,1,0, 0.324022459289
1,1,1,1, 0.394125899248
1,1,1,5, 0.137796293055
1,1,1,6, 0.249443020819
1,1,1,9,-0.094622623695
1,1,2,2, 0.491073083906
1,1,2,7, 0.042453152829
1,1,3,3, 0.491073083906
1,1,3,8, 0.042453152829
1,1,4,4, 0.491073083906
1,1,4,5, 0.105843164280
1,1,4,6, 0.084096757893
1,1,4,9,-0.165018384935
1,1,5,0, 0.082607504811
1,1,5,1, 0.137796293055
1,1,5,4, 0.105843164280
1,1,5,5, 0.351601363488
1,1,5,6, 0.233831500694
1,1,5,9,-0.053462161529
1,1,6,0, 0.169519460867
1,1,6,1, 0.249443020819
1,1,6,4, 0.084096757893
1,1,6,5, 0.233831500694
1,1,6,6, 0.311181296010
1,1,6,9,-0.047089409143
1,1,7,2, 0.042453152829
1,1,7,7, 0.342361133637
1,1,8,3, 0.042453152829
1,1,8,8, 0.342361133637
1,1,9,0,-0.112020811367
1,1,9,1,-0.094622623695
1,1,9,4,-0.165018384935
1,1,9,5,-0.053462161529
1,1,9,6,-0.047089409143
1,1,9,9, 0.358305217511
1,2,0,2, 0.101353944495
1,2,0,7, 0.007803473154
1,2,1,2, 0.072461555243
1,2,1,7, 0.012771418830
1,2,2,0, 0.101353944495
1,2,2,1, 0.072461555243
1,2,2,5, 0.011356736236
1,2,2,6, 0.035703325792
1,2,2,9,-0.015531125541
1,2,4,7, 0.010382404259
1,2,5,2, 0.011356736236
1,2,5,7, 0.020616215797
1,2,6,2, 0.035703325792
1,2,6,7, 0.018277911764
1,2,7,0, 0.007803473154
1,2,7,1, 0.012771418830
1,2,7,4, 0.010382404259
1,2,7,5, 0.020616215797
1,2,7,6, 0.018277911764
1,2,7,9,-0.011307590039
1,2,9,2,-0.015531125541
1,2,9,7,-0.011307590039
1,3,0,3, 0.101353944495
1,3,0,8, 0.007803473154
1,3,1,3, 0.072461555243
1,3,1,8, 0.012771418830
1,3,3,0, 0.101353944495
1,3,3,1, 0.072461555243
1,3,3,5, 0.011356736236
1,3,3,6, 0.035703325792
1,3,3,9,-0.015531125541
1,3,4,8, 0.010382404259
1,3,5,3, 0.011356736236
1,3,5,8, 0.020616215797
1,3,6,3, 0.035703325792
1,3,6,8, 0.018277911764
1,3,8,0, 0.007803473154
1,3,8,1, 0.012771418830
1,3,8,4, 0.010382404259
1,3,8,5, 0.020616215797
1,3,8,6, 0.018277911764
1,3,8,9,-0.011307590039
1,3,9,3,-0.015531125541
1,3,9,8,-0.011307590039
1,4,0,4, 0.101353944495
1,4,0,5, 0.019759156400
1,4,0,6, 0.015918493762
1,4,0,9,-0.030709497820
1,4,1,4, 0.072461555243
1,4,1,5, 0.030750153510
1,4,1,6, 0.026210701296
1,4,1,9,-0.027885937889
1,4,2,7, 0.010382404259
1,4,3,8, 0.010382404259
1,4,4,0, 0.101353944495
1,4,4,1, 0.072461555243
1,4,4,5, 0.032415533128
1,4,4,6, 0.041372507496
1,4,4,9,-0.052544036652
1,4,5,0, 0.019759156400
1,4,5,1, 0.030750153510
1,4,5,4, 0.032415533128
1,4,5,5, 0.082215624829
1,4,5,6, 0.049931066585
1,4,5,9,-0.029685020630
1,4,6,0, 0.015918493762
1,4,6,1, 0.026210701296
1,4,6,4, 0.041372507496
1,4,6,5, 0.049931066585
1,4,6,6, 0.047089409143
1,4,6,9,-0.022501019833
1,4,7,2, 0.010382404259
1,4,7,7, 0.073340974176
1,4,8,3, 0.010382404259
1,4,8,8, 0.073340974176
1,4,9,0,-0.030709497820
1,4,9,1,-0.027885937889
1,4,9,4,-0.052544036652
1,4,9,5,-0.029685020630
1,4,9,6,-0.022501019833
1,4,9,9, 0.091853772248
1,5,0,0, 0.166038609135
1,5,0,1, 0.108767202104
1,5,0,4, 0.036227737590
1,5,0,5, 0.042896392036
1,5,0,6, 0.066275240680
1,5,0,9,-0.055955483576
1,5,1,0, 0.108767202104
1,5,1,1, 0.137796293055
1,5,1,4, 0.030750153510
1,5,1,5, 0.083871397546
1,5,1,6, 0.111998574891
1,5,1,9,-0.047783793373
1,5,2,2, 0.157774983706
1,5,2,7, 0.021546104927
1,5,3,3, 0.157774983706
1,5,3,8, 0.021546104927
1,5,4,0, 0.036227737590
1,5,4,1, 0.030750153510
1,5,4,4, 0.174708051344
1,5,4,5, 0.060197932252
1,5,4,6, 0.050616572199
1,5,4,9,-0.089194929805
1,5,5,0, 0.042896392036
1,5,5,1, 0.083871397546
1,5,5,4, 0.060197932252
1,5,5,5, 0.258210560608
1,5,5,6, 0.154847767949
1,5,5,9,-0.021102707162
1,5,6,0, 0.066275240680
1,5,6,1, 0.111998574891
1,5,6,4, 0.050616572199
1,5,6,5, 0.154847767949
1,5,6,6, 0.169519460867
1,5,6,9,-0.015918493762
1,5,7,2, 0.021546104927
1,5,7,7, 0.237145614773
1,5,8,3, 0.021546104927
1,5,8,8, 0.237145614773
1,5,9,0,-0.055955483576
1,5,9,1,-0.047783793373
1,5,9,4,-0.089194929805
1,5,9,5,-0.021102707162
1,5,9,6,-0.015918493762
1,5,9,9, 0.240266887406
1,6,0,0, 0.308347782062
1,6,0,1, 0.199504045061
1,6,0,4, 0.030814075874
1,6,0,5, 0.061458779730
1,6,0,6, 0.111998574891
1,6,0,9,-0.081870860371
1,6,1,0, 0.199504045061
1,6,1,1, 0.249443020819
1,6,1,4, 0.026210701296
1,6,1,5, 0.111998574891
1,6,1,6, 0.179392330790
1,6,1,9,-0.069121661441
1,6,2,2, 0.298870443928
1,6,2,7, 0.031749874221
1,6,3,3, 0.298870443928
1,6,3,8, 0.031749874221
1,6,4,0, 0.030814075874
1,6,4,1, 0.026210701296
1,6,4,4, 0.304182740032
1,6,4,5, 0.081870860371
1,6,4,6, 0.069121661441
1,6,4,9,-0.124658879402
1,6,5,0, 0.061458779730
1,6,5,1, 0.111998574891
1,6,5,4, 0.081870860371
1,6,5,5, 0.308347782062
1,6,5,6, 0.199504045061
1,6,5,9,-0.030814075874
1,6,6,0, 0.111998574891
1,6,6,1, 0.179392330790
1,6,6,4, 0.069121661441
1,6,6,5, 0.199504045061
1,6,6,6, 0.249443020819
1,6,6,9,-0.026210701296
1,6,7,2, 0.031749874221
1,6,7,7, 0.298870443928
1,6,8,3, 0.031749874221
1,6,8,8, 0.298870443928
1,6,9,0,-0.081870860371
1,6,9,1,-0.069121661441
1,6,9,4,-0.124658879402
1,6,9,5,-0.030814075874
1,6,9,6,-0.026210701296
1,6,9,9, 0.304182740032
1,7,0,2, 0.014907883208
1,7,0,7, 0.006828544539
1,7,1,2, 0.012771418830
1,7,1,7, 0.018822905366
1,7,2,0, 0.014907883208
1,7,2,1, 0.012771418830
1,7,2,4, 0.008219143601
1,7,2,5, 0.005157956339
1,7,2,6, 0.008748779018
1,7,2,9,-0.007109545439
1,7,4,2, 0.008219143601
1,7,4,7, 0.009610440464
1,7,5,2, 0.005157956339
1,7,5,7, 0.049584258184
1,7,6,2, 0.008748779018
1,7,6,7, 0.035703325792
1,7,7,0, 0.006828544539
1,7,7,1, 0.018822905366
1,7,7,4, 0.009610440464
1,7,7,5, 0.049584258184
1,7,7,6, 0.035703325792
1,7,7,9,-0.006812928097
1,7,9,2,-0.007109545439
1,7,9,7,-0.006812928097
1,8,0,3, 0.014907883208
1,8,0,8, 0.006828544539
1,8,1,3, 0.012771418830
1,8,1,8, 0.018822905366
1,8,3,0, 0.014907883208
1,8,3,1, 0.012771418830
1,8,3,4, 0.008219143601
1,8,3,5, 0.005157956339
1,8,3,6, 0.008748779018
1,8,3,9,-0.007109545439
1,8,4,3, 0.008219143601
1,8,4,8, 0.009610440464
1,8,5,3, 0.005157956339
1,8,5,8, 0.049584258184
1,8,6,3, 0.008748779018
1,8,6,8, 0.035703325792
1,8,8,0, 0.006828544539
1,8,8,1, 0.018822905366
1,8,8,4, 0.009610440464
1,8,8,5, 0.049584258184
1,8,8,6, 0.035703325792
1,8,8,9,-0.006812928097
1,8,9,3,-0.007109545439
1,8,9,8,-0.006812928097
1,9,0,0,-0.133676404981
1,9,0,1,-0.083851161872
1,9,0,4,-0.035937775374
1,9,0,5,-0.031618772849
1,9,0,6,-0.050616572199
1,9,0,9, 0.045821977680
1,9,1,0,-0.083851161872
1,9,1,1,-0.094622623695
1,9,1,4,-0.027885937889
1,9,1,5,-0.047783793373
1,9,1,6,-0.069121661441
1,9,1,9, 0.044370340738
1,9,2,2,-0.123197516683
1,9,2,7,-0.016159539837
1,9,3,3,-0.123197516683
1,9,3,8,-0.016159539837
1,9,4,0,-0.035937775374
1,9,4,1,-0.027885937889
1,9,4,4,-0.142016702626
1,9,4,5,-0.045728249963
1,9,4,6,-0.040438919798
1,9,4,9, 0.073116758998
1,9,5,0,-0.031618772849
1,9,5,1,-0.047783793373
1,9,5,4,-0.045728249963
1,9,5,5,-0.116670561723
1,9,5,6,-0.073192011457
1,9,5,9, 0.056756382679
1,9,6,0,-0.050616572199
1,9,6,1,-0.069121661441
1,9,6,4,-0.040438919798
1,9,6,5,-0.073192011457
1,9,6,6,-0.084096757893
1,9,6,9, 0.041372507496
1,9,7,2,-0.016159539837
1,9,7,7,-0.108035511137
1,9,8,3,-0.016159539837
1,9,8,8,-0.108035511137
1,9,9,0, 0.045821977680
1,9,9,1, 0.044370340738
1,9,9,4, 0.073116758998
1,9,9,5, 0.056756382679
1,9,9,6, 0.041372507496
1,9,9,9,-0.122510678497
2,0,0,2, 0.152608082603
2,0,0,7, 0.009970621166
2,0,1,2, 0.101353944495
2,0,1,7, 0.014907883208
2,0,2,0, 0.152608082603
2,0,2,1, 0.101353944495
2,0,2,5, 0.015632752935
2,0,2,6, 0.049584258184
2,0,2,9,-0.021595610539
2,0,4,7, 0.013067798272
2,0,5,2, 0.015632752935
2,0,5,7, 0.022993317154
2,0,6,2, 0.049584258184
2,0,6,7, 0.020616215797
2,0,7,0, 0.009970621166
2,0,7,1, 0.014907883208
2,0,7,4, 0.013067798272
2,0,7,5, 0.022993317154
2,0,7,6, 0.020616215797
2,0,7,9,-0.013621623741
2,0,9,2,-0.021595610539
2,0,9,7,-0.013621623741
2,1,0,2, 0.101353944495
2,1,0,7, 0.007803473154
2,1,1,2, 0.072461555243
2,1,1,7, 0.012771418830
2,1,2,0, 0.101353944495
2,1,2,1, 0.072461555243
2,1,2,5, 0.011356736236
2,1,2,6, 0.035703325792
2,1,2,9,-0.015531125541
2,1,4,7, 0.010382404259
2,1,5,2, 0.011356736236
2,1,5,7, 0.020616215797
2,1,6,2, 0.035703325792
2,1,6,7, 0.018277911764
2,1,7,0, 0.007803473154
2,1,7,1, 0.012771418830
2,1,7,4, 0.010382404259
2,1,7,5, 0.020616215797
2,1,7,6, 0.018277911764
2,1,7,9,-0.011307590039
2,1,9,2,-0.015531125541
2,1,9,7,-0.011307590039
2,2,0,0, 0.775037038942
2,2,0,1, 0.462081934851
2,2,0,5, 0.107832851462
2,2,0,6, 0.237145614773
2,2,0,9,-0.150597270669
2,2,1,0, 0.462081934851
2,2,1,1, 0.491073083906
2,2,1,5, 0.157774983706
2,2,1,6, 0.298870443928
2,2,1,9,-0.123197516683
2,2,2,2, 0.785718708997
2,2,2,7, 0.056199607870
2,2,3,3, 0.689508254834
2,2,3,8, 0.052075536677
2,2,4,4, 0.689508254834
2,2,4,5, 0.132711692406
2,2,4,6, 0.108035511137
2,2,4,9,-0.213439460779
2,2,5,0, 0.107832851462
2,2,5,1, 0.157774983706
2,2,5,4, 0.132711692406
2,2,5,5, 0.371657201060
2,2,5,6, 0.251998058516
2,2,5,9,-0.080411365519
2,2,6,0, 0.237145614773
2,2,6,1, 0.298870443928
2,2,6,4, 0.108035511137
2,2,6,5, 0.251998058516
2,2,6,6, 0.342361133637
2,2,6,9,-0.073340974176
2,2,7,2, 0.056199607870
2,2,7,7, 0.361014044301
2,2,8,3, 0.052075536677
2,2,8,8, 0.354939234513
2,2,9,0,-0.150597270669
2,2,9,1,-0.123197516683
2,2,9,4,-0.213439460779
2,2,9,5,-0.080411365519
2,2,9,6,-0.073340974176
2,2,9,9, 0.398946677280
2,3,2,3, 0.048105227081
2,3,2,8, 0.002062035596
2,3,3,2, 0.048105227081
2,3,3,7, 0.002062035596
2,3,7,3, 0.002062035596
2,3,7,8, 0.003037404894
2,3,8,2, 0.002062035596
2,3,8,7, 0.003037404894
2,4,0,7, 0.005613390326
2,4,1,7, 0.008219143601
2,4,2,4, 0.048105227081
2,4,2,5, 0.006483562573
2,4,2,6, 0.006812928097
2,4,2,9,-0.010784152894
2,4,4,2, 0.048105227081
2,4,4,7, 0.008559032658
2,4,5,2, 0.006483562573
2,4,5,7, 0.013621623741
2,4,6,2, 0.006812928097
2,4,6,7, 0.011307590039
2,4,7,0, 0.005613390326
2,4,7,1, 0.008219143601
2,4,7,4, 0.008559032658
2,4,7,5, 0.013621623741
2,4,7,6, 0.011307590039
2,4,7,9,-0.009940673407
2,4,9,2,-0.010784152894
2,4,9,7,-0.009940673407
2,5,0,2, 0.015632752935
2,5,0,7, 0.002910355299
2,5,1,2, 0.011356736236
2,5,1,7, 0.005157956339
2,5,2,0, 0.015632752935
2,5,2,1, 0.011356736236
2,5,2,4, 0.006483562573
2,5,2,5, 0.003229026802
2,5,2,6, 0.006828544539
2,5,2,9,-0.004805308578
2,5,4,2, 0.006483562573
2,5,4,7, 0.004289628958
2,5,5,2, 0.003229026802
2,5,5,7, 0.009970621166
2,5,6,2, 0.006828544539
2,5,6,7, 0.007803473154
2,5,7,0, 0.002910355299
2,5,7,1, 0.005157956339
2,5,7,4, 0.004289628958
2,5,7,5, 0.009970621166
2,5,7,6, 0.007803473154
2,5,7,9,-0.005613390326
2,5,9,2,-0.004805308578
2,5,9,7,-0.005613390326
2,6,0,2, 0.049584258184
2,6,0,7, 0.005157956339
2,6,1,2, 0.035703325792
2,6,1,7, 0.008748779018
2,6,2,0, 0.049584258184
2,6,2,1, 0.035703325792
2,6,2,4, 0.006812928097
2,6,2,5, 0.006828544539
2,6,2,6, 0.018822905366
2,6,2,9,-0.009610440464
2,6,4,2, 0.006812928097
2,6,4,7, 0.007109545439
2,6,5,2, 0.006828544539
2,6,5,7, 0.014907883208
2,6,6,2, 0.018822905366
2,6,6,7, 0.012771418830
2,6,7,0, 0.005157956339
2,6,7,1, 0.008748779018
2,6,7,4, 0.007109545439
2,6,7,5, 0.014907883208
2,6,7,6, 0.012771418830
2,6,7,9,-0.008219143601
2,6,9,2,-0.009610440464
2,6,9,7,-0.008219143601
2,7,0,0, 0.056885517744
2,7,0,1, 0.036206290716
2,7,0,4, 0.013067798272
2,7,0,5, 0.012908244513
2,7,0,6, 0.021546104927
2,7,0,9,-0.018027608680
2,7,1,0, 0.036206290716
2,7,1,1, 0.042453152829
2,7,1,4, 0.010382404259
2,7,1,5, 0.021546104927
2,7,1,6, 0.031749874221
2,7,1,9,-0.016159539837
2,7,2,2, 0.056199607870
2,7,2,7, 0.007215890816
2,7,3,3, 0.052075536677
2,7,3,8, 0.006332312348
2,7,4,0, 0.013067798272
2,7,4,1, 0.010382404259
2,7,4,4, 0.058572533739
2,7,4,5, 0.018027608680
2,7,4,6, 0.016159539837
2,7,4,9,-0.028203185552
2,7,5,0, 0.012908244513
2,7,5,1, 0.021546104927
2,7,5,4, 0.018027608680
2,7,5,5, 0.056885517744
2,7,5,6, 0.036206290716
2,7,5,9,-0.013067798272
2,7,6,0, 0.021546104927
2,7,6,1, 0.031749874221
2,7,6,4, 0.016159539837
2,7,6,5, 0.036206290716
2,7,6,6, 0.042453152829
2,7,6,9,-0.010382404259
2,7,7,2, 0.007215890816
2,7,7,7, 0.056199607870
2,7,8,3, 0.006332312348
2,7,8,8, 0.052075536677
2,7,9,0,-0.018027608680
2,7,9,1,-0.016159539837
2,7,9,4,-0.028203185552
2,7,9,5,-0.013067798272
2,7,9,6,-0.010382404259
2,7,9,9, 0.058572533739
2,8,2,3, 0.002062035596
2,8,2,8, 0.000441789234
2,8,3,2, 0.002062035596
2,8,3,7, 0.000441789234
2,8,7,3, 0.000441789234
2,8,7,8, 0.002062035596
2,8,8,2, 0.000441789234
2,8,8,7, 0.002062035596
2,9,0,2,-0.021595610539
2,9,0,7,-0.004289628958
2,9,1,2,-0.015531125541
2,9,1,7,-0.007109545439
2,9,2,0,-0.021595610539
2,9,2,1,-0.015531125541
2,9,2,4,-0.010784152894
2,9,2,5,-0.004805308578
2,9,2,6,-0.009610440464
2,9,2,9, 0.007348888814
2,9,4,2,-0.010784152894
2,9,4,7,-0.006465310347
2,9,5,2,-0.004805308578
2,9,5,7,-0.013067798272
2,9,6,2,-0.009610440464
2,9,6,7,-0.010382404259
2,9,7,0,-0.004289628958
2,9,7,1,-0.007109545439
2,9,7,4,-0.006465310347
2,9,7,5,-0.013067798272
2,9,7,6,-0.010382404259
2,9,7,9, 0.008559032658
2,9,9,2, 0.007348888814
2,9,9,7, 0.008559032658
3,0,0,3, 0.152608082603
3,0,0,8, 0.009970621166
3,0,1,3, 0.101353944495
3,0,1,8, 0.014907883208
3,0,3,0, 0.152608082603
3,0,3,1, 0.101353944495
3,0,3,5, 0.015632752935
3,0,3,6, 0.049584258184
3,0,3,9,-0.021595610539
3,0,4,8, 0.013067798272
3,0,5,3, 0.015632752935
3,0,5,8, 0.022993317154
3,0,6,3, 0.049584258184
3,0,6,8, 0.020616215797
3,0,8,0, 0.009970621166
3,0,8,1, 0.014907883208
3,0,8,4, 0.013067798272
3,0,8,5, 0.022993317154
3,0,8,6, 0.020616215797
3,0,8,9,-0.013621623741
3,0,9,3,-0.021595610539
3,0,9,8,-0.013621623741
3,1,0,3, 0.101353944495
3,1,0,8, 0.007803473154
3,1,1,3, 0.072461555243
3,1,1,8, 0.012771418830
3,1,3,0, 0.101353944495
3,1,3,1, 0.072461555243
3,1,3,5, 0.011356736236
3,1,3,6, 0.035703325792
3,1,3,9,-0.015531125541
3,1,4,8, 0.010382404259
3,1,5,3, 0.011356736236
3,1,5,8, 0.020616215797
3,1,6,3, 0.035703325792
3,1,6,8, 0.018277911764
3,1,8,0, 0.007803473154
3,1,8,1, 0.012771418830
3,1,8,4, 0.010382404259
3,1,8,5, 0.020616215797
3,1,8,6, 0.018277911764
3,1,8,9,-0.011307590039
3,1,9,3,-0.015531125541
3,1,9,8,-0.011307590039
3,2,2,3, 0.048105227081
3,2,2,8, 0.002062035596
3,2,3,2, 0.048105227081
3,2,3,7, 0.002062035596
3,2,7,3, 0.002062035596
3,2,7,8, 0.003037404894
3,2,8,2, 0.002062035596
3,2,8,7, 0.003037404894
3,3,0,0, 0.775037038942
3,3,0,1, 0.462081934851
3,3,0,5, 0.107832851462
3,3,0,6, 0.237145614773
3,3,0,9,-0.150597270669
3,3,1,0, 0.462081934851
3,3,1,1, 0.491073083906
3,3,1,5, 0.157774983706
3,3,1,6, 0.298870443928
3,3,1,9,-0.123197516683
3,3,2,2, 0.689508254834
3,3,2,7, 0.052075536677
3,3,3,3, 0.785718708997
3,3,3,8, 0.056199607870
3,3,4,4, 0.689508254834
3,3,4,5, 0.132711692406
3,3,4,6, 0.108035511137
3,3,4,9,-0.213439460779
3,3,5,0, 0.107832851462
3,3,5,1, 0.157774983706
3,3,5,4, 0.132711692406
3,3,5,5, 0.371657201060
3,3,5,6, 0.251998058516
3,3,5,9,-0.080411365519
3,3,6,0, 0.237145614773
3,3,6,1, 0.298870443928
3,3,6,4, 0.108035511137
3,3,6,5, 0.251998058516
3,3,6,6, 0.342361133637
3,3,6,9,-0.073340974176
3,3,7,2, 0.052075536677
3,3,7,7, 0.354939234513
3,3,8,3, 0.056199607870
3,3,8,8, 0.361014044301
3,3,9,0,-0.150597270669
3,3,9,1,-0.123197516683
3,3,9,4,-0.213439460779
3,3,9,5,-0.080411365519
3,3,9,6,-0.073340974176
3,3,9,9, 0.398946677280
3,4,0,8, 0.005613390326
3,4,1,8, 0.008219143601
3,4,3,4, 0.048105227081
3,4,3,5, 0.006483562573
3,4,3,6, 0.006812928097
3,4,3,9,-0.010784152894
3,4,4,3, 0.048105227081
3,4,4,8, 0.008559032658
3,4,5,3, 0.006483562573
3,4,5,8, 0.013621623741
3,4,6,3, 0.006812928097
3,4,6,8, 0.011307590039
3,4,8,0, 0.005613390326
3,4,8,1, 0.008219143601
3,4,8,4, 0.008559032658
3,4,8,5, 0.013621623741
3,4,8,6, 0.011307590039
3,4,8,9,-0.009940673407
3,4,9,3,-0.010784152894
3,4,9,8,-0.009940673407
3,5,0,3, 0.015632752935
3,5,0,8, 0.002910355299
3,5,1,3, 0.011356736236
3,5,1,8, 0.005157956339
3,5,3,0, 0.015632752935
3,5,3,1, 0.011356736236
3,5,3,4, 0.006483562573
3,5,3,5, 0.003229026802
3,5,3,6, 0.006828544539
3,5,3,9,-0.004805308578
3,5,4,3, 0.006483562573
3,5,4,8, 0.004289628958
3,5,5,3, 0.003229026802
3,5,5,8, 0.009970621166
3,5,6,3, 0.006828544539
3,5,6,8, 0.007803473154
3,5,8,0, 0.002910355299
3,5,8,1, 0.005157956339
3,5,8,4, 0.004289628958
3,5,8,5, 0.009970621166
3,5,8,6, 0.007803473154
3,5,8,9,-0.005613390326
3,5,9,3,-0.004805308578
3,5,9,8,-0.005613390326
3,6,0,3, 0.049584258184
3,6,0,8, 0.005157956339
3,6,1,3, 0.035703325792
3,6,1,8, 0.008748779018
3,6,3,0, 0.049584258184
3,6,3,1, 0.035703325792
3,6,3,4, 0.006812928097
3,6,3,5, 0.006828544539
3,6,3,6, 0.018822905366
3,6,3,9,-0.009610440464
3,6,4,3, 0.006812928097
3,6,4,8, 0.007109545439
3,6,5,3, 0.006828544539
3,6,5,8, 0.014907883208
3,6,6,3, 0.018822905366
3,6,6,8, 0.012771418830
3,6,8,0, 0.005157956339
3,6,8,1, 0.008748779018
3,6,8,4, 0.007109545439
3,6,8,5, 0.014907883208
3,6,8,6, 0.012771418830
3,6,8,9,-0.008219143601
3,6,9,3,-0.009610440464
3,6,9,8,-0.008219143601
3,7,2,3, 0.002062035596
3,7,2,8, 0.000441789234
3,7,3,2, 0.002062035596
3,7,3,7, 0.000441789234
3,7,7,3, 0.000441789234
3,7,7,8, 0.002062035596
3,7,8,2, 0.000441789234
3,7,8,7, 0.002062035596
3,8,0,0, 0.056885517744
3,8,0,1, 0.036206290716
3,8,0,4, 0.013067798272
3,8,0,5, 0.012908244513
3,8,0,6, 0.021546104927
3,8,0,9,-0.018027608680
3,8,1,0, 0.036206290716
3,8,1,1, 0.042453152829
3,8,1,4, 0.010382404259
3,8,1,5, 0.021546104927
3,8,1,6, 0.031749874221
3,8,1,9,-0.016159539837
3,8,2,2, 0.052075536677
3,8,2,7, 0.006332312348
3,8,3,3, 0.056199607870
3,8,3,8, 0.007215890816
3,8,4,0, 0.013067798272
3,8,4,1, 0.010382404259
3,8,4,4, 0.058572533739
3,8,4,5, 0.018027608680
3,8,4,6, 0.016159539837
3,8,4,9,-0.028203185552
3,8,5,0, 0.012908244513
3,8,5,1, 0.021546104927
3,8,5,4, 0.018027608680
3,8,5,5, 0.056885517744
3,8,5,6, 0.036206290716
3,8,5,9,-0.013067798272
3,8,6,0, 0.021546104927
3,8,6,1, 0.031749874221
3,8,6,4, 0.016159539837
3,8,6,5, 0.036206290716
3,8,6,6, 0.042453152829
3,8,6,9,-0.010382404259
3,8,7,2, 0.006332312348
3,8,7,7, 0.052075536677
3,8,8,3, 0.007215890816
3,8,8,8, 0.056199607870
3,8,9,0,-0.018027608680
3,8,9,1,-0.016159539837
3,8,9,4,-0.028203185552
3,8,9,5,-0.013067798272
3,8,9,6,-0.010382404259
3,8,9,9, 0.058572533739
3,9,0,3,-0.021595610539
3,9,0,8,-0.004289628958
3,9,1,3,-0.015531125541
3,9,1,8,-0.007109545439
3,9,3,0,-0.021595610539
3,9,3,1,-0.015531125541
3,9,3,4,-0.010784152894
3,9,3,5,-0.004805308578
3,9,3,6,-0.009610440464
3,9,3,9, 0.007348888814
3,9,4,3,-0.010784152894
3,9,4,8,-0.006465310347
3,9,5,3,-0.004805308578
3,9,5,8,-0.013067798272
3,9,6,3,-0.009610440464
3,9,6,8,-0.010382404259
3,9,8,0,-0.004289628958
3,9,8,1,-0.007109545439
3,9,8,4,-0.006465310347
3,9,8,5,-0.013067798272
3,9,8,6,-0.010382404259
3,9,8,9, 0.008559032658
3,9,9,3, 0.007348888814
3,9,9,8, 0.008559032658
4,0,0,4, 0.152608082603
4,0,0,5, 0.025810549616
4,0,0,6, 0.021102707162
4,0,0,9,-0.041840370810
4,0,1,4, 0.101353944495
4,0,1,5, 0.036227737590
4,0,1,6, 0.030814075874
4,0,1,9,-0.035937775374
4,0,2,7, 0.013067798272
4,0,3,8, 0.013067798272
4,0,4,0, 0.152608082603
4,0,4,1, 0.101353944495
4,0,4,5, 0.042253894849
4,0,4,6, 0.056756382679
4,0,4,9,-0.070417894658
4,0,5,0, 0.025810549616
4,0,5,1, 0.036227737590
4,0,5,4, 0.042253894849
4,0,5,5, 0.091689603175
4,0,5,6, 0.056562627065
4,0,5,9,-0.037968315670
4,0,6,0, 0.021102707162
4,0,6,1, 0.030814075874
4,0,6,4, 0.056756382679
4,0,6,5, 0.056562627065
4,0,6,6, 0.053462161529
4,0,6,9,-0.029685020630
4,0,7,2, 0.013067798272
4,0,7,7, 0.080411365519
4,0,8,3, 0.013067798272
4,0,8,8, 0.080411365519
4,0,9,0,-0.041840370810
4,0,9,1,-0.035937775374
4,0,9,4,-0.070417894658
4,0,9,5,-0.037968315670
4,0,9,6,-0.029685020630
4,0,9,9, 0.109282153198
4,1,0,4, 0.101353944495
4,1,0,5, 0.019759156400
4,1,0,6, 0.015918493762
4,1,0,9,-0.030709497820
4,1,1,4, 0.072461555243
4,1,1,5, 0.030750153510
4,1,1,6, 0.026210701296
4,1,1,9,-0.027885937889
4,1,2,7, 0.010382404259
4,1,3,8, 0.010382404259
4,1,4,0, 0.101353944495
4,1,4,1, 0.072461555243
4,1,4,5, 0.032415533128
4,1,4,6, 0.041372507496
4,1,4,9,-0.052544036652
4,1,5,0, 0.019759156400
4,1,5,1, 0.030750153510
4,1,5,4, 0.032415533128
4,1,5,5, 0.082215624829
4,1,5,6, 0.049931066585
4,1,5,9,-0.029685020630
4,1,6,0, 0.015918493762
4,1,6,1, 0.026210701296
4,1,6,4, 0.041372507496
4,1,6,5, 0.049931066585
4,1,6,6, 0.047089409143
4,1,6,9,-0.022501019833
4,1,7,2, 0.010382404259
4,1,7,7, 0.073340974176
4,1,8,3, 0.010382404259
4,1,8,8, 0.073340974176
4,1,9,0,-0.030709497820
4,1,9,1,-0.027885937889
4,1,9,4,-0.052544036652
4,1,9,5,-0.029685020630
4,1,9,6,-0.022501019833
4,1,9,9, 0.091853772248
4,2,0,7, 0.005613390326
4,2,1,7, 0.008219143601
4,2,2,4, 0.048105227081
4,2,2,5, 0.006483562573
4,2,2,6, 0.006812928097
4,2,2,9,-0.010784152894
4,2,4,2, 0.048105227081
4,2,4,7, 0.008559032658
4,2,5,2, 0.006483562573
4,2,5,7, 0.013621623741
4,2,6,2, 0.006812928097
4,2,6,7, 0.011307590039
4,2,7,0, 0.005613390326
4,2,7,1, 0.008219143601
4,2,7,4, 0.008559032658
4,2,7,5, 0.013621623741
4,2,7,6, 0.011307590039
4,2,7,9,-0.009940673407
4,2,9,2,-0.010784152894
4,2,9,7,-0.009940673407
4,3,0,8, 0.005613390326
4,3,1,8, 0.008219143601
4,3,3,4, 0.048105227081
4,3,3,5, 0.006483562573
4,3,3,6, 0.006812928097
4,3,3,9,-0.010784152894
4,3,4,3, 0.048105227081
4,3,4,8, 0.008559032658
4,3,5,3, 0.006483562573
4,3,5,8, 0.013621623741
4,3,6,3, 0.006812928097
4,3,6,8, 0.011307590039
4,3,8,0, 0.005613390326
4,3,8,1, 0.008219143601
4,3,8,4, 0.008559032658
4,3,8,5, 0.013621623741
4,3,8,6, 0.011307590039
4,3,8,9,-0.009940673407
4,3,9,3,-0.010784152894
4,3,9,8,-0.009940673407
4,4,0,0, 0.775037038942
4,4,0,1, 0.462081934851
4,4,0,5, 0.119319069862
4,4,0,6, 0.240266887406
4,4,0,9,-0.171314209684
4,4,1,0, 0.462081934851
4,4,1,1, 0.491073083906
4,4,1,5, 0.174708051344
4,4,1,6, 0.304182740032
4,4,1,9,-0.142016702626
4,4,2,2, 0.689508254834
4,4,2,7, 0.058572533739
4,4,3,3, 0.689508254834
4,4,3,8, 0.058572533739
4,4,4,4, 0.785718708997
4,4,4,5, 0.156257513657
4,4,4,6, 0.122510678497
4,4,4,9,-0.255391462494
4,4,5,0, 0.119319069862
4,4,5,1, 0.174708051344
4,4,5,4, 0.156257513657
4,4,5,5, 0.425066901216
4,4,5,6, 0.280177134393
4,4,5,9,-0.109282153198
4,4,6,0, 0.240266887406
4,4,6,1, 0.304182740032
4,4,6,4, 0.122510678497
4,4,6,5, 0.280177134393
4,4,6,6, 0.358305217511
4,4,6,9,-0.091853772248
4,4,7,2, 0.058572533739
4,4,7,7, 0.398946677280
4,4,8,3, 0.058572533739
4,4,8,8, 0.398946677280
4,4,9,0,-0.171314209684
4,4,9,1,-0.142016702626
4,4,9,4,-0.255391462494
4,4,9,5,-0.109282153198
4,4,9,6,-0.091853772248
4,4,9,9, 0.467241865996
4,5,0,0, 0.144689711923
4,5,0,1, 0.091318587606
4,5,0,4, 0.042253894849
4,5,0,5, 0.036220344256
4,5,0,6, 0.055955483576
4,5,0,9,-0.051166435973
4,5,1,0, 0.091318587606
4,5,1,1, 0.105843164280
4,5,1,4, 0.032415533128
4,5,1,5, 0.060197932252
4,5,1,6, 0.081870860371
4,5,1,9,-0.045728249963
4,5,2,2, 0.132711692406
4,5,2,7, 0.018027608680
4,5,3,3, 0.132711692406
4,5,3,8, 0.018027608680
4,5,4,0, 0.042253894849
4,5,4,1, 0.032415533128
4,5,4,4, 0.156257513657
4,5,4,5, 0.052368518483
4,5,4,6, 0.045821977680
4,5,4,9,-0.082351326779
4,5,5,0, 0.036220344256
4,5,5,1, 0.060197932252
4,5,5,4, 0.052368518483
4,5,5,5, 0.167609915916
4,5,5,6, 0.101838936089
4,5,5,9,-0.041840370810
4,5,6,0, 0.055955483576
4,5,6,1, 0.081870860371
4,5,6,4, 0.045821977680
4,5,6,5, 0.101838936089
4,5,6,6, 0.112020811367
4,5,6,9,-0.030709497820
4,5,7,2, 0.018027608680
4,5,7,7, 0.150597270669
4,5,8,3, 0.018027608680
4,5,8,8, 0.150597270669
4,5,9,0,-0.051166435973
4,5,9,1,-0.045728249963
4,5,9,4,-0.082351326779
4,5,9,5,-0.041840370810
4,5,9,6,-0.030709497820
4,5,9,9, 0.171314209684
4,6,0,0, 0.116670561723
4,6,0,1, 0.073192011457
4,6,0,4, 0.056756382679
4,6,0,5, 0.031618772849
4,6,0,6, 0.047783793373
4,6,0,9,-0.045728249963
4,6,1,0, 0.073192011457
4,6,1,1, 0.084096757893
4,6,1,4, 0.041372507496
4,6,1,5, 0.050616572199
4,6,1,6, 0.069121661441
4,6,1,9,-0.040438919798
4,6,2,2, 0.108035511137
4,6,2,7, 0.016159539837
4,6,3,3, 0.108035511137
4,6,3,8, 0.016159539837
4,6,4,0, 0.056756382679
4,6,4,1, 0.041372507496
4,6,4,4, 0.122510678497
4,6,4,5, 0.045821977680
4,6,4,6, 0.044370340738
4,6,4,9,-0.073116758998
4,6,5,0, 0.031618772849
4,6,5,1, 0.050616572199
4,6,5,4, 0.045821977680
4,6,5,5, 0.133676404981
4,6,5,6, 0.083851161872
4,6,5,9,-0.035937775374
4,6,6,0, 0.047783793373
4,6,6,1, 0.069121661441
4,6,6,4, 0.044370340738
4,6,6,5, 0.083851161872
4,6,6,6, 0.094622623695
4,6,6,9,-0.027885937889
4,6,7,2, 0.016159539837
4,6,7,7, 0.123197516683
4,6,8,3, 0.016159539837
4,6,8,8, 0.123197516683
4,6,9,0,-0.045728249963
4,6,9,1,-0.040438919798
4,6,9,4,-0.073116758998
4,6,9,5,-0.035937775374
4,6,9,6,-0.027885937889
4,6,9,9, 0.142016702626
4,7,0,2, 0.013067798272
4,7,0,7, 0.004805308578
4,7,1,2, 0.010382404259
4,7,1,7, 0.009610440464
4,7,2,0, 0.013067798272
4,7,2,1, 0.010382404259
4,7,2,4, 0.008559032658
4,7,2,5, 0.004289628958
4,7,2,6, 0.007109545439
4,7,2,9,-0.006465310347
4,7,4,2, 0.008559032658
4,7,4,7, 0.007348888814
4,7,5,2, 0.004289628958
4,7,5,7, 0.021595610539
4,7,6,2, 0.007109545439
4,7,6,7, 0.015531125541
4,7,7,0, 0.004805308578
4,7,7,1, 0.009610440464
4,7,7,4, 0.007348888814
4,7,7,5, 0.021595610539
4,7,7,6, 0.015531125541
4,7,7,9,-0.010784152894
4,7,9,2,-0.006465310347
4,7,9,7,-0.010784152894
4,8,0,3, 0.013067798272
4,8,0,8, 0.004805308578
4,8,1,3, 0.010382404259
4,8,1,8, 0.009610440464
4,8,3,0, 0.013067798272
4,8,3,1, 0.010382404259
4,8,3,4, 0.008559032658
4,8,3,5, 0.004289628958
4,8,3,6, 0.007109545439
4,8,3,9,-0.006465310347
4,8,4,3, 0.008559032658
4,8,4,8, 0.007348888814
4,8,5,3, 0.004289628958
4,8,5,8, 0.021595610539
4,8,6,3, 0.007109545439
4,8,6,8, 0.015531125541
4,8,8,0, 0.004805308578
4,8,8,1, 0.009610440464
4,8,8,4, 0.007348888814
4,8,8,5, 0.021595610539
4,8,8,6, 0.015531125541
4,8,8,9,-0.010784152894
4,8,9,3,-0.006465310347
4,8,9,8,-0.010784152894
4,9,0,0,-0.235740581038
4,9,0,1,-0.146610082018
4,9,0,4,-0.070417894658
4,9,0,5,-0.056752426292
4,9,0,6,-0.089194929805
4,9,0,9, 0.082351326779
4,9,1,0,-0.146610082018
4,9,1,1,-0.165018384935
4,9,1,4,-0.052544036652
4,9,1,5,-0.089194929805
4,9,1,6,-0.124658879402
4,9,1,9, 0.073116758998
4,9,2,2,-0.213439460779
4,9,2,7,-0.028203185552
4,9,3,3,-0.213439460779
4,9,3,8,-0.028203185552
4,9,4,0,-0.070417894658
4,9,4,1,-0.052544036652
4,9,4,4,-0.255391462494
4,9,4,5,-0.082351326779
4,9,4,6,-0.073116758998
4,9,4,9, 0.132523657020
4,9,5,0,-0.056752426292
4,9,5,1,-0.089194929805
4,9,5,4,-0.082351326779
4,9,5,5,-0.235740581038
4,9,5,6,-0.146610082018
4,9,5,9, 0.070417894658
4,9,6,0,-0.089194929805
4,9,6,1,-0.124658879402
4,9,6,4,-0.073116758998
4,9,6,5,-0.146610082018
4,9,6,6,-0.165018384935
4,9,6,9, 0.052544036652
4,9,7,2,-0.028203185552
4,9,7,7,-0.213439460779
4,9,8,3,-0.028203185552
4,9,8,8,-0.213439460779
4,9,9,0, 0.082351326779
4,9,9,1, 0.073116758998
4,9,9,4, 0.132523657020
4,9,9,5, 0.070417894658
4,9,9,6, 0.052544036652
4,9,9,9,-0.255391462494
5,0,0,0, 0.118215971307
5,0,0,1, 0.072792013853
5,0,0,4, 0.025810549616
5,0,0,5, 0.025903271957
5,0,0,6, 0.042896392036
5,0,0,9,-0.036220344256
5,0,1,0, 0.072792013853
5,0,1,1, 0.082607504811
5,0,1,4, 0.019759156400
5,0,1,5, 0.042896392036
5,0,1,6, 0.061458779730
5,0,1,9,-0.031618772849
5,0,2,2, 0.107832851462
5,0,2,7, 0.012908244513
5,0,3,3, 0.107832851462
5,0,3,8, 0.012908244513
5,0,4,0, 0.025810549616
5,0,4,1, 0.019759156400
5,0,4,4, 0.119319069862
5,0,4,5, 0.036220344256
5,0,4,6, 0.031618772849
5,0,4,9,-0.056752426292
5,0,5,0, 0.025903271957
5,0,5,1, 0.042896392036
5,0,5,4, 0.036220344256
5,0,5,5, 0.118215971307
5,0,5,6, 0.072792013853
5,0,5,9,-0.025810549616
5,0,6,0, 0.042896392036
5,0,6,1, 0.061458779730
5,0,6,4, 0.031618772849
5,0,6,5, 0.072792013853
5,0,6,6, 0.082607504811
5,0,6,9,-0.019759156400
5,0,7,2, 0.012908244513
5,0,7,7, 0.107832851462
5,0,8,3, 0.012908244513
5,0,8,8, 0.107832851462
5,0,9,0,-0.036220344256
5,0,9,1,-0.031618772849
5,0,9,4,-0.056752426292
5,0,9,5,-0.025810549616
5,0,9,6,-0.019759156400
5,0,9,9, 0.119319069862
5,1,0,0, 0.166038609135
5,1,0,1, 0.108767202104
5,1,0,4, 0.036227737590
5,1,0,5, 0.042896392036
5,1,0,6, 0.066275240680
5,1,0,9,-0.055955483576
5,1,1,0, 0.108767202104
5,1,1,1, 0.137796293055
5,1,1,4, 0.030750153510
5,1,1,5, 0.083871397546
5,1,1,6, 0.111998574891
5,1,1,9,-0.047783793373
5,1,2,2, 0.157774983706
5,1,2,7, 0.021546104927
5,1,3,3, 0.157774983706
5,1,3,8, 0.021546104927
5,1,4,0, 0.036227737590
5,1,4,1, 0.030750153510
5,1,4,4, 0.174708051344
5,1,4,5, 0.060197932252
5,1,4,6, 0.050616572199
5,1,4,9,-0.089194929805
5,1,5,0, 0.042896392036
5,1,5,1, 0.083871397546
5,1,5,4, 0.060197932252
5,1,5,5, 0.258210560608
5,1,5,6, 0.154847767949
5,1,5,9,-0.021102707162
5,1,6,0, 0.066275240680
5,1,6,1, 0.111998574891
5,1,6,4, 0.050616572199
5,1,6,5, 0.154847767949
5,1,6,6, 0.169519460867
5,1,6,9,-0.015918493762
5,1,7,2, 0.021546104927
5,1,7,7, 0.237145614773
5,1,8,3, 0.021546104927
5,1,8,8, 0.237145614773
5,1,9,0,-0.055955483576
5,1,9,1,-0.047783793373
5,1,9,4,-0.089194929805
5,1,9,5,-0.021102707162
5,1,9,6,-0.015918493762
5,1,9,9, 0.240266887406
5,2,0,2, 0.015632752935
5,2,0,7, 0.002910355299
5,2,1,2, 0.011356736236
5,2,1,7, 0.005157956339
5,2,2,0, 0.015632752935
5,2,2,1, 0.011356736236
5,2,2,4, 0.006483562573
5,2,2,5, 0.003229026802
5,2,2,6, 0.006828544539
5,2,2,9,-0.004805308578
5,2,4,2, 0.006483562573
5,2,4,7, 0.004289628958
5,2,5,2, 0.003229026802
5,2,5,7, 0.009970621166
5,2,6,2, 0.006828544539
5,2,6,7, 0.007803473154
5,2,7,0, 0.002910355299
5,2,7,1, 0.005157956339
5,2,7,4, 0.004289628958
5,2,7,5, 0.009970621166
5,2,7,6, 0.007803473154
5,2,7,9,-0.005613390326
5,2,9,2,-0.004805308578
5,2,9,7,-0.005613390326
5,3,0,3, 0.015632752935
5,3,0,8, 0.002910355299
5,3,1,3, 0.011356736236
5,3,1,8, 0.005157956339
5,3,3,0, 0.015632752935
5,3,3,1, 0.011356736236
5,3,3,4, 0.006483562573
5,3,3,5, 0.003229026802
5,3,3,6, 0.006828544539
5,3,3,9,-0.004805308578
5,3,4,3, 0.006483562573
5,3,4,8, 0.004289628958
5,3,5,3, 0.003229026802
5,3,5,8, 0.009970621166
5,3,6,3, 0.006828544539
5,3,6,8, 0.007803473154
5,3,8,0, 0.002910355299
5,3,8,1, 0.005157956339
5,3,8,4, 0.004289628958
5,3,8,5, 0.009970621166
5,3,8,6, 0.007803473154
5,3,8,9,-0.005613390326
5,3,9,3,-0.004805308578
5,3,9,8,-0.005613390326
5,4,0,0, 0.144689711923
5,4,0,1, 0.091318587606
5,4,0,4, 0.042253894849
5,4,0,5, 0.036220344256
5,4,0,6, 0.055955483576
5,4,0,9,-0.051166435973
5,4,1,0, 0.091318587606
5,4,1,1, 0.105843164280
5,4,1,4, 0.032415533128
5,4,1,5, 0.060197932252
5,4,1,6, 0.081870860371
5,4,1,9,-0.045728249963
5,4,2,2, 0.132711692406
5,4,2,7, 0.018027608680
5,4,3,3, 0.132711692406
5,4,3,8, 0.018027608680
5,4,4,0, 0.042253894849
5,4,4,1, 0.032415533128
5,4,4,4, 0.156257513657
5,4,4,5, 0.052368518483
5,4,4,6, 0.045821977680
5,4,4,9,-0.082351326779
5,4,5,0, 0.036220344256
5,4,5,1, 0.060197932252
5,4,5,4, 0.052368518483
5,4,5,5, 0.167609915916
5,4,5,6, 0.101838936089
5,4,5,9,-0.041840370810
5,4,6,0, 0.055955483576
5,4,6,1, 0.081870860371
5,4,6,4, 0.045821977680
5,4,6,5, 0.101838936089
5,4,6,6, 0.112020811367
5,4,6,9,-0.030709497820
5,4,7,2, 0.018027608680
5,4,7,7, 0.150597270669
5,4,8,3, 0.018027608680
5,4,8,8, 0.150597270669
5,4,9,0,-0.051166435973
5,4,9,1,-0.045728249963
5,4,9,4,-0.082351326779
5,4,9,5,-0.041840370810
5,4,9,6,-0.030709497820
5,4,9,9, 0.171314209684
5,5,0,0, 0.390238717454
5,5,0,1, 0.262942908612
5,5,0,4, 0.091689603175
5,5,0,5, 0.118215971307
5,5,0,6, 0.166038609135
5,5,0,9,-0.144689711923
5,5,1,0, 0.262942908612
5,5,1,1, 0.351601363488
5,5,1,4, 0.082215624829
5,5,1,5, 0.258210560608
5,5,1,6, 0.308347782062
5,5,1,9,-0.116670561723
5,5,2,2, 0.371657201060
5,5,2,7, 0.056885517744
5,5,3,3, 0.371657201060
5,5,3,8, 0.056885517744
5,5,4,0, 0.091689603175
5,5,4,1, 0.082215624829
5,5,4,4, 0.425066901216
5,5,4,5, 0.167609915916
5,5,4,6, 0.133676404981
5,5,4,9,-0.235740581038
5,5,5,0, 0.118215971307
5,5,5,1, 0.258210560608
5,5,5,4, 0.167609915916
5,5,5,5, 0.897251802255
5,5,5,6, 0.504699283325
5,5,6,0, 0.166038609135
5,5,6,1, 0.308347782062
5,5,6,4, 0.133676404981
5,5,6,5, 0.504699283325
5,5,6,6, 0.507364877272
5,5,7,2, 0.056885517744
5,5,7,7, 0.775037038942
5,5,8,3, 0.056885517744
5,5,8,8, 0.775037038942
5,5,9,0,-0.144689711923
5,5,9,1,-0.116670561723
5,5,9,4,-0.235740581038
5,5,9,9, 0.775037038942
5,6,0,0, 0.262942908612
5,6,0,1, 0.175958612564
5,6,0,4, 0.056562627065
5,6,0,5, 0.072792013853
5,6,0,6, 0.108767202104
5,6,0,9,-0.091318587606
5,6,1,0, 0.175958612564
5,6,1,1, 0.233831500694
5,6,1,4, 0.049931066585
5,6,1,5, 0.154847767949
5,6,1,6, 0.199504045061
5,6,1,9,-0.073192011457
5,6,2,2, 0.251998058516
5,6,2,7, 0.036206290716
5,6,3,3, 0.251998058516
5,6,3,8, 0.036206290716
5,6,4,0, 0.056562627065
5,6,4,1, 0.049931066585
5,6,4,4, 0.280177134393
5,6,4,5, 0.101838936089
5,6,4,6, 0.083851161872
5,6,4,9,-0.146610082018
5,6,5,0, 0.072792013853
5,6,5,1, 0.154847767949
5,6,5,4, 0.101838936089
5,6,5,5, 0.504699283325
5,6,5,6, 0.300015949963
5,6,6,0, 0.108767202104
5,6,6,1, 0.199504045061
5,6,6,4, 0.083851161872
5,6,6,5, 0.300015949963
5,6,6,6, 0.324022459289
5,6,7,2, 0.036206290716
5,6,7,7, 0.462081934851
5,6,8,3, 0.036206290716
5,6,8,8, 0.462081934851
5,6,9,0,-0.091318587606
5,6,9,1,-0.073192011457
5,6,9,4,-0.146610082018
5,6,9,9, 0.462081934851
5,7,0,2, 0.022993317154
5,7,0,7, 0.015632752935
5,7,1,2, 0.020616215797
5,7,1,7, 0.049584258184
5,7,2,0, 0.022993317154
5,7,2,1, 0.020616215797
5,7,2,4, 0.013621623741
5,7,2,5, 0.009970621166
5,7,2,6, 0.014907883208
5,7,2,9,-0.013067798272
5,7,4,2, 0.013621623741
5,7,4,7, 0.021595610539
5,7,5,2, 0.009970621166
5,7,5,7, 0.152608082603
5,7,6,2, 0.014907883208
5,7,6,7, 0.101353944495
5,7,7,0, 0.015632752935
5,7,7,1, 0.049584258184
5,7,7,4, 0.021595610539
5,7,7,5, 0.152608082603
5,7,7,6, 0.101353944495
5,7,9,2,-0.013067798272
5,8,0,3, 0.022993317154
5,8,0,8, 0.015632752935
5,8,1,3, 0.020616215797
5,8,1,8, 0.049584258184
5,8,3,0, 0.022993317154
5,8,3,1, 0.020616215797
5,8,3,4, 0.013621623741
5,8,3,5, 0.009970621166
5,8,3,6, 0.014907883208
5,8,3,9,-0.013067798272
5,8,4,3, 0.013621623741
5,8,4,8, 0.021595610539
5,8,5,3, 0.009970621166
5,8,5,8, 0.152608082603
5,8,6,3, 0.014907883208
5,8,6,8, 0.101353944495
5,8,8,0, 0.015632752935
5,8,8,1, 0.049584258184
5,8,8,4, 0.021595610539
5,8,8,5, 0.152608082603
5,8,8,6, 0.101353944495
5,8,9,3,-0.013067798272
5,9,0,0,-0.091689603175
5,9,0,1,-0.056562627065
5,9,0,4,-0.037968315670
5,9,0,5,-0.025810549616
5,9,0,6,-0.036227737590
5,9,0,9, 0.042253894849
5,9,1,0,-0.056562627065
5,9,1,1,-0.053462161529
5,9,1,4,-0.029685020630
5,9,1,5,-0.021102707162
5,9,1,6,-0.030814075874
5,9,1,9, 0.056756382679
5,9,2,2,-0.080411365519
5,9,2,7,-0.013067798272
5,9,3,3,-0.080411365519
5,9,3,8,-0.013067798272
5,9,4,0,-0.037968315670
5,9,4,1,-0.029685020630
5,9,4,4,-0.109282153198
5,9,4,5,-0.041840370810
5,9,4,6,-0.035937775374
5,9,4,9, 0.070417894658
5,9,5,0,-0.025810549616
5,9,5,1,-0.021102707162
5,9,5,4,-0.041840370810
5,9,5,9, 0.152608082603
5,9,6,0,-0.036227737590
5,9,6,1,-0.030814075874
5,9,6,4,-0.035937775374
5,9,6,9, 0.101353944495
5,9,7,2,-0.013067798272
5,9,8,3,-0.013067798272
5,9,9,0, 0.042253894849
5,9,9,1, 0.056756382679
5,9,9,4, 0.070417894658
5,9,9,5, 0.152608082603
5,9,9,6, 0.101353944495
6,0,0,0, 0.258210560608
6,0,0,1, 0.154847767949
6,0,0,4, 0.021102707162
6,0,0,5, 0.042896392036
6,0,0,6, 0.083871397546
6,0,0,9,-0.060197932252
6,0,1,0, 0.154847767949
6,0,1,1, 0.169519460867
6,0,1,4, 0.015918493762
6,0,1,5, 0.066275240680
6,0,1,6, 0.111998574891
6,0,1,9,-0.050616572199
6,0,2,2, 0.237145614773
6,0,2,7, 0.021546104927
6,0,3,3, 0.237145614773
6,0,3,8, 0.021546104927
6,0,4,0, 0.021102707162
6,0,4,1, 0.015918493762
6,0,4,4, 0.240266887406
6,0,4,5, 0.055955483576
6,0,4,6, 0.047783793373
6,0,4,9,-0.089194929805
6,0,5,0, 0.042896392036
6,0,5,1, 0.066275240680
6,0,5,4, 0.055955483576
6,0,5,5, 0.166038609135
6,0,5,6, 0.108767202104
6,0,5,9,-0.036227737590
6,0,6,0, 0.083871397546
6,0,6,1, 0.111998574891
6,0,6,4, 0.047783793373
6,0,6,5, 0.108767202104
6,0,6,6, 0.137796293055
6,0,6,9,-0.030750153510
6,0,7,2, 0.021546104927
6,0,7,7, 0.157774983706
6,0,8,3, 0.021546104927
6,0,8,8, 0.157774983706
6,0,9,0,-0.060197932252
6,0,9,1,-0.050616572199
6,0,9,4,-0.089194929805
6,0,9,5,-0.036227737590
6,0,9,6,-0.030750153510
6,0,9,9, 0.174708051344
6,1,0,0, 0.308347782062
6,1,0,1, 0.199504045061
6,1,0,4, 0.030814075874
6,1,0,5, 0.061458779730
6,1,0,6, 0.111998574891
6,1,0,9,-0.081870860371
6,1,1,0, 0.199504045061
6,1,1,1, 0.249443020819
6,1,1,4, 0.026210701296
6,1,1,5, 0.111998574891
6,1,1,6, 0.179392330790
6,1,1,9,-0.069121661441
6,1,2,2, 0.298870443928
6,1,2,7, 0.031749874221
6,1,3,3, 0.298870443928
6,1,3,8, 0.031749874221
6,1,4,0, 0.030814075874
6,1,4,1, 0.026210701296
6,1,4,4, 0.304182740032
6,1,4,5, 0.081870860371
6,1,4,6, 0.069121661441
6,1,4,9,-0.124658879402
6,1,5,0, 0.061458779730
6,1,5,1, 0.111998574891
6,1,5,4, 0.081870860371
6,1,5,5, 0.308347782062
6,1,5,6, 0.199504045061
6,1,5,9,-0.030814075874
6,1,6,0, 0.111998574891
6,1,6,1, 0.179392330790
6,1,6,4, 0.069121661441
6,1,6,5, 0.199504045061
6,1,6,6, 0.249443020819
6,1,6,9,-0.026210701296
6,1,7,2, 0.031749874221
6,1,7,7, 0.298870443928
6,1,8,3, 0.031749874221
6,1,8,8, 0.298870443928
6,1,9,0,-0.081870860371
6,1,9,1,-0.069121661441
6,1,9,4,-0.124658879402
6,1,9,5,-0.030814075874
6,1,9,6,-0.026210701296
6,1,9,9, 0.304182740032
6,2,0,2, 0.049584258184
6,2,0,7, 0.005157956339
6,2,1,2, 0.035703325792
6,2,1,7, 0.008748779018
6,2,2,0, 0.049584258184
6,2,2,1, 0.035703325792
6,2,2,4, 0.006812928097
6,2,2,5, 0.006828544539
6,2,2,6, 0.018822905366
6,2,2,9,-0.009610440464
6,2,4,2, 0.006812928097
6,2,4,7, 0.007109545439
6,2,5,2, 0.006828544539
6,2,5,7, 0.014907883208
6,2,6,2, 0.018822905366
6,2,6,7, 0.012771418830
6,2,7,0, 0.005157956339
6,2,7,1, 0.008748779018
6,2,7,4, 0.007109545439
6,2,7,5, 0.014907883208
6,2,7,6, 0.012771418830
6,2,7,9,-0.008219143601
6,2,9,2,-0.009610440464
6,2,9,7,-0.008219143601
6,3,0,3, 0.049584258184
6,3,0,8, 0.005157956339
6,3,1,3, 0.035703325792
6,3,1,8, 0.008748779018
6,3,3,0, 0.049584258184
6,3,3,1, 0.035703325792
6,3,3,4, 0.006812928097
6,3,3,5, 0.006828544539
6,3,3,6, 0.018822905366
6,3,3,9,-0.009610440464
6,3,4,3, 0.006812928097
6,3,4,8, 0.007109545439
6,3,5,3, 0.006828544539
6,3,5,8, 0.014907883208
6,3,6,3, 0.018822905366
6,3,6,8, 0.012771418830
6,3,8,0, 0.005157956339
6,3,8,1, 0.008748779018
6,3,8,4, 0.007109545439
6,3,8,5, 0.014907883208
6,3,8,6, 0.012771418830
6,3,8,9,-0.008219143601
6,3,9,3,-0.009610440464
6,3,9,8,-0.008219143601
6,4,0,0, 0.116670561723
6,4,0,1, 0.073192011457
6,4,0,4, 0.056756382679
6,4,0,5, 0.031618772849
6,4,0,6, 0.047783793373
6,4,0,9,-0.045728249963
6,4,1,0, 0.073192011457
6,4,1,1, 0.084096757893
6,4,1,4, 0.041372507496
6,4,1,5, 0.050616572199
6,4,1,6, 0.069121661441
6,4,1,9,-0.040438919798
6,4,2,2, 0.108035511137
6,4,2,7, 0.016159539837
6,4,3,3, 0.108035511137
6,4,3,8, 0.016159539837
6,4,4,0, 0.056756382679
6,4,4,1, 0.041372507496
6,4,4,4, 0.122510678497
6,4,4,5, 0.045821977680
6,4,4,6, 0.044370340738
6,4,4,9,-0.073116758998
6,4,5,0, 0.031618772849
6,4,5,1, 0.050616572199
6,4,5,4, 0.045821977680
6,4,5,5, 0.133676404981
6,4,5,6, 0.083851161872
6,4,5,9,-0.035937775374
6,4,6,0, 0.047783793373
6,4,6,1, 0.069121661441
6,4,6,4, 0.044370340738
6,4,6,5, 0.083851161872
6,4,6,6, 0.094622623695
6,4,6,9,-0.027885937889
6,4,7,2, 0.016159539837
6,4,7,7, 0.123197516683
6,4,8,3, 0.016159539837
6,4,8,8, 0.123197516683
6,4,9,0,-0.045728249963
6,4,9,1,-0.040438919798
6,4,9,4,-0.073116758998
6,4,9,5,-0.035937775374
6,4,9,6,-0.027885937889
6,4,9,9, 0.142016702626
6,5,0,0, 0.262942908612
6,5,0,1, 0.175958612564
6,5,0,4, 0.056562627065
6,5,0,5, 0.072792013853
6,5,0,6, 0.108767202104
6,5,0,9,-0.091318587606
6,5,1,0, 0.175958612564
6,5,1,1, 0.233831500694
6,5,1,4, 0.049931066585
6,5,1,5, 0.154847767949
6,5,1,6, 0.199504045061
6,5,1,9,-0.073192011457
6,5,2,2, 0.251998058516
6,5,2,7, 0.036206290716
6,5,3,3, 0.251998058516
6,5,3,8, 0.036206290716
6,5,4,0, 0.056562627065
6,5,4,1, 0.049931066585
6,5,4,4, 0.280177134393
6,5,4,5, 0.101838936089
6,5,4,6, 0.083851161872
6,5,4,9,-0.146610082018
6,5,5,0, 0.072792013853
6,5,5,1, 0.154847767949
6,5,5,4, 0.101838936089
6,5,5,5, 0.504699283325
6,5,5,6, 0.300015949963
6,5,6,0, 0.108767202104
6,5,6,1, 0.199504045061
6,5,6,4, 0.083851161872
6,5,6,5, 0.300015949963
6,5,6,6, 0.324022459289
6,5,7,2, 0.036206290716
6,5,7,7, 0.462081934851
6,5,8,3, 0.036206290716
6,5,8,8, 0.462081934851
6,5,9,0,-0.091318587606
6,5,9,1,-0.073192011457
6,5,9,4,-0.146610082018
6,5,9,9, 0.462081934851
6,6,0,0, 0.351601363488
6,6,0,1, 0.233831500694
6,6,0,4, 0.053462161529
6,6,0,5, 0.082607504811
6,6,0,6, 0.137796293055
6,6,0,9,-0.105843164280
6,6,1,0, 0.233831500694
6,6,1,1, 0.311181296010
6,6,1,4, 0.047089409143
6,6,1,5, 0.169519460867
6,6,1,6, 0.249443020819
6,6,1,9,-0.084096757893
6,6,2,2, 0.342361133637
6,6,2,7, 0.042453152829
6,6,3,3, 0.342361133637
6,6,3,8, 0.042453152829
6,6,4,0, 0.053462161529
6,6,4,1, 0.047089409143
6,6,4,4, 0.358305217511
6,6,4,5, 0.112020811367
6,6,4,6, 0.094622623695
6,6,4,9,-0.165018384935
6,6,5,0, 0.082607504811
6,6,5,1, 0.169519460867
6,6,5,4, 0.112020811367
6,6,5,5, 0.507364877272
6,6,5,6, 0.324022459289
6,6,6,0, 0.137796293055
6,6,6,1, 0.249443020819
6,6,6,4, 0.094622623695
6,6,6,5, 0.324022459289
6,6,6,6, 0.394125899248
6,6,7,2, 0.042453152829
6,6,7,7, 0.491073083906
6,6,8,3, 0.042453152829
6,6,8,8, 0.491073083906
6,6,9,0,-0.105843164280
6,6,9,1,-0.084096757893
6,6,9,4,-0.165018384935
6,6,9,9, 0.491073083906
6,7,0,2, 0.020616215797
6,7,0,7, 0.011356736236
6,7,1,2, 0.018277911764
6,7,1,7, 0.035703325792
6,7,2,0, 0.020616215797
6,7,2,1, 0.018277911764
6,7,2,4, 0.011307590039
6,7,2,5, 0.007803473154
6,7,2,6, 0.012771418830
6,7,2,9,-0.010382404259
6,7,4,2, 0.011307590039
6,7,4,7, 0.015531125541
6,7,5,2, 0.007803473154
6,7,5,7, 0.101353944495
6,7,6,2, 0.012771418830
6,7,6,7, 0.072461555243
6,7,7,0, 0.011356736236
6,7,7,1, 0.035703325792
6,7,7,4, 0.015531125541
6,7,7,5, 0.101353944495
6,7,7,6, 0.072461555243
6,7,9,2,-0.010382404259
6,8,0,3, 0.020616215797
6,8,0,8, 0.011356736236
6,8,1,3, 0.018277911764
6,8,1,8, 0.035703325792
6,8,3,0, 0.020616215797
6,8,3,1, 0.018277911764
6,8,3,4, 0.011307590039
6,8,3,5, 0.007803473154
6,8,3,6, 0.012771418830
6,8,3,9,-0.010382404259
6,8,4,3, 0.011307590039
6,8,4,8, 0.015531125541
6,8,5,3, 0.007803473154
6,8,5,8, 0.101353944495
6,8,6,3, 0.012771418830
6,8,6,8, 0.072461555243
6,8,8,0, 0.011356736236
6,8,8,1, 0.035703325792
6,8,8,4, 0.015531125541
6,8,8,5, 0.101353944495
6,8,8,6, 0.072461555243
6,8,9,3,-0.010382404259
6,9,0,0,-0.082215624829
6,9,0,1,-0.049931066585
6,9,0,4,-0.029685020630
6,9,0,5,-0.019759156400
6,9,0,6,-0.030750153510
6,9,0,9, 0.032415533128
6,9,1,0,-0.049931066585
6,9,1,1,-0.047089409143
6,9,1,4,-0.022501019833
6,9,1,5,-0.015918493762
6,9,1,6,-0.026210701296
6,9,1,9, 0.041372507496
6,9,2,2,-0.073340974176
6,9,2,7,-0.010382404259
6,9,3,3,-0.073340974176
6,9,3,8,-0.010382404259
6,9,4,0,-0.029685020630
6,9,4,1,-0.022501019833
6,9,4,4,-0.091853772248
6,9,4,5,-0.030709497820
6,9,4,6,-0.027885937889
6,9,4,9, 0.052544036652
6,9,5,0,-0.019759156400
6,9,5,1,-0.015918493762
6,9,5,4,-0.030709497820
6,9,5,9, 0.101353944495
6,9,6,0,-0.030750153510
6,9,6,1,-0.026210701296
6,9,6,4,-0.027885937889
6,9,6,9, 0.072461555243
6,9,7,2,-0.010382404259
6,9,8,3,-0.010382404259
6,9,9,0, 0.032415533128
6,9,9,1, 0.041372507496
6,9,9,4, 0.052544036652
6,9,9,5, 0.101353944495
6,9,9,6, 0.072461555243
7,0,0,2, 0.009970621166
7,0,0,7, 0.003229026802
7,0,1,2, 0.007803473154
7,0,1,7, 0.006828544539
7,0,2,0, 0.009970621166
7,0,2,1, 0.007803473154
7,0,2,4, 0.005613390326
7,0,2,5, 0.002910355299
7,0,2,6, 0.005157956339
7,0,2,9,-0.004289628958
7,0,4,2, 0.005613390326
7,0,4,7, 0.004805308578
7,0,5,2, 0.002910355299
7,0,5,7, 0.015632752935
7,0,6,2, 0.005157956339
7,0,6,7, 0.011356736236
7,0,7,0, 0.003229026802
7,0,7,1, 0.006828544539
7,0,7,4, 0.004805308578
7,0,7,5, 0.015632752935
7,0,7,6, 0.011356736236
7,0,7,9,-0.006483562573
7,0,9,2,-0.004289628958
7,0,9,7,-0.006483562573
7,1,0,2, 0.014907883208
7,1,0,7, 0.006828544539
7,1,1,2, 0.012771418830
7,1,1,7, 0.018822905366
7,1,2,0, 0.014907883208
7,1,2,1, 0.012771418830
7,1,2,4, 0.008219143601
7,1,2,5, 0.005157956339
7,1,2,6, 0.008748779018
7,1,2,9,-0.007109545439
7,1,4,2, 0.008219143601
7,1,4,7, 0.009610440464
7,1,5,2, 0.005157956339
7,1,5,7, 0.049584258184
7,1,6,2, 0.008748779018
7,1,6,7, 0.035703325792
7,1,7,0, 0.006828544539
7,1,7,1, 0.018822905366
7,1,7,4, 0.009610440464
7,1,7,5, 0.049584258184
7,1,7,6, 0.035703325792
7,1,7,9,-0.006812928097
7,1,9,2,-0.007109545439
7,1,9,7,-0.006812928097
7,2,0,0, 0.056885517744
7,2,0,1, 0.036206290716
7,2,0,4, 0.013067798272
7,2,0,5, 0.012908244513
7,2,0,6, 0.021546104927
7,2,0,9,-0.018027608680
7,2,1,0, 0.036206290716
7,2,1,1, 0.042453152829
7,2,1,4, 0.010382404259
7,2,1,5, 0.021546104927
7,2,1,6, 0.031749874221
7,2,1,9,-0.016159539837
7,2,2,2, 0.056199607870
7,2,2,7, 0.007215890816
7,2,3,3, 0.052075536677
7,2,3,8, 0.006332312348
7,2,4,0, 0.013067798272
7,2,4,1, 0.010382404259
7,2,4,4, 0.058572533739
7,2,4,5, 0.018027608680
7,2,4,6, 0.016159539837
7,2,4,9,-0.028203185552
7,2,5,0, 0.012908244513
7,2,5,1, 0.021546104927
7,2,5,4, 0.018027608680
7,2,5,5, 0.056885517744
7,2,5,6, 0.036206290716
7,2,5,9,-0.013067798272
7,2,6,0, 0.021546104927
7,2,6,1, 0.031749874221
7,2,6,4, 0.016159539837
7,2,6,5, 0.036206290716
7,2,6,6, 0.042453152829
7,2,6,9,-0.010382404259
7,2,7,2, 0.007215890816
7,2,7,7, 0.056199607870
7,2,8,3, 0.006332312348
7,2,8,8, 0.052075536677
7,2,9,0,-0.018027608680
7,2,9,1,-0.016159539837
7,2,9,4,-0.028203185552
7,2,9,5,-0.013067798272
7,2,9,6,-0.010382404259
7,2,9,9, 0.058572533739
7,3,2,3, 0.002062035596
7,3,2,8, 0.000441789234
7,3,3,2, 0.002062035596
7,3,3,7, 0.000441789234
7,3,7,3, 0.000441789234
7,3,7,8, 0.002062035596
7,3,8,2, 0.000441789234
7,3,8,7, 0.002062035596
7,4,0,2, 0.013067798272
7,4,0,7, 0.004805308578
7,4,1,2, 0.010382404259
7,4,1,7, 0.009610440464
7,4,2,0, 0.013067798272
7,4,2,1, 0.010382404259
7,4,2,4, 0.008559032658
7,4,2,5, 0.004289628958
7,4,2,6, 0.007109545439
7,4,2,9,-0.006465310347
7,4,4,2, 0.008559032658
7,4,4,7, 0.007348888814
7,4,5,2, 0.004289628958
7,4,5,7, 0.021595610539
7,4,6,2, 0.007109545439
7,4,6,7, 0.015531125541
7,4,7,0, 0.004805308578
7,4,7,1, 0.009610440464
7,4,7,4, 0.007348888814
7,4,7,5, 0.021595610539
7,4,7,6, 0.015531125541
7,4,7,9,-0.010784152894
7,4,9,2,-0.006465310347
7,4,9,7,-0.010784152894
7,5,0,2, 0.022993317154
7,5,0,7, 0.015632752935
7,5,1,2, 0.020616215797
7,5,1,7, 0.049584258184
7,5,2,0, 0.022993317154
7,5,2,1, 0.020616215797
7,5,2,4, 0.013621623741
7,5,2,5, 0.009970621166
7,5,2,6, 0.014907883208
7,5,2,9,-0.013067798272
7,5,4,2, 0.013621623741
7,5,4,7, 0.021595610539
7,5,5,2, 0.009970621166
7,5,5,7, 0.152608082603
7,5,6,2, 0.014907883208
7,5,6,7, 0.101353944495
7,5,7,0, 0.015632752935
7,5,7,1, 0.049584258184
7,5,7,4, 0.021595610539
7,5,7,5, 0.152608082603
7,5,7,6, 0.101353944495
7,5,9,2,-0.013067798272
7,6,0,2, 0.020616215797
7,6,0,7, 0.011356736236
7,6,1,2, 0.018277911764
7,6,1,7, 0.035703325792
7,6,2,0, 0.020616215797
7,6,2,1, 0.018277911764
7,6,2,4, 0.011307590039
7,6,2,5, 0.007803473154
7,6,2,6, 0.012771418830
7,6,2,9,-0.010382404259
7,6,4,2, 0.011307590039
7,6,4,7, 0.015531125541
7,6,5,2, 0.007803473154
7,6,5,7, 0.101353944495
7,6,6,2, 0.012771418830
7,6,6,7, 0.072461555243
7,6,7,0, 0.011356736236
7,6,7,1, 0.035703325792
7,6,7,4, 0.015531125541
7,6,7,5, 0.101353944495
7,6,7,6, 0.072461555243
7,6,9,2,-0.010382404259
7,7,0,0, 0.371657201060
7,7,0,1, 0.251998058516
7,7,0,4, 0.080411365519
7,7,0,5, 0.107832851462
7,7,0,6, 0.157774983706
7,7,0,9,-0.132711692406
7,7,1,0, 0.251998058516
7,7,1,1, 0.342361133637
7,7,1,4, 0.073340974176
7,7,1,5, 0.237145614773
7,7,1,6, 0.298870443928
7,7,1,9,-0.108035511137
7,7,2,2, 0.361014044301
7,7,2,7, 0.056199607870
7,7,3,3, 0.354939234513
7,7,3,8, 0.052075536677
7,7,4,0, 0.080411365519
7,7,4,1, 0.073340974176
7,7,4,4, 0.398946677280
7,7,4,5, 0.150597270669
7,7,4,6, 0.123197516683
7,7,4,9,-0.213439460779
7,7,5,0, 0.107832851462
7,7,5,1, 0.237145614773
7,7,5,4, 0.150597270669
7,7,5,5, 0.775037038942
7,7,5,6, 0.462081934851
7,7,6,0, 0.157774983706
7,7,6,1, 0.298870443928
7,7,6,4, 0.123197516683
7,7,6,5, 0.462081934851
7,7,6,6, 0.491073083906
7,7,7,2, 0.056199607870
7,7,7,7, 0.785718708997
7,7,8,3, 0.052075536677
7,7,8,8, 0.689508254834
7,7,9,0,-0.132711692406
7,7,9,1,-0.108035511137
7,7,9,4,-0.213439460779
7,7,9,9, 0.689508254834
7,8,2,3, 0.003037404894
7,8,2,8, 0.002062035596
7,8,3,2, 0.003037404894
7,8,3,7, 0.002062035596
7,8,7,3, 0.002062035596
7,8,7,8, 0.048105227081
7,8,8,2, 0.002062035596
7,8,8,7, 0.048105227081
7,9,0,2,-0.013621623741
7,9,0,7,-0.006483562573
7,9,1,2,-0.011307590039
7,9,1,7,-0.006812928097
7,9,2,0,-0.013621623741
7,9,2,1,-0.011307590039
7,9,2,4,-0.009940673407
7,9,2,5,-0.005613390326
7,9,2,6,-0.008219143601
7,9,2,9, 0.008559032658
7,9,4,2,-0.009940673407
7,9,4,7,-0.010784152894
7,9,5,2,-0.005613390326
7,9,6,2,-0.008219143601
7,9,7,0,-0.006483562573
7,9,7,1,-0.006812928097
7,9,7,4,-0.010784152894
7,9,7,9, 0.048105227081
7,9,9,2, 0.008559032658
7,9,9,7, 0.048105227081
8,0,0,3, 0.009970621166
8,0,0,8, 0.003229026802
8,0,1,3, 0.007803473154
8,0,1,8, 0.006828544539
8,0,3,0, 0.009970621166
8,0,3,1, 0.007803473154
8,0,3,4, 0.005613390326
8,0,3,5, 0.002910355299
8,0,3,6, 0.005157956339
8,0,3,9,-0.004289628958
8,0,4,3, 0.005613390326
8,0,4,8, 0.004805308578
8,0,5,3, 0.002910355299
8,0,5,8, 0.015632752935
8,0,6,3, 0.005157956339
8,0,6,8, 0.011356736236
8,0,8,0, 0.003229026802
8,0,8,1, 0.006828544539
8,0,8,4, 0.004805308578
8,0,8,5, 0.015632752935
8,0,8,6, 0.011356736236
8,0,8,9,-0.006483562573
8,0,9,3,-0.004289628958
8,0,9,8,-0.006483562573
8,1,0,3, 0.014907883208
8,1,0,8, 0.006828544539
8,1,1,3, 0.012771418830
8,1,1,8, 0.018822905366
8,1,3,0, 0.014907883208
8,1,3,1, 0.012771418830
8,1,3,4, 0.008219143601
8,1,3,5, 0.005157956339
8,1,3,6, 0.008748779018
8,1,3,9,-0.007109545439
8,1,4,3, 0.008219143601
8,1,4,8, 0.009610440464
8,1,5,3, 0.005157956339
8,1,5,8, 0.049584258184
8,1,6,3, 0.008748779018
8,1,6,8, 0.035703325792
8,1,8,0, 0.006828544539
8,1,8,1, 0.018822905366
8,1,8,4, 0.009610440464
8,1,8,5, 0.049584258184
8,1,8,6, 0.035703325792
8,1,8,9,-0.006812928097
8,1,9,3,-0.007109545439
8,1,9,8,-0.006812928097
8,2,2,3, 0.002062035596
8,2,2,8, 0.000441789234
8,2,3,2, 0.002062035596
8,2,3,7, 0.000441789234
8,2,7,3, 0.000441789234
8,2,7,8, 0.002062035596
8,2,8,2, 0.000441789234
8,2,8,7, 0.002062035596
8,3,0,0, 0.056885517744
8,3,0,1, 0.036206290716
8,3,0,4, 0.013067798272
8,3,0,5, 0.012908244513
8,3,0,6, 0.021546104927
8,3,0,9,-0.018027608680
8,3,1,0, 0.036206290716
8,3,1,1, 0.042453152829
8,3,1,4, 0.010382404259
8,3,1,5, 0.021546104927
8,3,1,6, 0.031749874221
8,3,1,9,-0.016159539837
8,3,2,2, 0.052075536677
8,3,2,7, 0.006332312348
8,3,3,3, 0.056199607870
8,3,3,8, 0.007215890816
8,3,4,0, 0.013067798272
8,3,4,1, 0.010382404259
8,3,4,4, 0.058572533739
8,3,4,5, 0.018027608680
8,3,4,6, 0.016159539837
8,3,4,9,-0.028203185552
8,3,5,0, 0.012908244513
8,3,5,1, 0.021546104927
8,3,5,4, 0.018027608680
8,3,5,5, 0.056885517744
8,3,5,6, 0.036206290716
8,3,5,9,-0.013067798272
8,3,6,0, 0.021546104927
8,3,6,1, 0.031749874221
8,3,6,4, 0.016159539837
8,3,6,5, 0.036206290716
8,3,6,6, 0.042453152829
8,3,6,9,-0.010382404259
8,3,7,2, 0.006332312348
8,3,7,7, 0.052075536677
8,3,8,3, 0.007215890816
8,3,8,8, 0.056199607870
8,3,9,0,-0.018027608680
8,3,9,1,-0.016159539837
8,3,9,4,-0.028203185552
8,3,9,5,-0.013067798272
8,3,9,6,-0.010382404259
8,3,9,9, 0.058572533739
8,4,0,3, 0.013067798272
8,4,0,8, 0.004805308578
8,4,1,3, 0.010382404259
8,4,1,8, 0.009610440464
8,4,3,0, 0.013067798272
8,4,3,1, 0.010382404259
8,4,3,4, 0.008559032658
8,4,3,5, 0.004289628958
8,4,3,6, 0.007109545439
8,4,3,9,-0.006465310347
8,4,4,3, 0.008559032658
8,4,4,8, 0.007348888814
8,4,5,3, 0.004289628958
8,4,5,8, 0.021595610539
8,4,6,3, 0.007109545439
8,4,6,8, 0.015531125541
8,4,8,0, 0.004805308578
8,4,8,1, 0.009610440464
8,4,8,4, 0.007348888814
8,4,8,5, 0.021595610539
8,4,8,6, 0.015531125541
8,4,8,9,-0.010784152894
8,4,9,3,-0.006465310347
8,4,9,8,-0.010784152894
8,5,0,3, 0.022993317154
8,5,0,8, 0.015632752935
8,5,1,3, 0.020616215797
8,5,1,8, 0.049584258184
8,5,3,0, 0.022993317154
8,5,3,1, 0.020616215797
8,5,3,4, 0.013621623741
8,5,3,5, 0.009970621166
8,5,3,6, 0.014907883208
8,5,3,9,-0.013067798272
8,5,4,3, 0.013621623741
8,5,4,8, 0.021595610539
8,5,5,3, 0.009970621166
8,5,5,8, 0.152608082603
8,5,6,3, 0.014907883208
8,5,6,8, 0.101353944495
8,5,8,0, 0.015632752935
8,5,8,1, 0.049584258184
8,5,8,4, 0.021595610539
8,5,8,5, 0.152608082603
8,5,8,6, 0.101353944495
8,5,9,3,-0.013067798272
8,6,0,3, 0.020616215797
8,6,0,8, 0.011356736236
8,6,1,3, 0.018277911764
8,6,1,8, 0.035703325792
8,6,3,0, 0.020616215797
8,6,3,1, 0.018277911764
8,6,3,4, 0.011307590039
8,6,3,5, 0.007803473154
8,6,3,6, 0.012771418830
8,6,3,9,-0.010382404259
8,6,4,3, 0.011307590039
8,6,4,8, 0.015531125541
8,6,5,3, 0.007803473154
8,6,5,8, 0.101353944495
8,6,6,3, 0.012771418830
8,6,6,8, 0.072461555243
8,6,8,0, 0.011356736236
8,6,8,1, 0.035703325792
8,6,8,4, 0.015531125541
8,6,8,5, 0.101353944495
8,6,8,6, 0.072461555243
8,6,9,3,-0.010382404259
8,7,2,3, 0.003037404894
8,7,2,8, 0.002062035596
8,7,3,2, 0.003037404894
8,7,3,7, 0.002062035596
8,7,7,3, 0.002062035596
8,7,7,8, 0.048105227081
8,7,8,2, 0.002062035596
8,7,8,7, 0.048105227081
8,8,0,0, 0.371657201060
8,8,0,1, 0.251998058516
8,8,0,4, 0.080411365519
8,8,0,5, 0.107832851462
8,8,0,6, 0.157774983706
8,8,0,9,-0.132711692406
8,8,1,0, 0.251998058516
8,8,1,1, 0.342361133637
8,8,1,4, 0.073340974176
8,8,1,5, 0.237145614773
8,8,1,6, 0.298870443928
8,8,1,9,-0.108035511137
8,8,2,2, 0.354939234513
8,8,2,7, 0.052075536677
8,8,3,3, 0.361014044301
8,8,3,8, 0.056199607870
8,8,4,0, 0.080411365519
8,8,4,1, 0.073340974176
8,8,4,4, 0.398946677280
8,8,4,5, 0.150597270669
8,8,4,6, 0.123197516683
8,8,4,9,-0.213439460779
8,8,5,0, 0.107832851462
8,8,5,1, 0.237145614773
8,8,5,4, 0.150597270669
8,8,5,5, 0.775037038942
8,8,5,6, 0.462081934851
8,8,6,0, 0.157774983706
8,8,6,1, 0.298870443928
8,8,6,4, 0.123197516683
8,8,6,5, 0.462081934851
8,8,6,6, 0.491073083906
8,8,7,2, 0.052075536677
8,8,7,7, 0.689508254834
8,8,8,3, 0.056199607870
8,8,8,8, 0.785718708997
8,8,9,0,-0.132711692406
8,8,9,1,-0.108035511137
8,8,9,4,-0.213439460779
8,8,9,9, 0.689508254834
8,9,0,3,-0.013621623741
8,9,0,8,-0.006483562573
8,9,1,3,-0.011307590039
8,9,1,8,-0.006812928097
8,9,3,0,-0.013621623741
8,9,3,1,-0.011307590039
8,9,3,4,-0.009940673407
8,9,3,5,-0.005613390326
8,9,3,6,-0.008219143601
8,9,3,9, 0.008559032658
8,9,4,3,-0.009940673407
8,9,4,8,-0.010784152894
8,9,5,3,-0.005613390326
8,9,6,3,-0.008219143601
8,9,8,0,-0.006483562573
8,9,8,1,-0.006812928097
8,9,8,4,-0.010784152894
8,9,8,9, 0.048105227081
8,9,9,3, 0.008559032658
8,9,9,8, 0.048105227081
9,0,0,0,-0.167609915916
9,0,0,1,-0.101838936089
9,0,0,4,-0.041840370810
9,0,0,5,-0.036220344256
9,0,0,6,-0.060197932252
9,0,0,9, 0.052368518483
9,0,1,0,-0.101838936089
9,0,1,1,-0.112020811367
9,0,1,4,-0.030709497820
9,0,1,5,-0.055955483576
9,0,1,6,-0.081870860371
9,0,1,9, 0.045821977680
9,0,2,2,-0.150597270669
9,0,2,7,-0.018027608680
9,0,3,3,-0.150597270669
9,0,3,8,-0.018027608680
9,0,4,0,-0.041840370810
9,0,4,1,-0.030709497820
9,0,4,4,-0.171314209684
9,0,4,5,-0.051166435973
9,0,4,6,-0.045728249963
9,0,4,9, 0.082351326779
9,0,5,0,-0.036220344256
9,0,5,1,-0.055955483576
9,0,5,4,-0.051166435973
9,0,5,5,-0.144689711923
9,0,5,6,-0.091318587606
9,0,5,9, 0.042253894849
9,0,6,0,-0.060197932252
9,0,6,1,-0.081870860371
9,0,6,4,-0.045728249963
9,0,6,5,-0.091318587606
9,0,6,6,-0.105843164280
9,0,6,9, 0.032415533128
9,0,7,2,-0.018027608680
9,0,7,7,-0.132711692406
9,0,8,3,-0.018027608680
9,0,8,8,-0.132711692406
9,0,9,0, 0.052368518483
9,0,9,1, 0.045821977680
9,0,9,4, 0.082351326779
9,0,9,5, 0.042253894849
9,0,9,6, 0.032415533128
9,0,9,9,-0.156257513657
9,1,0,0,-0.133676404981
9,1,0,1,-0.083851161872
9,1,0,4,-0.035937775374
9,1,0,5,-0.031618772849
9,1,0,6,-0.050616572199
9,1,0,9, 0.045821977680
9,1,1,0,-0.083851161872
9,1,1,1,-0.094622623695
9,1,1,4,-0.027885937889
9,1,1,5,-0.047783793373
9,1,1,6,-0.069121661441
9,1,1,9, 0.044370340738
9,1,2,2,-0.123197516683
9,1,2,7,-0.016159539837
9,1,3,3,-0.123197516683
9,1,3,8,-0.016159539837
9,1,4,0,-0.035937775374
9,1,4,1,-0.027885937889
9,1,4,4,-0.142016702626
9,1,4,5,-0.045728249963
9,1,4,6,-0.040438919798
9,1,4,9, 0.073116758998
9,1,5,0,-0.031618772849
9,1,5,1,-0.047783793373
9,1,5,4,-0.045728249963
9,1,5,5,-0.116670561723
9,1,5,6,-0.073192011457
9,1,5,9, 0.056756382679
9,1,6,0,-0.050616572199
9,1,6,1,-0.069121661441
9,1,6,4,-0.040438919798
9,1,6,5,-0.073192011457
9,1,6,6,-0.084096757893
9,1,6,9, 0.041372507496
9,1,7,2,-0.016159539837
9,1,7,7,-0.108035511137
9,1,8,3,-0.016159539837
9,1,8,8,-0.108035511137
9,1,9,0, 0.045821977680
9,1,9,1, 0.044370340738
9,1,9,4, 0.073116758998
9,1,9,5, 0.056756382679
9,1,9,6, 0.041372507496
9,1,9,9,-0.122510678497
9,2,0,2,-0.021595610539
9,2,0,7,-0.004289628958
9,2,1,2,-0.015531125541
9,2,1,7,-0.007109545439
9,2,2,0,-0.021595610539
9,2,2,1,-0.015531125541
9,2,2,4,-0.010784152894
9,2,2,5,-0.004805308578
9,2,2,6,-0.009610440464
9,2,2,9, 0.007348888814
9,2,4,2,-0.010784152894
9,2,4,7,-0.006465310347
9,2,5,2,-0.004805308578
9,2,5,7,-0.013067798272
9,2,6,2,-0.009610440464
9,2,6,7,-0.010382404259
9,2,7,0,-0.004289628958
9,2,7,1,-0.007109545439
9,2,7,4,-0.006465310347
9,2,7,5,-0.013067798272
9,2,7,6,-0.010382404259
9,2,7,9, 0.008559032658
9,2,9,2, 0.007348888814
9,2,9,7, 0.008559032658
9,3,0,3,-0.021595610539
9,3,0,8,-0.004289628958
9,3,1,3,-0.015531125541
9,3,1,8,-0.007109545439
9,3,3,0,-0.021595610539
9,3,3,1,-0.015531125541
9,3,3,4,-0.010784152894
9,3,3,5,-0.004805308578
9,3,3,6,-0.009610440464
9,3,3,9, 0.007348888814
9,3,4,3,-0.010784152894
9,3,4,8,-0.006465310347
9,3,5,3,-0.004805308578
9,3,5,8,-0.013067798272
9,3,6,3,-0.009610440464
9,3,6,8,-0.010382404259
9,3,8,0,-0.004289628958
9,3,8,1,-0.007109545439
9,3,8,4,-0.006465310347
9,3,8,5,-0.013067798272
9,3,8,6,-0.010382404259
9,3,8,9, 0.008559032658
9,3,9,3, 0.007348888814
9,3,9,8, 0.008559032658
9,4,0,0,-0.235740581038
9,4,0,1,-0.146610082018
9,4,0,4,-0.070417894658
9,4,0,5,-0.056752426292
9,4,0,6,-0.089194929805
9,4,0,9, 0.082351326779
9,4,1,0,-0.146610082018
9,4,1,1,-0.165018384935
9,4,1,4,-0.052544036652
9,4,1,5,-0.089194929805
9,4,1,6,-0.124658879402
9,4,1,9, 0.073116758998
9,4,2,2,-0.213439460779
9,4,2,7,-0.028203185552
9,4,3,3,-0.213439460779
9,4,3,8,-0.028203185552
9,4,4,0,-0.070417894658
9,4,4,1,-0.052544036652
9,4,4,4,-0.255391462494
9,4,4,5,-0.082351326779
9,4,4,6,-0.073116758998
9,4,4,9, 0.132523657020
9,4,5,0,-0.056752426292
9,4,5,1,-0.089194929805
9,4,5,4,-0.082351326779
9,4,5,5,-0.235740581038
9,4,5,6,-0.146610082018
9,4,5,9, 0.070417894658
9,4,6,0,-0.089194929805
9,4,6,1,-0.124658879402
9,4,6,4,-0.073116758998
9,4,6,5,-0.146610082018
9,4,6,6,-0.165018384935
9,4,6,9, 0.052544036652
9,4,7,2,-0.028203185552
9,4,7,7,-0.213439460779
9,4,8,3,-0.028203185552
9,4,8,8,-0.213439460779
9,4,9,0, 0.082351326779
9,4,9,1, 0.073116758998
9,4,9,4, 0.132523657020
9,4,9,5, 0.070417894658
9,4,9,6, 0.052544036652
9,4,9,9,-0.255391462494
9,5,0,0,-0.091689603175
9,5,0,1,-0.056562627065
9,5,0,4,-0.037968315670
9,5,0,5,-0.025810549616
9,5,0,6,-0.036227737590
9,5,0,9, 0.042253894849
9,5,1,0,-0.056562627065
9,5,1,1,-0.053462161529
9,5,1,4,-0.029685020630
9,5,1,5,-0.021102707162
9,5,1,6,-0.030814075874
9,5,1,9, 0.056756382679
9,5,2,2,-0.080411365519
9,5,2,7,-0.013067798272
9,5,3,3,-0.080411365519
9,5,3,8,-0.013067798272
9,5,4,0,-0.037968315670
9,5,4,1,-0.029685020630
9,5,4,4,-0.109282153198
9,5,4,5,-0.041840370810
9,5,4,6,-0.035937775374
9,5,4,9, 0.070417894658
9,5,5,0,-0.025810549616
9,5,5,1,-0.021102707162
9,5,5,4,-0.041840370810
9,5,5,9, 0.152608082603
9,5,6,0,-0.036227737590
9,5,6,1,-0.030814075874
9,5,6,4,-0.035937775374
9,5,6,9, 0.101353944495
9,5,7,2,-0.013067798272
9,5,8,3,-0.013067798272
9,5,9,0, 0.042253894849
9,5,9,1, 0.056756382679
9,5,9,4, 0.070417894658
9,5,9,5, 0.152608082603
9,5,9,6, 0.101353944495
9,6,0,0,-0.082215624829
9,6,0,1,-0.049931066585
9,6,0,4,-0.029685020630
9,6,0,5,-0.019759156400
9,6,0,6,-0.030750153510
9,6,0,9, 0.032415533128
9,6,1,0,-0.049931066585
9,6,1,1,-0.047089409143
9,6,1,4,-0.022501019833
9,6,1,5,-0.015918493762
9,6,1,6,-0.026210701296
9,6,1,9, 0.041372507496
9,6,2,2,-0.073340974176
9,6,2,7,-0.010382404259
9,6,3,3,-0.073340974176
9,6,3,8,-0.010382404259
9,6,4,0,-0.029685020630
9,6,4,1,-0.022501019833
9,6,4,4,-0.091853772248
9,6,4,5,-0.030709497820
9,6,4,6,-0.027885937889
9,6,4,9, 0.052544036652
9,6,5,0,-0.019759156400
9,6,5,1,-0.015918493762
9,6,5,4,-0.030709497820
9,6,5,9, 0.101353944495
9,6,6,0,-0.030750153510
9,6,6,1,-0.026210701296
9,6,6,4,-0.027885937889
9,6,6,9, 0.072461555243
9,6,7,2,-0.010382404259
9,6,8,3,-0.010382404259
9,6,9,0, 0.032415533128
9,6,9,1, 0.041372507496
9,6,9,4, 0.052544036652
9,6,9,5, 0.101353944495
9,6,9,6, 0.072461555243
9,7,0,2,-0.013621623741
9,7,0,7,-0.006483562573
9,7,1,2,-0.011307590039
9,7,1,7,-0.006812928097
9,7,2,0,-0.013621623741
9,7,2,1,-0.011307590039
9,7,2,4,-0.009940673407
9,7,2,5,-0.005613390326
9,7,2,6,-0.008219143601
9,7,2,9, 0.008559032658
9,7,4,2,-0.009940673407
9,7,4,7,-0.010784152894
9,7,5,2,-0.005613390326
9,7,6,2,-0.008219143601
9,7,7,0,-0.006483562573
9,7,7,1,-0.006812928097
9,7,7,4,-0.010784152894
9,7,7,9, 0.048105227081
9,7,9,2, 0.008559032658
9,7,9,7, 0.048105227081
9,8,0,3,-0.013621623741
9,8,0,8,-0.006483562573
9,8,1,3,-0.011307590039
9,8,1,8,-0.006812928097
9,8,3,0,-0.013621623741
9,8,3,1,-0.011307590039
9,8,3,4,-0.009940673407
9,8,3,5,-0.005613390326
9,8,3,6,-0.008219143601
9,8,3,9, 0.008559032658
9,8,4,3,-0.009940673407
9,8,4,8,-0.010784152894
9,8,5,3,-0.005613390326
9,8,6,3,-0.008219143601
9,8,8,0,-0.006483562573
9,8,8,1,-0.006812928097
9,8,8,4,-0.010784152894
9,8,8,9, 0.048105227081
9,8,9,3, 0.008559032658
9,8,9,8, 0.048105227081
9,9,0,0, 0.425066901216
9,9,0,1, 0.280177134393
9,9,0,4, 0.109282153198
9,9,0,5, 0.119319069862
9,9,0,6, 0.174708051344
9,9,0,9,-0.156257513657
9,9,1,0, 0.280177134393
9,9,1,1, 0.358305217511
9,9,1,4, 0.091853772248
9,9,1,5, 0.240266887406
9,9,1,6, 0.304182740032
9,9,1,9,-0.122510678497
9,9,2,2, 0.398946677280
9,9,2,7, 0.058572533739
9,9,3,3, 0.398946677280
9,9,3,8, 0.058572533739
9,9,4,0, 0.109282153198
9,9,4,1, 0.091853772248
9,9,4,4, 0.467241865996
9,9,4,5, 0.171314209684
9,9,4,6, 0.142016702626
9,9,4,9,-0.255391462494
9,9,5,0, 0.119319069862
9,9,5,1, 0.240266887406
9,9,5,4, 0.171314209684
9,9,5,5, 0.775037038942
9,9,5,6, 0.462081934851
9,9,6,0, 0.174708051344
9,9,6,1, 0.304182740032
9,9,6,4, 0.142016702626
9,9,6,5, 0.462081934851
9,9,6,6, 0.491073083906
9,9,7,2, 0.058572533739
9,9,7,7, 0.689508254834
9,9,8,3, 0.058572533739
9,9,8,8, 0.689508254834
9,9,9,0,-0.156257513657
9,9,9,1,-0.122510678497
9,9,9,4,-0.255391462494
9,9,9,9, 0.785718708997
