0,0,0,0, 0.897251802255
0,0,0,1, 0.504699283325
0,0,0,5, 0.657004003612
0,0,0,6, 0.463914049605
0,0,0,9,-0.546809124166
0,0,1,0, 0.504699283325
0,0,1,1, 0.507364877272
0,0,1,5, 0.428938747235
0,0,1,6, 0.476367234465
0,0,1,9,-0.181894320850
0,0,2,2, 0.775037038942
0,0,2,7, 0.555594747831
0,0,3,3, 0.775037038942
0,0,3,8, 0.555594747831
0,0,4,4, 0.775037038942
0,0,4,5, 0.382293450690
0,0,4,6, 0.075688299209
0,0,4,9, 0.186602426936
0,0,5,0, 0.657004003612
0,0,5,1, 0.428938747235
0,0,5,4, 0.382293450690
0,0,5,5, 0.753268106450
0,0,5,6, 0.448371690418
0,0,5,9,-0.161510491257
0,0,6,0, 0.463914049605
0,0,6,1, 0.476367234465
0,0,6,4, 0.075688299209
0,0,6,5, 0.448371690418
0,0,6,6, 0.480874520727
0,0,6,9,-0.113668126532
0,0,7,2, 0.555594747831
0,0,7,7, 0.670680684061
0,0,8,3, 0.555594747831
0,0,8,8, 0.670680684061
0,0,9,0,-0.546809124166
0,0,9,1,-0.181894320850
0,0,9,4, 0.186602426936
0,0,9,5,-0.161510491257
0,0,9,6,-0.113668126532
0,0,9,9, 0.743009564352
0,1,0,0, 0.504699283325
0,1,0,1, 0.300015949963
0,1,0,5, 0.378142908689
0,1,0,6, 0.276081268407
0,1,0,9,-0.294675946803
0,1,1,0, 0.300015949963
0,1,1,1, 0.324022459289
0,1,1,5, 0.260826264812
0,1,1,6, 0.304761266511
0,1,1,9,-0.094823849667
0,1,2,2, 0.462081934851
0,1,2,7, 0.334749793001
0,1,3,3, 0.462081934851
0,1,3,8, 0.334749793001
0,1,4,4, 0.462081934851
0,1,4,5, 0.230146786143
0,1,4,6, 0.047333069859
0,1,4,9, 0.119210734171
0,1,5,0, 0.378142908689
0,1,5,1, 0.260826264812
0,1,5,4, 0.230146786143
0,1,5,5, 0.448371690418
0,1,5,6, 0.274690330507
0,1,5,9,-0.068881185442
0,1,6,0, 0.276081268407
0,1,6,1, 0.304761266511
0,1,6,4, 0.047333069859
0,1,6,5, 0.274690330507
0,1,6,6, 0.309204869790
0,1,6,9,-0.051989611698
0,1,7,2, 0.334749793001
0,1,7,7, 0.415239339274
0,1,8,3, 0.334749793001
0,1,8,8, 0.415239339274
0,1,9,0,-0.294675946803
0,1,9,1,-0.094823849667
0,1,9,4, 0.119210734171
0,1,9,5,-0.068881185442
0,1,9,6,-0.051989611698
0,1,9,9, 0.436670707560
0,2,0,2, 0.152608082603
0,2,0,7, 0.106723062653
0,2,1,2, 0.101353944495
0,2,1,7, 0.077795429119
0,2,2,0, 0.152608082603
0,2,2,1, 0.101353944495
0,2,2,5, 0.110654234639
0,2,2,6, 0.092650862617
0,2,2,9,-0.105268349832
0,2,4,7, 0.058866683488
0,2,5,2, 0.110654234639
0,2,5,7, 0.111604108886
0,2,6,2, 0.092650862617
0,2,6,7, 0.079436982114
0,2,7,0, 0.106723062653
0,2,7,1, 0.077795429119
0,2,7,4, 0.058866683488
0,2,7,5, 0.111604108886
0,2,7,6, 0.079436982114
0,2,7,9,-0.046098626159
0,2,9,2,-0.105268349832
0,2,9,7,-0.046098626159
0,3,0,3, 0.152608082603
0,3,0,8, 0.106723062653
0,3,1,3, 0.101353944495
0,3,1,8, 0.077795429119
0,3,3,0, 0.152608082603
0,3,3,1, 0.101353944495
0,3,3,5, 0.110654234639
0,3,3,6, 0.092650862617
0,3,3,9,-0.105268349832
0,3,4,8, 0.058866683488
0,3,5,3, 0.110654234639
0,3,5,8, 0.111604108886
0,3,6,3, 0.092650862617
0,3,6,8, 0.079436982114
0,3,8,0, 0.106723062653
0,3,8,1, 0.077795429119
0,3,8,4, 0.058866683488
0,3,8,5, 0.111604108886
0,3,8,6, 0.079436982114
0,3,8,9,-0.046098626159
0,3,9,3,-0.105268349832
0,3,9,8,-0.046098626159
0,4,0,4, 0.152608082603
0,4,0,5, 0.073917965514
0,4,0,6, 0.013710499951
0,4,0,9, 0.030871101642
0,4,1,4, 0.101353944495
0,4,1,5, 0.055613188600
0,4,1,6, 0.018244794093
0,4,1,9, 0.037172768475
0,4,2,7, 0.058866683488
0,4,3,8, 0.058866683488
0,4,4,0, 0.152608082603
0,4,4,1, 0.101353944495
0,4,4,5, 0.154904960918
0,4,4,6, 0.094326396254
0,4,4,9,-0.031114929126
0,4,5,0, 0.073917965514
0,4,5,1, 0.055613188600
0,4,5,4, 0.154904960918
0,4,5,5, 0.161510491257
0,4,5,6, 0.068881185442
0,4,5,9, 0.044665585822
0,4,6,0, 0.013710499951
0,4,6,1, 0.018244794093
0,4,6,4, 0.094326396254
0,4,6,5, 0.068881185442
0,4,6,6, 0.035616273054
0,4,6,9, 0.041747548388
0,4,7,2, 0.058866683488
0,4,7,7, 0.126766548156
0,4,8,3, 0.058866683488
0,4,8,8, 0.126766548156
0,4,9,0, 0.030871101642
0,4,9,1, 0.037172768475
0,4,9,4,-0.031114929126
0,4,9,5, 0.044665585822
0,4,9,6, 0.041747548388
0,4,9,9, 0.070844527632
0,5,0,0, 0.657004003612
0,5,0,1, 0.378142908689
0,5,0,4, 0.073917965514
0,5,0,5, 0.525373049417
0,5,0,6, 0.354742851052
0,5,0,9,-0.373104945379
0,5,1,0, 0.378142908689
0,5,1,1, 0.389778675689
0,5,1,4, 0.050224618475
0,5,1,5, 0.354742851052
0,5,1,6, 0.375992511408
0,5,1,9,-0.106016204914
0,5,2,2, 0.577204763781
0,5,2,7, 0.445811098888
0,5,3,3, 0.577204763781
0,5,3,8, 0.445811098888
0,5,4,0, 0.073917965514
0,5,4,1, 0.050224618475
0,5,4,4, 0.596912399548
0,5,4,5, 0.373104945379
0,5,4,6, 0.106016204914
0,5,4,9, 0.138000387640
0,5,5,0, 0.525373049417
0,5,5,1, 0.354742851052
0,5,5,4, 0.373104945379
0,5,5,5, 0.657004003612
0,5,5,6, 0.378142908689
0,5,5,9,-0.073917965514
0,5,6,0, 0.354742851052
0,5,6,1, 0.375992511408
0,5,6,4, 0.106016204914
0,5,6,5, 0.378142908689
0,5,6,6, 0.389778675689
0,5,6,9,-0.050224618475
0,5,7,2, 0.445811098888
0,5,7,7, 0.577204763781
0,5,8,3, 0.445811098888
0,5,8,8, 0.577204763781
0,5,9,0,-0.373104945379
0,5,9,1,-0.106016204914
0,5,9,4, 0.138000387640
0,5,9,5,-0.073917965514
0,5,9,6,-0.050224618475
0,5,9,9, 0.596912399548
0,6,0,0, 0.463914049605
0,6,0,1, 0.276081268407
0,6,0,4, 0.013710499951
0,6,0,5, 0.354742851052
0,6,0,6, 0.255580119216
0,6,0,9,-0.266754330360
0,6,1,0, 0.276081268407
0,6,1,1, 0.298686100736
0,6,1,4, 0.010252194781
0,6,1,5, 0.246330897045
0,6,1,6, 0.283484596153
0,6,1,9,-0.081880765023
0,6,2,2, 0.424909806399
0,6,2,7, 0.314024084562
0,6,3,3, 0.424909806399
0,6,3,8, 0.314024084562
0,6,4,0, 0.013710499951
0,6,4,1, 0.010252194781
0,6,4,4, 0.425637039992
0,6,4,5, 0.226684332927
0,6,4,6, 0.053247343490
0,6,4,9, 0.109326931557
0,6,5,0, 0.354742851052
0,6,5,1, 0.246330897045
0,6,5,4, 0.226684332927
0,6,5,5, 0.428938747235
0,6,5,6, 0.260826264812
0,6,5,9,-0.055613188600
0,6,6,0, 0.255580119216
0,6,6,1, 0.283484596153
0,6,6,4, 0.053247343490
0,6,6,5, 0.260826264812
0,6,6,6, 0.290124535101
0,6,6,9,-0.041432496544
0,6,7,2, 0.314024084562
0,6,7,7, 0.396568793345
0,6,8,3, 0.314024084562
0,6,8,8, 0.396568793345
0,6,9,0,-0.266754330360
0,6,9,1,-0.081880765023
0,6,9,4, 0.109326931557
0,6,9,5,-0.055613188600
0,6,9,6,-0.041432496544
0,6,9,9, 0.411926875764
0,7,0,2, 0.106723062653
0,7,0,7, 0.090786847068
0,7,1,2, 0.072605096532
0,7,1,7, 0.070743773595
0,7,2,0, 0.106723062653
0,7,2,1, 0.072605096532
0,7,2,4, 0.025612726164
0,7,2,5, 0.090276785674
0,7,2,6, 0.069071380581
0,7,2,9,-0.066529470988
0,7,4,2, 0.025612726164
0,7,4,7, 0.070817007604
0,7,5,2, 0.090276785674
0,7,5,7, 0.110654234639
0,7,6,2, 0.069071380581
0,7,6,7, 0.075084813760
0,7,7,0, 0.090786847068
0,7,7,1, 0.070743773595
0,7,7,4, 0.070817007604
0,7,7,5, 0.110654234639
0,7,7,6, 0.075084813760
0,7,7,9,-0.020888438181
0,7,9,2,-0.066529470988
0,7,9,7,-0.020888438181
0,8,0,3, 0.106723062653
0,8,0,8, 0.090786847068
0,8,1,3, 0.072605096532
0,8,1,8, 0.070743773595
0,8,3,0, 0.106723062653
0,8,3,1, 0.072605096532
0,8,3,4, 0.025612726164
0,8,3,5, 0.090276785674
0,8,3,6, 0.069071380581
0,8,3,9,-0.066529470988
0,8,4,3, 0.025612726164
0,8,4,8, 0.070817007604
0,8,5,3, 0.090276785674
0,8,5,8, 0.110654234639
0,8,6,3, 0.069071380581
0,8,6,8, 0.075084813760
0,8,8,0, 0.090786847068
0,8,8,1, 0.070743773595
0,8,8,4, 0.070817007604
0,8,8,5, 0.110654234639
0,8,8,6, 0.075084813760
0,8,8,9,-0.020888438181
0,8,9,3,-0.066529470988
0,8,9,8,-0.020888438181
0,9,0,0,-0.546809124166
0,9,0,1,-0.294675946803
0,9,0,4, 0.030871101642
0,9,0,5,-0.373104945379
0,9,0,6,-0.266754330360
0,9,0,9, 0.362375823067
0,9,1,0,-0.294675946803
0,9,1,1,-0.278088076325
0,9,1,4, 0.024432411073
0,9,1,5,-0.226684332927
0,9,1,6,-0.254157145955
0,9,1,9, 0.139372419591
0,9,2,2,-0.462961800854
0,9,2,7,-0.312351886356
0,9,3,3,-0.462961800854
0,9,3,8,-0.312351886356
0,9,4,0, 0.030871101642
0,9,4,1, 0.024432411073
0,9,4,4,-0.431021197100
0,9,4,5,-0.173120686669
0,9,4,6,-0.016997718798
0,9,4,9,-0.087655068993
0,9,5,0,-0.373104945379
0,9,5,1,-0.226684332927
0,9,5,4,-0.173120686669
0,9,5,5,-0.382293450690
0,9,5,6,-0.230146786143
0,9,5,9, 0.154904960918
0,9,6,0,-0.266754330360
0,9,6,1,-0.254157145955
0,9,6,4,-0.016997718798
0,9,6,5,-0.230146786143
0,9,6,6,-0.248295222030
0,9,6,9, 0.106196556386
0,9,7,2,-0.312351886356
0,9,7,7,-0.340099573952
0,9,8,3,-0.312351886356
0,9,8,8,-0.340099573952
0,9,9,0, 0.362375823067
0,9,9,1, 0.139372419591
0,9,9,4,-0.087655068993
0,9,9,5, 0.154904960918
0,9,9,6, 0.106196556386
0,9,9,9,-0.395651990357
1,0,0,0, 0.504699283325
1,0,0,1, 0.300015949963
1,0,0,5, 0.378142908689
1,0,0,6, 0.276081268407
1,0,0,9,-0.294675946803
1,0,1,0, 0.300015949963
1,0,1,1, 0.324022459289
1,0,1,5, 0.260826264812
1,0,1,6, 0.304761266511
1,0,1,9,-0.094823849667
1,0,2,2, 0.462081934851
1,0,2,7, 0.334749793001
1,0,3,3, 0.462081934851
1,0,3,8, 0.334749793001
1,0,4,4, 0.462081934851
1,0,4,5, 0.230146786143
1,0,4,6, 0.047333069859
1,0,4,9, 0.119210734171
1,0,5,0, 0.378142908689
1,0,5,1, 0.260826264812
1,0,5,4, 0.230146786143
1,0,5,5, 0.448371690418
1,0,5,6, 0.274690330507
1,0,5,9,-0.068881185442
1,0,6,0, 0.276081268407
1,0,6,1, 0.304761266511
1,0,6,4, 0.047333069859
1,0,6,5, 0.274690330507
1,0,6,6, 0.309204869790
1,0,6,9,-0.051989611698
1,0,7,2, 0.334749793001
1,0,7,7, 0.415239339274
1,0,8,3, 0.334749793001
1,0,8,8, 0.415239339274
1,0,9,0,-0.294675946803
1,0,9,1,-0.094823849667
1,0,9,4, 0.119210734171
1,0,9,5,-0.068881185442
1,0,9,6,-0.051989611698
1,0,9,9, 0.436670707560
1,1,0,0, 0.507364877272
1,1,0,1, 0.324022459289
1,1,0,5, 0.389778675689
1,1,0,6, 0.298686100736
1,1,0,9,-0.278088076325
1,1,1,0, 0.324022459289
1,1,1,1, 0.394125899248
1,1,1,5, 0.290124535101
1,1,1,6, 0.372059014541
1,1,1,9,-0.080631042135
1,1,2,2, 0.491073083906
1,1,2,7, 0.360935468676
1,1,3,3, 0.491073083906
1,1,3,8, 0.360935468676
1,1,4,4, 0.491073083906
1,1,4,5, 0.248295222030
1,1,4,6, 0.054091361953
1,1,4,9, 0.138731236795
1,1,5,0, 0.389778675689
1,1,5,1, 0.290124535101
1,1,5,4, 0.248295222030
1,1,5,5, 0.480874520727
1,1,5,6, 0.309204869790
1,1,5,9,-0.035616273054
1,1,6,0, 0.298686100736
1,1,6,1, 0.372059014541
1,1,6,4, 0.054091361953
1,1,6,5, 0.309204869790
1,1,6,6, 0.381519387099
1,1,6,9,-0.030090886558
1,1,7,2, 0.360935468676
1,1,7,7, 0.465759548356
1,1,8,3, 0.360935468676
1,1,8,8, 0.465759548356
1,1,9,0,-0.278088076325
1,1,9,1,-0.080631042135
1,1,9,4, 0.138731236795
1,1,9,5,-0.035616273054
1,1,9,6,-0.030090886558
1,1,9,9, 0.470208541574
1,2,0,2, 0.101353944495
1,2,0,7, 0.072605096532
1,2,1,2, 0.072461555243
1,2,1,7, 0.057360522296
1,2,2,0, 0.101353944495
1,2,2,1, 0.072461555243
1,2,2,5, 0.075084813760
1,2,2,6, 0.066299216217
1,2,2,9,-0.066700561543
1,2,4,7, 0.042785245746
1,2,5,2, 0.075084813760
1,2,5,7, 0.079436982114
1,2,6,2, 0.066299216217
1,2,6,7, 0.059195252493
1,2,7,0, 0.072605096532
1,2,7,1, 0.057360522296
1,2,7,4, 0.042785245746
1,2,7,5, 0.079436982114
1,2,7,6, 0.059195252493
1,2,7,9,-0.025545536113
1,2,9,2,-0.066700561543
1,2,9,7,-0.025545536113
1,3,0,3, 0.101353944495
1,3,0,8, 0.072605096532
1,3,1,3, 0.072461555243
1,3,1,8, 0.057360522296
1,3,3,0, 0.101353944495
1,3,3,1, 0.072461555243
1,3,3,5, 0.075084813760
1,3,3,6, 0.066299216217
1,3,3,9,-0.066700561543
1,3,4,8, 0.042785245746
1,3,5,3, 0.075084813760
1,3,5,8, 0.079436982114
1,3,6,3, 0.066299216217
1,3,6,8, 0.059195252493
1,3,8,0, 0.072605096532
1,3,8,1, 0.057360522296
1,3,8,4, 0.042785245746
1,3,8,5, 0.079436982114
1,3,8,6, 0.059195252493
1,3,8,9,-0.025545536113
1,3,9,3,-0.066700561543
1,3,9,8,-0.025545536113
1,4,0,4, 0.101353944495
1,4,0,5, 0.050224618475
1,4,0,6, 0.010252194781
1,4,0,9, 0.024432411073
1,4,1,4, 0.072461555243
1,4,1,5, 0.041432496544
1,4,1,6, 0.015332698447
1,4,1,9, 0.030803728728
1,4,2,7, 0.042785245746
1,4,3,8, 0.042785245746
1,4,4,0, 0.101353944495
1,4,4,1, 0.072461555243
1,4,4,5, 0.106196556386
1,4,4,6, 0.067617729388
1,4,4,9,-0.011525232483
1,4,5,0, 0.050224618475
1,4,5,1, 0.041432496544
1,4,5,4, 0.106196556386
1,4,5,5, 0.113668126532
1,4,5,6, 0.051989611698
1,4,5,9, 0.041747548388
1,4,6,0, 0.010252194781
1,4,6,1, 0.015332698447
1,4,6,4, 0.067617729388
1,4,6,5, 0.051989611698
1,4,6,6, 0.030090886558
1,4,6,9, 0.035743662008
1,4,7,2, 0.042785245746
1,4,7,7, 0.096084756321
1,4,8,3, 0.042785245746
1,4,8,8, 0.096084756321
1,4,9,0, 0.024432411073
1,4,9,1, 0.030803728728
1,4,9,4,-0.011525232483
1,4,9,5, 0.041747548388
1,4,9,6, 0.035743662008
1,4,9,9, 0.060386876020
1,5,0,0, 0.428938747235
1,5,0,1, 0.260826264812
1,5,0,4, 0.055613188600
1,5,0,5, 0.354742851052
1,5,0,6, 0.246330897045
1,5,0,9,-0.226684332927
1,5,1,0, 0.260826264812
1,5,1,1, 0.290124535101
1,5,1,4, 0.041432496544
1,5,1,5, 0.255580119216
1,5,1,6, 0.283484596153
1,5,1,9,-0.053247343490
1,5,2,2, 0.396568793345
1,5,2,7, 0.314024084562
1,5,3,3, 0.396568793345
1,5,3,8, 0.314024084562
1,5,4,0, 0.055613188600
1,5,4,1, 0.041432496544
1,5,4,4, 0.411926875764
1,5,4,5, 0.266754330360
1,5,4,6, 0.081880765023
1,5,4,9, 0.109326931557
1,5,5,0, 0.354742851052
1,5,5,1, 0.255580119216
1,5,5,4, 0.266754330360
1,5,5,5, 0.463914049605
1,5,5,6, 0.276081268407
1,5,5,9,-0.013710499951
1,5,6,0, 0.246330897045
1,5,6,1, 0.283484596153
1,5,6,4, 0.081880765023
1,5,6,5, 0.276081268407
1,5,6,6, 0.298686100736
1,5,6,9,-0.010252194781
1,5,7,2, 0.314024084562
1,5,7,7, 0.424909806399
1,5,8,3, 0.314024084562
1,5,8,8, 0.424909806399
1,5,9,0,-0.226684332927
1,5,9,1,-0.053247343490
1,5,9,4, 0.109326931557
1,5,9,5,-0.013710499951
1,5,9,6,-0.010252194781
1,5,9,9, 0.425637039992
1,6,0,0, 0.476367234465
1,6,0,1, 0.304761266511
1,6,0,4, 0.018244794093
1,6,0,5, 0.375992511408
1,6,0,6, 0.283484596153
1,6,0,9,-0.254157145955
1,6,1,0, 0.304761266511
1,6,1,1, 0.372059014541
1,6,1,4, 0.015332698447
1,6,1,5, 0.283484596153
1,6,1,6, 0.357040920869
1,6,1,9,-0.065471764037
1,6,2,2, 0.461150376087
1,6,2,7, 0.348189880216
1,6,3,3, 0.461150376087
1,6,3,8, 0.348189880216
1,6,4,0, 0.018244794093
1,6,4,1, 0.015332698447
1,6,4,4, 0.462308756647
1,6,4,5, 0.254157145955
1,6,4,6, 0.065471764037
1,6,4,9, 0.132835962723
1,6,5,0, 0.375992511408
1,6,5,1, 0.283484596153
1,6,5,4, 0.254157145955
1,6,5,5, 0.476367234465
1,6,5,6, 0.304761266511
1,6,5,9,-0.018244794093
1,6,6,0, 0.283484596153
1,6,6,1, 0.357040920869
1,6,6,4, 0.065471764037
1,6,6,5, 0.304761266511
1,6,6,6, 0.372059014541
1,6,6,9,-0.015332698447
1,6,7,2, 0.348189880216
1,6,7,7, 0.461150376087
1,6,8,3, 0.348189880216
1,6,8,8, 0.461150376087
1,6,9,0,-0.254157145955
1,6,9,1,-0.065471764037
1,6,9,4, 0.132835962723
1,6,9,5,-0.018244794093
1,6,9,6,-0.015332698447
1,6,9,9, 0.462308756647
1,7,0,2, 0.077795429119
1,7,0,7, 0.070743773595
1,7,1,2, 0.057360522296
1,7,1,7, 0.061179778244
1,7,2,0, 0.077795429119
1,7,2,1, 0.057360522296
1,7,2,4, 0.021788905857
1,7,2,5, 0.069071380581
1,7,2,6, 0.055152599463
1,7,2,9,-0.043791430257
1,7,4,2, 0.021788905857
1,7,4,7, 0.060056657939
1,7,5,2, 0.069071380581
1,7,5,7, 0.092650862617
1,7,6,2, 0.055152599463
1,7,6,7, 0.066299216217
1,7,7,0, 0.070743773595
1,7,7,1, 0.061179778244
1,7,7,4, 0.060056657939
1,7,7,5, 0.092650862617
1,7,7,6, 0.066299216217
1,7,7,9,-0.004550133254
1,7,9,2,-0.043791430257
1,7,9,7,-0.004550133254
1,8,0,3, 0.077795429119
1,8,0,8, 0.070743773595
1,8,1,3, 0.057360522296
1,8,1,8, 0.061179778244
1,8,3,0, 0.077795429119
1,8,3,1, 0.057360522296
1,8,3,4, 0.021788905857
1,8,3,5, 0.069071380581
1,8,3,6, 0.055152599463
1,8,3,9,-0.043791430257
1,8,4,3, 0.021788905857
1,8,4,8, 0.060056657939
1,8,5,3, 0.069071380581
1,8,5,8, 0.092650862617
1,8,6,3, 0.055152599463
1,8,6,8, 0.066299216217
1,8,8,0, 0.070743773595
1,8,8,1, 0.061179778244
1,8,8,4, 0.060056657939
1,8,8,5, 0.092650862617
1,8,8,6, 0.066299216217
1,8,8,9,-0.004550133254
1,8,9,3,-0.043791430257
1,8,9,8,-0.004550133254
1,9,0,0,-0.181894320850
1,9,0,1,-0.094823849667
1,9,0,4, 0.037172768475
1,9,0,5,-0.106016204914
1,9,0,6,-0.081880765023
1,9,0,9, 0.139372419591
1,9,1,0,-0.094823849667
1,9,1,1,-0.080631042135
1,9,1,4, 0.030803728728
1,9,1,5,-0.053247343490
1,9,1,6,-0.065471764037
1,9,1,9, 0.071605019993
1,9,2,2,-0.159329183445
1,9,2,7,-0.092116218929
1,9,3,3,-0.159329183445
1,9,3,8,-0.092116218929
1,9,4,0, 0.037172768475
1,9,4,1, 0.030803728728
1,9,4,4,-0.129143236452
1,9,4,5,-0.016997718798
1,9,4,6, 0.018444729417
1,9,4,9,-0.012897140019
1,9,5,0,-0.106016204914
1,9,5,1,-0.053247343490
1,9,5,4,-0.016997718798
1,9,5,5,-0.075688299209
1,9,5,6,-0.047333069859
1,9,5,9, 0.094326396254
1,9,6,0,-0.081880765023
1,9,6,1,-0.065471764037
1,9,6,4, 0.018444729417
1,9,6,5,-0.047333069859
1,9,6,6,-0.054091361953
1,9,6,9, 0.067617729388
1,9,7,2,-0.092116218929
1,9,7,7,-0.070016926748
1,9,8,3,-0.092116218929
1,9,8,8,-0.070016926748
1,9,9,0, 0.139372419591
1,9,9,1, 0.071605019993
1,9,9,4,-0.012897140019
1,9,9,5, 0.094326396254
1,9,9,6, 0.067617729388
1,9,9,9,-0.079188176299
2,0,0,2, 0.152608082603
2,0,0,7, 0.106723062653
2,0,1,2, 0.101353944495
2,0,1,7, 0.077795429119
2,0,2,0, 0.152608082603
2,0,2,1, 0.101353944495
2,0,2,5, 0.110654234639
2,0,2,6, 0.092650862617
2,0,2,9,-0.105268349832
2,0,4,7, 0.058866683488
2,0,5,2, 0.110654234639
2,0,5,7, 0.111604108886
2,0,6,2, 0.092650862617
2,0,6,7, 0.079436982114
2,0,7,0, 0.106723062653
2,0,7,1, 0.077795429119
2,0,7,4, 0.058866683488
2,0,7,5, 0.111604108886
2,0,7,6, 0.079436982114
2,0,7,9,-0.046098626159
2,0,9,2,-0.105268349832
2,0,9,7,-0.046098626159
2,1,0,2, 0.101353944495
2,1,0,7, 0.072605096532
2,1,1,2, 0.072461555243
2,1,1,7, 0.057360522296
2,1,2,0, 0.101353944495
2,1,2,1, 0.072461555243
2,1,2,5, 0.075084813760
2,1,2,6, 0.066299216217
2,1,2,9,-0.066700561543
2,1,4,7, 0.042785245746
2,1,5,2, 0.075084813760
2,1,5,7, 0.079436982114
2,1,6,2, 0.066299216217
2,1,6,7, 0.059195252493
2,1,7,0, 0.072605096532
2,1,7,1, 0.057360522296
2,1,7,4, 0.042785245746
2,1,7,5, 0.079436982114
2,1,7,6, 0.059195252493
2,1,7,9,-0.025545536113
2,1,9,2,-0.066700561543
2,1,9,7,-0.025545536113
2,2,0,0, 0.775037038942
2,2,0,1, 0.462081934851
2,2,0,5, 0.577204763781
2,2,0,6, 0.424909806399
2,2,0,9,-0.462961800854
2,2,1,0, 0.462081934851
2,2,1,1, 0.491073083906
2,2,1,5, 0.396568793345
2,2,1,6, 0.461150376087
2,2,1,9,-0.159329183445
2,2,2,2, 0.785718708997
2,2,2,7, 0.561003425150
2,2,3,3, 0.689508254834
2,2,3,8, 0.496453247797
2,2,4,4, 0.689508254834
2,2,4,5, 0.340099573952
2,2,4,6, 0.070016926748
2,2,4,9, 0.170950995965
2,2,5,0, 0.577204763781
2,2,5,1, 0.396568793345
2,2,5,4, 0.340099573952
2,2,5,5, 0.670680684061
2,2,5,6, 0.415239339274
2,2,5,9,-0.126766548156
2,2,6,0, 0.424909806399
2,2,6,1, 0.461150376087
2,2,6,4, 0.070016926748
2,2,6,5, 0.415239339274
2,2,6,6, 0.465759548356
2,2,6,9,-0.096084756321
2,2,7,2, 0.561003425150
2,2,7,7, 0.669979124802
2,2,8,3, 0.496453247797
2,2,8,8, 0.606289787922
2,2,9,0,-0.462961800854
2,2,9,1,-0.159329183445
2,2,9,4, 0.170950995965
2,2,9,5,-0.126766548156
2,2,9,6,-0.096084756321
2,2,9,9, 0.655556873169
2,3,2,3, 0.048105227081
2,3,2,8, 0.032275088677
2,3,3,2, 0.048105227081
2,3,3,7, 0.032275088677
2,3,7,3, 0.032275088677
2,3,7,8, 0.031844668440
2,3,8,2, 0.032275088677
2,3,8,7, 0.031844668440
2,4,0,7, 0.025612726164
2,4,1,7, 0.021788905857
2,4,2,4, 0.048105227081
2,4,2,5, 0.020888438181
2,4,2,6, 0.004550133254
2,4,2,9, 0.006545631845
2,4,4,2, 0.048105227081
2,4,4,7, 0.044557294783
2,4,5,2, 0.020888438181
2,4,5,7, 0.046098626159
2,4,6,2, 0.004550133254
2,4,6,7, 0.025545536113
2,4,7,0, 0.025612726164
2,4,7,1, 0.021788905857
2,4,7,4, 0.044557294783
2,4,7,5, 0.046098626159
2,4,7,6, 0.025545536113
2,4,7,9, 0.006102274070
2,4,9,2, 0.006545631845
2,4,9,7, 0.006102274070
2,5,0,2, 0.110654234639
2,5,0,7, 0.090276785674
2,5,1,2, 0.075084813760
2,5,1,7, 0.069071380581
2,5,2,0, 0.110654234639
2,5,2,1, 0.075084813760
2,5,2,4, 0.020888438181
2,5,2,5, 0.090786847068
2,5,2,6, 0.070743773595
2,5,2,9,-0.070817007604
2,5,4,2, 0.020888438181
2,5,4,7, 0.066529470988
2,5,5,2, 0.090786847068
2,5,5,7, 0.106723062653
2,5,6,2, 0.070743773595
2,5,6,7, 0.072605096532
2,5,7,0, 0.090276785674
2,5,7,1, 0.069071380581
2,5,7,4, 0.066529470988
2,5,7,5, 0.106723062653
2,5,7,6, 0.072605096532
2,5,7,9,-0.025612726164
2,5,9,2,-0.070817007604
2,5,9,7,-0.025612726164
2,6,0,2, 0.092650862617
2,6,0,7, 0.069071380581
2,6,1,2, 0.066299216217
2,6,1,7, 0.055152599463
2,6,2,0, 0.092650862617
2,6,2,1, 0.066299216217
2,6,2,4, 0.004550133254
2,6,2,5, 0.070743773595
2,6,2,6, 0.061179778244
2,6,2,9,-0.060056657939
2,6,4,2, 0.004550133254
2,6,4,7, 0.043791430257
2,6,5,2, 0.070743773595
2,6,5,7, 0.077795429119
2,6,6,2, 0.061179778244
2,6,6,7, 0.057360522296
2,6,7,0, 0.069071380581
2,6,7,1, 0.055152599463
2,6,7,4, 0.043791430257
2,6,7,5, 0.077795429119
2,6,7,6, 0.057360522296
2,6,7,9,-0.021788905857
2,6,9,2,-0.060056657939
2,6,9,7,-0.021788905857
2,7,0,0, 0.555594747831
2,7,0,1, 0.334749793001
2,7,0,4, 0.058866683488
2,7,0,5, 0.445811098888
2,7,0,6, 0.314024084562
2,7,0,9,-0.312351886356
2,7,1,0, 0.334749793001
2,7,1,1, 0.360935468676
2,7,1,4, 0.042785245746
2,7,1,5, 0.314024084562
2,7,1,6, 0.348189880216
2,7,1,9,-0.092116218929
2,7,2,2, 0.561003425150
2,7,2,7, 0.436037762912
2,7,3,3, 0.496453247797
2,7,3,8, 0.382645383780
2,7,4,0, 0.058866683488
2,7,4,1, 0.042785245746
2,7,4,4, 0.508735453903
2,7,4,5, 0.312351886356
2,7,4,6, 0.092116218929
2,7,4,9, 0.120635631284
2,7,5,0, 0.445811098888
2,7,5,1, 0.314024084562
2,7,5,4, 0.312351886356
2,7,5,5, 0.555594747831
2,7,5,6, 0.334749793001
2,7,5,9,-0.058866683488
2,7,6,0, 0.314024084562
2,7,6,1, 0.348189880216
2,7,6,4, 0.092116218929
2,7,6,5, 0.334749793001
2,7,6,6, 0.360935468676
2,7,6,9,-0.042785245746
2,7,7,2, 0.436037762912
2,7,7,7, 0.561003425150
2,7,8,3, 0.382645383780
2,7,8,8, 0.496453247797
2,7,9,0,-0.312351886356
2,7,9,1,-0.092116218929
2,7,9,4, 0.120635631284
2,7,9,5,-0.058866683488
2,7,9,6,-0.042785245746
2,7,9,9, 0.508735453903
2,8,2,3, 0.032275088677
2,8,2,8, 0.026696189566
2,8,3,2, 0.032275088677
2,8,3,7, 0.026696189566
2,8,7,3, 0.026696189566
2,8,7,8, 0.032275088677
2,8,8,2, 0.026696189566
2,8,8,7, 0.032275088677
2,9,0,2,-0.105268349832
2,9,0,7,-0.066529470988
2,9,1,2,-0.066700561543
2,9,1,7,-0.043791430257
2,9,2,0,-0.105268349832
2,9,2,1,-0.066700561543
2,9,2,4, 0.006545631845
2,9,2,5,-0.070817007604
2,9,2,6,-0.060056657939
2,9,2,9, 0.079098140065
2,9,4,2, 0.006545631845
2,9,4,7,-0.025705760933
2,9,5,2,-0.070817007604
2,9,5,7,-0.058866683488
2,9,6,2,-0.060056657939
2,9,6,7,-0.042785245746
2,9,7,0,-0.066529470988
2,9,7,1,-0.043791430257
2,9,7,4,-0.025705760933
2,9,7,5,-0.058866683488
2,9,7,6,-0.042785245746
2,9,7,9, 0.044557294783
2,9,9,2, 0.079098140065
2,9,9,7, 0.044557294783
3,0,0,3, 0.152608082603
3,0,0,8, 0.106723062653
3,0,1,3, 0.101353944495
3,0,1,8, 0.077795429119
3,0,3,0, 0.152608082603
3,0,3,1, 0.101353944495
3,0,3,5, 0.110654234639
3,0,3,6, 0.092650862617
3,0,3,9,-0.105268349832
3,0,4,8, 0.058866683488
3,0,5,3, 0.110654234639
3,0,5,8, 0.111604108886
3,0,6,3, 0.092650862617
3,0,6,8, 0.079436982114
3,0,8,0, 0.106723062653
3,0,8,1, 0.077795429119
3,0,8,4, 0.058866683488
3,0,8,5, 0.111604108886
3,0,8,6, 0.079436982114
3,0,8,9,-0.046098626159
3,0,9,3,-0.105268349832
3,0,9,8,-0.046098626159
3,1,0,3, 0.101353944495
3,1,0,8, 0.072605096532
3,1,1,3, 0.072461555243
3,1,1,8, 0.057360522296
3,1,3,0, 0.101353944495
3,1,3,1, 0.072461555243
3,1,3,5, 0.075084813760
3,1,3,6, 0.066299216217
3,1,3,9,-0.066700561543
3,1,4,8, 0.042785245746
3,1,5,3, 0.075084813760
3,1,5,8, 0.079436982114
3,1,6,3, 0.066299216217
3,1,6,8, 0.059195252493
3,1,8,0, 0.072605096532
3,1,8,1, 0.057360522296
3,1,8,4, 0.042785245746
3,1,8,5, 0.079436982114
3,1,8,6, 0.059195252493
3,1,8,9,-0.025545536113
3,1,9,3,-0.066700561543
3,1,9,8,-0.025545536113
3,2,2,3, 0.048105227081
3,2,2,8, 0.032275088677
3,2,3,2, 0.048105227081
3,2,3,7, 0.032275088677
3,2,7,3, 0.032275088677
3,2,7,8, 0.031844668440
3,2,8,2, 0.032275088677
3,2,8,7, 0.031844668440
3,3,0,0, 0.775037038942
3,3,0,1, 0.462081934851
3,3,0,5, 0.577204763781
3,3,0,6, 0.424909806399
3,3,0,9,-0.462961800854
3,3,1,0, 0.462081934851
3,3,1,1, 0.491073083906
3,3,1,5, 0.396568793345
3,3,1,6, 0.461150376087
3,3,1,9,-0.159329183445
3,3,2,2, 0.689508254834
3,3,2,7, 0.496453247797
3,3,3,3, 0.785718708997
3,3,3,8, 0.561003425150
3,3,4,4, 0.689508254834
3,3,4,5, 0.340099573952
3,3,4,6, 0.070016926748
3,3,4,9, 0.170950995965
3,3,5,0, 0.577204763781
3,3,5,1, 0.396568793345
3,3,5,4, 0.340099573952
3,3,5,5, 0.670680684061
3,3,5,6, 0.415239339274
3,3,5,9,-0.126766548156
3,3,6,0, 0.424909806399
3,3,6,1, 0.461150376087
3,3,6,4, 0.070016926748
3,3,6,5, 0.415239339274
3,3,6,6, 0.465759548356
3,3,6,9,-0.096084756321
3,3,7,2, 0.496453247797
3,3,7,7, 0.606289787922
3,3,8,3, 0.561003425150
3,3,8,8, 0.669979124802
3,3,9,0,-0.462961800854
3,3,9,1,-0.159329183445
3,3,9,4, 0.170950995965
3,3,9,5,-0.126766548156
3,3,9,6,-0.096084756321
3,3,9,9, 0.655556873169
3,4,0,8, 0.025612726164
3,4,1,8, 0.021788905857
3,4,3,4, 0.048105227081
3,4,3,5, 0.020888438181
3,4,3,6, 0.004550133254
3,4,3,9, 0.006545631845
3,4,4,3, 0.048105227081
3,4,4,8, 0.044557294783
3,4,5,3, 0.020888438181
3,4,5,8, 0.046098626159
3,4,6,3, 0.004550133254
3,4,6,8, 0.025545536113
3,4,8,0, 0.025612726164
3,4,8,1, 0.021788905857
3,4,8,4, 0.044557294783
3,4,8,5, 0.046098626159
3,4,8,6, 0.025545536113
3,4,8,9, 0.006102274070
3,4,9,3, 0.006545631845
3,4,9,8, 0.006102274070
3,5,0,3, 0.110654234639
3,5,0,8, 0.090276785674
3,5,1,3, 0.075084813760
3,5,1,8, 0.069071380581
3,5,3,0, 0.110654234639
3,5,3,1, 0.075084813760
3,5,3,4, 0.020888438181
3,5,3,5, 0.090786847068
3,5,3,6, 0.070743773595
3,5,3,9,-0.070817007604
3,5,4,3, 0.020888438181
3,5,4,8, 0.066529470988
3,5,5,3, 0.090786847068
3,5,5,8, 0.106723062653
3,5,6,3, 0.070743773595
3,5,6,8, 0.072605096532
3,5,8,0, 0.090276785674
3,5,8,1, 0.069071380581
3,5,8,4, 0.066529470988
3,5,8,5, 0.106723062653
3,5,8,6, 0.072605096532
3,5,8,9,-0.025612726164
3,5,9,3,-0.070817007604
3,5,9,8,-0.025612726164
3,6,0,3, 0.092650862617
3,6,0,8, 0.069071380581
3,6,1,3, 0.066299216217
3,6,1,8, 0.055152599463
3,6,3,0, 0.092650862617
3,6,3,1, 0.066299216217
3,6,3,4, 0.004550133254
3,6,3,5, 0.070743773595
3,6,3,6, 0.061179778244
3,6,3,9,-0.060056657939
3,6,4,3, 0.004550133254
3,6,4,8, 0.043791430257
3,6,5,3, 0.070743773595
3,6,5,8, 0.077795429119
3,6,6,3, 0.061179778244
3,6,6,8, 0.057360522296
3,6,8,0, 0.069071380581
3,6,8,1, 0.055152599463
3,6,8,4, 0.043791430257
3,6,8,5, 0.077795429119
3,6,8,6, 0.057360522296
3,6,8,9,-0.021788905857
3,6,9,3,-0.060056657939
3,6,9,8,-0.021788905857
3,7,2,3, 0.032275088677
3,7,2,8, 0.026696189566
3,7,3,2, 0.032275088677
3,7,3,7, 0.026696189566
3,7,7,3, 0.026696189566
3,7,7,8, 0.032275088677
3,7,8,2, 0.026696189566
3,7,8,7, 0.032275088677
3,8,0,0, 0.555594747831
3,8,0,1, 0.334749793001
3,8,0,4, 0.058866683488
3,8,0,5, 0.445811098888
3,8,0,6, 0.314024084562
3,8,0,9,-0.312351886356
3,8,1,0, 0.334749793001
3,8,1,1, 0.360935468676
3,8,1,4, 0.042785245746
3,8,1,5, 0.314024084562
3,8,1,6, 0.348189880216
3,8,1,9,-0.092116218929
3,8,2,2, 0.496453247797
3,8,2,7, 0.382645383780
3,8,3,3, 0.561003425150
3,8,3,8, 0.436037762912
3,8,4,0, 0.058866683488
3,8,4,1, 0.042785245746
3,8,4,4, 0.508735453903
3,8,4,5, 0.312351886356
3,8,4,6, 0.092116218929
3,8,4,9, 0.120635631284
3,8,5,0, 0.445811098888
3,8,5,1, 0.314024084562
3,8,5,4, 0.312351886356
3,8,5,5, 0.555594747831
3,8,5,6, 0.334749793001
3,8,5,9,-0.058866683488
3,8,6,0, 0.314024084562
3,8,6,1, 0.348189880216
3,8,6,4, 0.092116218929
3,8,6,5, 0.334749793001
3,8,6,6, 0.360935468676
3,8,6,9,-0.042785245746
3,8,7,2, 0.382645383780
3,8,7,7, 0.496453247797
3,8,8,3, 0.436037762912
3,8,8,8, 0.561003425150
3,8,9,0,-0.312351886356
3,8,9,1,-0.092116218929
3,8,9,4, 0.120635631284
3,8,9,5,-0.058866683488
3,8,9,6,-0.042785245746
3,8,9,9, 0.508735453903
3,9,0,3,-0.105268349832
3,9,0,8,-0.066529470988
3,9,1,3,-0.066700561543
3,9,1,8,-0.043791430257
3,9,3,0,-0.105268349832
3,9,3,1,-0.066700561543
3,9,3,4, 0.006545631845
3,9,3,5,-0.070817007604
3,9,3,6,-0.060056657939
3,9,3,9, 0.079098140065
3,9,4,3, 0.006545631845
3,9,4,8,-0.025705760933
3,9,5,3,-0.070817007604
3,9,5,8,-0.058866683488
3,9,6,3,-0.060056657939
3,9,6,8,-0.042785245746
3,9,8,0,-0.066529470988
3,9,8,1,-0.043791430257
3,9,8,4,-0.025705760933
3,9,8,5,-0.058866683488
3,9,8,6,-0.042785245746
3,9,8,9, 0.044557294783
3,9,9,3, 0.079098140065
3,9,9,8, 0.044557294783
4,0,0,4, 0.152608082603
4,0,0,5, 0.073917965514
4,0,0,6, 0.013710499951
4,0,0,9, 0.030871101642
4,0,1,4, 0.101353944495
4,0,1,5, 0.055613188600
4,0,1,6, 0.018244794093
4,0,1,9, 0.037172768475
4,0,2,7, 0.058866683488
4,0,3,8, 0.058866683488
4,0,4,0, 0.152608082603
4,0,4,1, 0.101353944495
4,0,4,5, 0.154904960918
4,0,4,6, 0.094326396254
4,0,4,9,-0.031114929126
4,0,5,0, 0.073917965514
4,0,5,1, 0.055613188600
4,0,5,4, 0.154904960918
4,0,5,5, 0.161510491257
4,0,5,6, 0.068881185442
4,0,5,9, 0.044665585822
4,0,6,0, 0.013710499951
4,0,6,1, 0.018244794093
4,0,6,4, 0.094326396254
4,0,6,5, 0.068881185442
4,0,6,6, 0.035616273054
4,0,6,9, 0.041747548388
4,0,7,2, 0.058866683488
4,0,7,7, 0.126766548156
4,0,8,3, 0.058866683488
4,0,8,8, 0.126766548156
4,0,9,0, 0.030871101642
4,0,9,1, 0.037172768475
4,0,9,4,-0.031114929126
4,0,9,5, 0.044665585822
4,0,9,6, 0.041747548388
4,0,9,9, 0.070844527632
4,1,0,4, 0.101353944495
4,1,0,5, 0.050224618475
4,1,0,6, 0.010252194781
4,1,0,9, 0.024432411073
4,1,1,4, 0.072461555243
4,1,1,5, 0.041432496544
4,1,1,6, 0.015332698447
4,1,1,9, 0.030803728728
4,1,2,7, 0.042785245746
4,1,3,8, 0.042785245746
4,1,4,0, 0.101353944495
4,1,4,1, 0.072461555243
4,1,4,5, 0.106196556386
4,1,4,6, 0.067617729388
4,1,4,9,-0.011525232483
4,1,5,0, 0.050224618475
4,1,5,1, 0.041432496544
4,1,5,4, 0.106196556386
4,1,5,5, 0.113668126532
4,1,5,6, 0.051989611698
4,1,5,9, 0.041747548388
4,1,6,0, 0.010252194781
4,1,6,1, 0.015332698447
4,1,6,4, 0.067617729388
4,1,6,5, 0.051989611698
4,1,6,6, 0.030090886558
4,1,6,9, 0.035743662008
4,1,7,2, 0.042785245746
4,1,7,7, 0.096084756321
4,1,8,3, 0.042785245746
4,1,8,8, 0.096084756321
4,1,9,0, 0.024432411073
4,1,9,1, 0.030803728728
4,1,9,4,-0.011525232483
4,1,9,5, 0.041747548388
4,1,9,6, 0.035743662008
4,1,9,9, 0.060386876020
4,2,0,7, 0.025612726164
4,2,1,7, 0.021788905857
4,2,2,4, 0.048105227081
4,2,2,5, 0.020888438181
4,2,2,6, 0.004550133254
4,2,2,9, 0.006545631845
4,2,4,2, 0.048105227081
4,2,4,7, 0.044557294783
4,2,5,2, 0.020888438181
4,2,5,7, 0.046098626159
4,2,6,2, 0.004550133254
4,2,6,7, 0.025545536113
4,2,7,0, 0.025612726164
4,2,7,1, 0.021788905857
4,2,7,4, 0.044557294783
4,2,7,5, 0.046098626159
4,2,7,6, 0.025545536113
4,2,7,9, 0.006102274070
4,2,9,2, 0.006545631845
4,2,9,7, 0.006102274070
4,3,0,8, 0.025612726164
4,3,1,8, 0.021788905857
4,3,3,4, 0.048105227081
4,3,3,5, 0.020888438181
4,3,3,6, 0.004550133254
4,3,3,9, 0.006545631845
4,3,4,3, 0.048105227081
4,3,4,8, 0.044557294783
4,3,5,3, 0.020888438181
4,3,5,8, 0.046098626159
4,3,6,3, 0.004550133254
4,3,6,8, 0.025545536113
4,3,8,0, 0.025612726164
4,3,8,1, 0.021788905857
4,3,8,4, 0.044557294783
4,3,8,5, 0.046098626159
4,3,8,6, 0.025545536113
4,3,8,9, 0.006102274070
4,3,9,3, 0.006545631845
4,3,9,8, 0.006102274070
4,4,0,0, 0.775037038942
4,4,0,1, 0.462081934851
4,4,0,5, 0.596912399548
4,4,0,6, 0.425637039992
4,4,0,9,-0.431021197100
4,4,1,0, 0.462081934851
4,4,1,1, 0.491073083906
4,4,1,5, 0.411926875764
4,4,1,6, 0.462308756647
4,4,1,9,-0.129143236452
4,4,2,2, 0.689508254834
4,4,2,7, 0.508735453903
4,4,3,3, 0.689508254834
4,4,3,8, 0.508735453903
4,4,4,4, 0.785718708997
4,4,4,5, 0.395651990357
4,4,4,6, 0.079188176299
4,4,4,9, 0.211227383496
4,4,5,0, 0.596912399548
4,4,5,1, 0.411926875764
4,4,5,4, 0.395651990357
4,4,5,5, 0.743009564352
4,4,5,6, 0.436670707560
4,4,5,9,-0.070844527632
4,4,6,0, 0.425637039992
4,4,6,1, 0.462308756647
4,4,6,4, 0.079188176299
4,4,6,5, 0.436670707560
4,4,6,6, 0.470208541574
4,4,6,9,-0.060386876020
4,4,7,2, 0.508735453903
4,4,7,7, 0.655556873169
4,4,8,3, 0.508735453903
4,4,8,8, 0.655556873169
4,4,9,0,-0.431021197100
4,4,9,1,-0.129143236452
4,4,9,4, 0.211227383496
4,4,9,5,-0.070844527632
4,4,9,6,-0.060386876020
4,4,9,9, 0.688534626908
4,5,0,0, 0.382293450690
4,5,0,1, 0.230146786143
4,5,0,4, 0.154904960918
4,5,0,5, 0.373104945379
4,5,0,6, 0.226684332927
4,5,0,9,-0.173120686669
4,5,1,0, 0.230146786143
4,5,1,1, 0.248295222030
4,5,1,4, 0.106196556386
4,5,1,5, 0.266754330360
4,5,1,6, 0.254157145955
4,5,1,9,-0.016997718798
4,5,2,2, 0.340099573952
4,5,2,7, 0.312351886356
4,5,3,3, 0.340099573952
4,5,3,8, 0.312351886356
4,5,4,0, 0.154904960918
4,5,4,1, 0.106196556386
4,5,4,4, 0.395651990357
4,5,4,5, 0.362375823067
4,5,4,6, 0.139372419591
4,5,4,9, 0.087655068993
4,5,5,0, 0.373104945379
4,5,5,1, 0.266754330360
4,5,5,4, 0.362375823067
4,5,5,5, 0.546809124166
4,5,5,6, 0.294675946803
4,5,5,9, 0.030871101642
4,5,6,0, 0.226684332927
4,5,6,1, 0.254157145955
4,5,6,4, 0.139372419591
4,5,6,5, 0.294675946803
4,5,6,6, 0.278088076325
4,5,6,9, 0.024432411073
4,5,7,2, 0.312351886356
4,5,7,7, 0.462961800854
4,5,8,3, 0.312351886356
4,5,8,8, 0.462961800854
4,5,9,0,-0.173120686669
4,5,9,1,-0.016997718798
4,5,9,4, 0.087655068993
4,5,9,5, 0.030871101642
4,5,9,6, 0.024432411073
4,5,9,9, 0.431021197100
4,6,0,0, 0.075688299209
4,6,0,1, 0.047333069859
4,6,0,4, 0.094326396254
4,6,0,5, 0.106016204914
4,6,0,6, 0.053247343490
4,6,0,9,-0.016997718798
4,6,1,0, 0.047333069859
4,6,1,1, 0.054091361953
4,6,1,4, 0.067617729388
4,6,1,5, 0.081880765023
4,6,1,6, 0.065471764037
4,6,1,9, 0.018444729417
4,6,2,2, 0.070016926748
4,6,2,7, 0.092116218929
4,6,3,3, 0.070016926748
4,6,3,8, 0.092116218929
4,6,4,0, 0.094326396254
4,6,4,1, 0.067617729388
4,6,4,4, 0.079188176299
4,6,4,5, 0.139372419591
4,6,4,6, 0.071605019993
4,6,4,9, 0.012897140019
4,6,5,0, 0.106016204914
4,6,5,1, 0.081880765023
4,6,5,4, 0.139372419591
4,6,5,5, 0.181894320850
4,6,5,6, 0.094823849667
4,6,5,9, 0.037172768475
4,6,6,0, 0.053247343490
4,6,6,1, 0.065471764037
4,6,6,4, 0.071605019993
4,6,6,5, 0.094823849667
4,6,6,6, 0.080631042135
4,6,6,9, 0.030803728728
4,6,7,2, 0.092116218929
4,6,7,7, 0.159329183445
4,6,8,3, 0.092116218929
4,6,8,8, 0.159329183445
4,6,9,0,-0.016997718798
4,6,9,1, 0.018444729417
4,6,9,4, 0.012897140019
4,6,9,5, 0.037172768475
4,6,9,6, 0.030803728728
4,6,9,9, 0.129143236452
4,7,0,2, 0.058866683488
4,7,0,7, 0.070817007604
4,7,1,2, 0.042785245746
4,7,1,7, 0.060056657939
4,7,2,0, 0.058866683488
4,7,2,1, 0.042785245746
4,7,2,4, 0.044557294783
4,7,2,5, 0.066529470988
4,7,2,6, 0.043791430257
4,7,2,9,-0.025705760933
4,7,4,2, 0.044557294783
4,7,4,7, 0.079098140065
4,7,5,2, 0.066529470988
4,7,5,7, 0.105268349832
4,7,6,2, 0.043791430257
4,7,6,7, 0.066700561543
4,7,7,0, 0.070817007604
4,7,7,1, 0.060056657939
4,7,7,4, 0.079098140065
4,7,7,5, 0.105268349832
4,7,7,6, 0.066700561543
4,7,7,9, 0.006545631845
4,7,9,2,-0.025705760933
4,7,9,7, 0.006545631845
4,8,0,3, 0.058866683488
4,8,0,8, 0.070817007604
4,8,1,3, 0.042785245746
4,8,1,8, 0.060056657939
4,8,3,0, 0.058866683488
4,8,3,1, 0.042785245746
4,8,3,4, 0.044557294783
4,8,3,5, 0.066529470988
4,8,3,6, 0.043791430257
4,8,3,9,-0.025705760933
4,8,4,3, 0.044557294783
4,8,4,8, 0.079098140065
4,8,5,3, 0.066529470988
4,8,5,8, 0.105268349832
4,8,6,3, 0.043791430257
4,8,6,8, 0.066700561543
4,8,8,0, 0.070817007604
4,8,8,1, 0.060056657939
4,8,8,4, 0.079098140065
4,8,8,5, 0.105268349832
4,8,8,6, 0.066700561543
4,8,8,9, 0.006545631845
4,8,9,3,-0.025705760933
4,8,9,8, 0.006545631845
4,9,0,0, 0.186602426936
4,9,0,1, 0.119210734171
4,9,0,4,-0.031114929126
4,9,0,5, 0.138000387640
4,9,0,6, 0.109326931557
4,9,0,9,-0.087655068993
4,9,1,0, 0.119210734171
4,9,1,1, 0.138731236795
4,9,1,4,-0.011525232483
4,9,1,5, 0.109326931557
4,9,1,6, 0.132835962723
4,9,1,9,-0.012897140019
4,9,2,2, 0.170950995965
4,9,2,7, 0.120635631284
4,9,3,3, 0.170950995965
4,9,3,8, 0.120635631284
4,9,4,0,-0.031114929126
4,9,4,1,-0.011525232483
4,9,4,4, 0.211227383496
4,9,4,5, 0.087655068993
4,9,4,6, 0.012897140019
4,9,4,9, 0.097165877463
4,9,5,0, 0.138000387640
4,9,5,1, 0.109326931557
4,9,5,4, 0.087655068993
4,9,5,5, 0.186602426936
4,9,5,6, 0.119210734171
4,9,5,9, 0.031114929126
4,9,6,0, 0.109326931557
4,9,6,1, 0.132835962723
4,9,6,4, 0.012897140019
4,9,6,5, 0.119210734171
4,9,6,6, 0.138731236795
4,9,6,9, 0.011525232483
4,9,7,2, 0.120635631284
4,9,7,7, 0.170950995965
4,9,8,3, 0.120635631284
4,9,8,8, 0.170950995965
4,9,9,0,-0.087655068993
4,9,9,1,-0.012897140019
4,9,9,4, 0.097165877463
4,9,9,5, 0.031114929126
4,9,9,6, 0.011525232483
4,9,9,9, 0.211227383496
5,0,0,0, 0.657004003612
5,0,0,1, 0.378142908689
5,0,0,4, 0.073917965514
5,0,0,5, 0.525373049417
5,0,0,6, 0.354742851052
5,0,0,9,-0.373104945379
5,0,1,0, 0.378142908689
5,0,1,1, 0.389778675689
5,0,1,4, 0.050224618475
5,0,1,5, 0.354742851052
5,0,1,6, 0.375992511408
5,0,1,9,-0.106016204914
5,0,2,2, 0.577204763781
5,0,2,7, 0.445811098888
5,0,3,3, 0.577204763781
5,0,3,8, 0.445811098888
5,0,4,0, 0.073917965514
5,0,4,1, 0.050224618475
5,0,4,4, 0.596912399548
5,0,4,5, 0.373104945379
5,0,4,6, 0.106016204914
5,0,4,9, 0.138000387640
5,0,5,0, 0.525373049417
5,0,5,1, 0.354742851052
5,0,5,4, 0.373104945379
5,0,5,5, 0.657004003612
5,0,5,6, 0.378142908689
5,0,5,9,-0.073917965514
5,0,6,0, 0.354742851052
5,0,6,1, 0.375992511408
5,0,6,4, 0.106016204914
5,0,6,5, 0.378142908689
5,0,6,6, 0.389778675689
5,0,6,9,-0.050224618475
5,0,7,2, 0.445811098888
5,0,7,7, 0.577204763781
5,0,8,3, 0.445811098888
5,0,8,8, 0.577204763781
5,0,9,0,-0.373104945379
5,0,9,1,-0.106016204914
5,0,9,4, 0.138000387640
5,0,9,5,-0.073917965514
5,0,9,6,-0.050224618475
5,0,9,9, 0.596912399548
5,1,0,0, 0.428938747235
5,1,0,1, 0.260826264812
5,1,0,4, 0.055613188600
5,1,0,5, 0.354742851052
5,1,0,6, 0.246330897045
5,1,0,9,-0.226684332927
5,1,1,0, 0.260826264812
5,1,1,1, 0.290124535101
5,1,1,4, 0.041432496544
5,1,1,5, 0.255580119216
5,1,1,6, 0.283484596153
5,1,1,9,-0.053247343490
5,1,2,2, 0.396568793345
5,1,2,7, 0.314024084562
5,1,3,3, 0.396568793345
5,1,3,8, 0.314024084562
5,1,4,0, 0.055613188600
5,1,4,1, 0.041432496544
5,1,4,4, 0.411926875764
5,1,4,5, 0.266754330360
5,1,4,6, 0.081880765023
5,1,4,9, 0.109326931557
5,1,5,0, 0.354742851052
5,1,5,1, 0.255580119216
5,1,5,4, 0.266754330360
5,1,5,5, 0.463914049605
5,1,5,6, 0.276081268407
5,1,5,9,-0.013710499951
5,1,6,0, 0.246330897045
5,1,6,1, 0.283484596153
5,1,6,4, 0.081880765023
5,1,6,5, 0.276081268407
5,1,6,6, 0.298686100736
5,1,6,9,-0.010252194781
5,1,7,2, 0.314024084562
5,1,7,7, 0.424909806399
5,1,8,3, 0.314024084562
5,1,8,8, 0.424909806399
5,1,9,0,-0.226684332927
5,1,9,1,-0.053247343490
5,1,9,4, 0.109326931557
5,1,9,5,-0.013710499951
5,1,9,6,-0.010252194781
5,1,9,9, 0.425637039992
5,2,0,2, 0.110654234639
5,2,0,7, 0.090276785674
5,2,1,2, 0.075084813760
5,2,1,7, 0.069071380581
5,2,2,0, 0.110654234639
5,2,2,1, 0.075084813760
5,2,2,4, 0.020888438181
5,2,2,5, 0.090786847068
5,2,2,6, 0.070743773595
5,2,2,9,-0.070817007604
5,2,4,2, 0.020888438181
5,2,4,7, 0.066529470988
5,2,5,2, 0.090786847068
5,2,5,7, 0.106723062653
5,2,6,2, 0.070743773595
5,2,6,7, 0.072605096532
5,2,7,0, 0.090276785674
5,2,7,1, 0.069071380581
5,2,7,4, 0.066529470988
5,2,7,5, 0.106723062653
5,2,7,6, 0.072605096532
5,2,7,9,-0.025612726164
5,2,9,2,-0.070817007604
5,2,9,7,-0.025612726164
5,3,0,3, 0.110654234639
5,3,0,8, 0.090276785674
5,3,1,3, 0.075084813760
5,3,1,8, 0.069071380581
5,3,3,0, 0.110654234639
5,3,3,1, 0.075084813760
5,3,3,4, 0.020888438181
5,3,3,5, 0.090786847068
5,3,3,6, 0.070743773595
5,3,3,9,-0.070817007604
5,3,4,3, 0.020888438181
5,3,4,8, 0.066529470988
5,3,5,3, 0.090786847068
5,3,5,8, 0.106723062653
5,3,6,3, 0.070743773595
5,3,6,8, 0.072605096532
5,3,8,0, 0.090276785674
5,3,8,1, 0.069071380581
5,3,8,4, 0.066529470988
5,3,8,5, 0.106723062653
5,3,8,6, 0.072605096532
5,3,8,9,-0.025612726164
5,3,9,3,-0.070817007604
5,3,9,8,-0.025612726164
5,4,0,0, 0.382293450690
5,4,0,1, 0.230146786143
5,4,0,4, 0.154904960918
5,4,0,5, 0.373104945379
5,4,0,6, 0.226684332927
5,4,0,9,-0.173120686669
5,4,1,0, 0.230146786143
5,4,1,1, 0.248295222030
5,4,1,4, 0.106196556386
5,4,1,5, 0.266754330360
5,4,1,6, 0.254157145955
5,4,1,9,-0.016997718798
5,4,2,2, 0.340099573952
5,4,2,7, 0.312351886356
5,4,3,3, 0.340099573952
5,4,3,8, 0.312351886356
5,4,4,0, 0.154904960918
5,4,4,1, 0.106196556386
5,4,4,4, 0.395651990357
5,4,4,5, 0.362375823067
5,4,4,6, 0.139372419591
5,4,4,9, 0.087655068993
5,4,5,0, 0.373104945379
5,4,5,1, 0.266754330360
5,4,5,4, 0.362375823067
5,4,5,5, 0.546809124166
5,4,5,6, 0.294675946803
5,4,5,9, 0.030871101642
5,4,6,0, 0.226684332927
5,4,6,1, 0.254157145955
5,4,6,4, 0.139372419591
5,4,6,5, 0.294675946803
5,4,6,6, 0.278088076325
5,4,6,9, 0.024432411073
5,4,7,2, 0.312351886356
5,4,7,7, 0.462961800854
5,4,8,3, 0.312351886356
5,4,8,8, 0.462961800854
5,4,9,0,-0.173120686669
5,4,9,1,-0.016997718798
5,4,9,4, 0.087655068993
5,4,9,5, 0.030871101642
5,4,9,6, 0.024432411073
5,4,9,9, 0.431021197100
5,5,0,0, 0.753268106450
5,5,0,1, 0.448371690418
5,5,0,4, 0.161510491257
5,5,0,5, 0.657004003612
5,5,0,6, 0.428938747235
5,5,0,9,-0.382293450690
5,5,1,0, 0.448371690418
5,5,1,1, 0.480874520727
5,5,1,4, 0.113668126532
5,5,1,5, 0.463914049605
5,5,1,6, 0.476367234465
5,5,1,9,-0.075688299209
5,5,2,2, 0.670680684061
5,5,2,7, 0.555594747831
5,5,3,3, 0.670680684061
5,5,3,8, 0.555594747831
5,5,4,0, 0.161510491257
5,5,4,1, 0.113668126532
5,5,4,4, 0.743009564352
5,5,4,5, 0.546809124166
5,5,4,6, 0.181894320850
5,5,4,9, 0.186602426936
5,5,5,0, 0.657004003612
5,5,5,1, 0.463914049605
5,5,5,4, 0.546809124166
5,5,5,5, 0.897251802255
5,5,5,6, 0.504699283325
5,5,6,0, 0.428938747235
5,5,6,1, 0.476367234465
5,5,6,4, 0.181894320850
5,5,6,5, 0.504699283325
5,5,6,6, 0.507364877272
5,5,7,2, 0.555594747831
5,5,7,7, 0.775037038942
5,5,8,3, 0.555594747831
5,5,8,8, 0.775037038942
5,5,9,0,-0.382293450690
5,5,9,1,-0.075688299209
5,5,9,4, 0.186602426936
5,5,9,9, 0.775037038942
5,6,0,0, 0.448371690418
5,6,0,1, 0.274690330507
5,6,0,4, 0.068881185442
5,6,0,5, 0.378142908689
5,6,0,6, 0.260826264812
5,6,0,9,-0.230146786143
5,6,1,0, 0.274690330507
5,6,1,1, 0.309204869790
5,6,1,4, 0.051989611698
5,6,1,5, 0.276081268407
5,6,1,6, 0.304761266511
5,6,1,9,-0.047333069859
5,6,2,2, 0.415239339274
5,6,2,7, 0.334749793001
5,6,3,3, 0.415239339274
5,6,3,8, 0.334749793001
5,6,4,0, 0.068881185442
5,6,4,1, 0.051989611698
5,6,4,4, 0.436670707560
5,6,4,5, 0.294675946803
5,6,4,6, 0.094823849667
5,6,4,9, 0.119210734171
5,6,5,0, 0.378142908689
5,6,5,1, 0.276081268407
5,6,5,4, 0.294675946803
5,6,5,5, 0.504699283325
5,6,5,6, 0.300015949963
5,6,6,0, 0.260826264812
5,6,6,1, 0.304761266511
5,6,6,4, 0.094823849667
5,6,6,5, 0.300015949963
5,6,6,6, 0.324022459289
5,6,7,2, 0.334749793001
5,6,7,7, 0.462081934851
5,6,8,3, 0.334749793001
5,6,8,8, 0.462081934851
5,6,9,0,-0.230146786143
5,6,9,1,-0.047333069859
5,6,9,4, 0.119210734171
5,6,9,9, 0.462081934851
5,7,0,2, 0.111604108886
5,7,0,7, 0.110654234639
5,7,1,2, 0.079436982114
5,7,1,7, 0.092650862617
5,7,2,0, 0.111604108886
5,7,2,1, 0.079436982114
5,7,2,4, 0.046098626159
5,7,2,5, 0.106723062653
5,7,2,6, 0.077795429119
5,7,2,9,-0.058866683488
5,7,4,2, 0.046098626159
5,7,4,7, 0.105268349832
5,7,5,2, 0.106723062653
5,7,5,7, 0.152608082603
5,7,6,2, 0.077795429119
5,7,6,7, 0.101353944495
5,7,7,0, 0.110654234639
5,7,7,1, 0.092650862617
5,7,7,4, 0.105268349832
5,7,7,5, 0.152608082603
5,7,7,6, 0.101353944495
5,7,9,2,-0.058866683488
5,8,0,3, 0.111604108886
5,8,0,8, 0.110654234639
5,8,1,3, 0.079436982114
5,8,1,8, 0.092650862617
5,8,3,0, 0.111604108886
5,8,3,1, 0.079436982114
5,8,3,4, 0.046098626159
5,8,3,5, 0.106723062653
5,8,3,6, 0.077795429119
5,8,3,9,-0.058866683488
5,8,4,3, 0.046098626159
5,8,4,8, 0.105268349832
5,8,5,3, 0.106723062653
5,8,5,8, 0.152608082603
5,8,6,3, 0.077795429119
5,8,6,8, 0.101353944495
5,8,8,0, 0.110654234639
5,8,8,1, 0.092650862617
5,8,8,4, 0.105268349832
5,8,8,5, 0.152608082603
5,8,8,6, 0.101353944495
5,8,9,3,-0.058866683488
5,9,0,0,-0.161510491257
5,9,0,1,-0.068881185442
5,9,0,4, 0.044665585822
5,9,0,5,-0.073917965514
5,9,0,6,-0.055613188600
5,9,0,9, 0.154904960918
5,9,1,0,-0.068881185442
5,9,1,1,-0.035616273054
5,9,1,4, 0.041747548388
5,9,1,5,-0.013710499951
5,9,1,6,-0.018244794093
5,9,1,9, 0.094326396254
5,9,2,2,-0.126766548156
5,9,2,7,-0.058866683488
5,9,3,3,-0.126766548156
5,9,3,8,-0.058866683488
5,9,4,0, 0.044665585822
5,9,4,1, 0.041747548388
5,9,4,4,-0.070844527632
5,9,4,5, 0.030871101642
5,9,4,6, 0.037172768475
5,9,4,9, 0.031114929126
5,9,5,0,-0.073917965514
5,9,5,1,-0.013710499951
5,9,5,4, 0.030871101642
5,9,5,9, 0.152608082603
5,9,6,0,-0.055613188600
5,9,6,1,-0.018244794093
5,9,6,4, 0.037172768475
5,9,6,9, 0.101353944495
5,9,7,2,-0.058866683488
5,9,8,3,-0.058866683488
5,9,9,0, 0.154904960918
5,9,9,1, 0.094326396254
5,9,9,4, 0.031114929126
5,9,9,5, 0.152608082603
5,9,9,6, 0.101353944495
6,0,0,0, 0.463914049605
6,0,0,1, 0.276081268407
6,0,0,4, 0.013710499951
6,0,0,5, 0.354742851052
6,0,0,6, 0.255580119216
6,0,0,9,-0.266754330360
6,0,1,0, 0.276081268407
6,0,1,1, 0.298686100736
6,0,1,4, 0.010252194781
6,0,1,5, 0.246330897045
6,0,1,6, 0.283484596153
6,0,1,9,-0.081880765023
6,0,2,2, 0.424909806399
6,0,2,7, 0.314024084562
6,0,3,3, 0.424909806399
6,0,3,8, 0.314024084562
6,0,4,0, 0.013710499951
6,0,4,1, 0.010252194781
6,0,4,4, 0.425637039992
6,0,4,5, 0.226684332927
6,0,4,6, 0.053247343490
6,0,4,9, 0.109326931557
6,0,5,0, 0.354742851052
6,0,5,1, 0.246330897045
6,0,5,4, 0.226684332927
6,0,5,5, 0.428938747235
6,0,5,6, 0.260826264812
6,0,5,9,-0.055613188600
6,0,6,0, 0.255580119216
6,0,6,1, 0.283484596153
6,0,6,4, 0.053247343490
6,0,6,5, 0.260826264812
6,0,6,6, 0.290124535101
6,0,6,9,-0.041432496544
6,0,7,2, 0.314024084562
6,0,7,7, 0.396568793345
6,0,8,3, 0.314024084562
6,0,8,8, 0.396568793345
6,0,9,0,-0.266754330360
6,0,9,1,-0.081880765023
6,0,9,4, 0.109326931557
6,0,9,5,-0.055613188600
6,0,9,6,-0.041432496544
6,0,9,9, 0.411926875764
6,1,0,0, 0.476367234465
6,1,0,1, 0.304761266511
6,1,0,4, 0.018244794093
6,1,0,5, 0.375992511408
6,1,0,6, 0.283484596153
6,1,0,9,-0.254157145955
6,1,1,0, 0.304761266511
6,1,1,1, 0.372059014541
6,1,1,4, 0.015332698447
6,1,1,5, 0.283484596153
6,1,1,6, 0.357040920869
6,1,1,9,-0.065471764037
6,1,2,2, 0.461150376087
6,1,2,7, 0.348189880216
6,1,3,3, 0.461150376087
6,1,3,8, 0.348189880216
6,1,4,0, 0.018244794093
6,1,4,1, 0.015332698447
6,1,4,4, 0.462308756647
6,1,4,5, 0.254157145955
6,1,4,6, 0.065471764037
6,1,4,9, 0.132835962723
6,1,5,0, 0.375992511408
6,1,5,1, 0.283484596153
6,1,5,4, 0.254157145955
6,1,5,5, 0.476367234465
6,1,5,6, 0.304761266511
6,1,5,9,-0.018244794093
6,1,6,0, 0.283484596153
6,1,6,1, 0.357040920869
6,1,6,4, 0.065471764037
6,1,6,5, 0.304761266511
6,1,6,6, 0.372059014541
6,1,6,9,-0.015332698447
6,1,7,2, 0.348189880216
6,1,7,7, 0.461150376087
6,1,8,3, 0.348189880216
6,1,8,8, 0.461150376087
6,1,9,0,-0.254157145955
6,1,9,1,-0.065471764037
6,1,9,4, 0.132835962723
6,1,9,5,-0.018244794093
6,1,9,6,-0.015332698447
6,1,9,9, 0.462308756647
6,2,0,2, 0.092650862617
6,2,0,7, 0.069071380581
6,2,1,2, 0.066299216217
6,2,1,7, 0.055152599463
6,2,2,0, 0.092650862617
6,2,2,1, 0.066299216217
6,2,2,4, 0.004550133254
6,2,2,5, 0.070743773595
6,2,2,6, 0.061179778244
6,2,2,9,-0.060056657939
6,2,4,2, 0.004550133254
6,2,4,7, 0.043791430257
6,2,5,2, 0.070743773595
6,2,5,7, 0.077795429119
6,2,6,2, 0.061179778244
6,2,6,7, 0.057360522296
6,2,7,0, 0.069071380581
6,2,7,1, 0.055152599463
6,2,7,4, 0.043791430257
6,2,7,5, 0.077795429119
6,2,7,6, 0.057360522296
6,2,7,9,-0.021788905857
6,2,9,2,-0.060056657939
6,2,9,7,-0.021788905857
6,3,0,3, 0.092650862617
6,3,0,8, 0.069071380581
6,3,1,3, 0.066299216217
6,3,1,8, 0.055152599463
6,3,3,0, 0.092650862617
6,3,3,1, 0.066299216217
6,3,3,4, 0.004550133254
6,3,3,5, 0.070743773595
6,3,3,6, 0.061179778244
6,3,3,9,-0.060056657939
6,3,4,3, 0.004550133254
6,3,4,8, 0.043791430257
6,3,5,3, 0.070743773595
6,3,5,8, 0.077795429119
6,3,6,3, 0.061179778244
6,3,6,8, 0.057360522296
6,3,8,0, 0.069071380581
6,3,8,1, 0.055152599463
6,3,8,4, 0.043791430257
6,3,8,5, 0.077795429119
6,3,8,6, 0.057360522296
6,3,8,9,-0.021788905857
6,3,9,3,-0.060056657939
6,3,9,8,-0.021788905857
6,4,0,0, 0.075688299209
6,4,0,1, 0.047333069859
6,4,0,4, 0.094326396254
6,4,0,5, 0.106016204914
6,4,0,6, 0.053247343490
6,4,0,9,-0.016997718798
6,4,1,0, 0.047333069859
6,4,1,1, 0.054091361953
6,4,1,4, 0.067617729388
6,4,1,5, 0.081880765023
6,4,1,6, 0.065471764037
6,4,1,9, 0.018444729417
6,4,2,2, 0.070016926748
6,4,2,7, 0.092116218929
6,4,3,3, 0.070016926748
6,4,3,8, 0.092116218929
6,4,4,0, 0.094326396254
6,4,4,1, 0.067617729388
6,4,4,4, 0.079188176299
6,4,4,5, 0.139372419591
6,4,4,6, 0.071605019993
6,4,4,9, 0.012897140019
6,4,5,0, 0.106016204914
6,4,5,1, 0.081880765023
6,4,5,4, 0.139372419591
6,4,5,5, 0.181894320850
6,4,5,6, 0.094823849667
6,4,5,9, 0.037172768475
6,4,6,0, 0.053247343490
6,4,6,1, 0.065471764037
6,4,6,4, 0.071605019993
6,4,6,5, 0.094823849667
6,4,6,6, 0.080631042135
6,4,6,9, 0.030803728728
6,4,7,2, 0.092116218929
6,4,7,7, 0.159329183445
6,4,8,3, 0.092116218929
6,4,8,8, 0.159329183445
6,4,9,0,-0.016997718798
6,4,9,1, 0.018444729417
6,4,9,4, 0.012897140019
6,4,9,5, 0.037172768475
6,4,9,6, 0.030803728728
6,4,9,9, 0.129143236452
6,5,0,0, 0.448371690418
6,5,0,1, 0.274690330507
6,5,0,4, 0.068881185442
6,5,0,5, 0.378142908689
6,5,0,6, 0.260826264812
6,5,0,9,-0.230146786143
6,5,1,0, 0.274690330507
6,5,1,1, 0.309204869790
6,5,1,4, 0.051989611698
6,5,1,5, 0.276081268407
6,5,1,6, 0.304761266511
6,5,1,9,-0.047333069859
6,5,2,2, 0.415239339274
6,5,2,7, 0.334749793001
6,5,3,3, 0.415239339274
6,5,3,8, 0.334749793001
6,5,4,0, 0.068881185442
6,5,4,1, 0.051989611698
6,5,4,4, 0.436670707560
6,5,4,5, 0.294675946803
6,5,4,6, 0.094823849667
6,5,4,9, 0.119210734171
6,5,5,0, 0.378142908689
6,5,5,1, 0.276081268407
6,5,5,4, 0.294675946803
6,5,5,5, 0.504699283325
6,5,5,6, 0.300015949963
6,5,6,0, 0.260826264812
6,5,6,1, 0.304761266511
6,5,6,4, 0.094823849667
6,5,6,5, 0.300015949963
6,5,6,6, 0.324022459289
6,5,7,2, 0.334749793001
6,5,7,7, 0.462081934851
6,5,8,3, 0.334749793001
6,5,8,8, 0.462081934851
6,5,9,0,-0.230146786143
6,5,9,1,-0.047333069859
6,5,9,4, 0.119210734171
6,5,9,9, 0.462081934851
6,6,0,0, 0.480874520727
6,6,0,1, 0.309204869790
6,6,0,4, 0.035616273054
6,6,0,5, 0.389778675689
6,6,0,6, 0.290124535101
6,6,0,9,-0.248295222030
6,6,1,0, 0.309204869790
6,6,1,1, 0.381519387099
6,6,1,4, 0.030090886558
6,6,1,5, 0.298686100736
6,6,1,6, 0.372059014541
6,6,1,9,-0.054091361953
6,6,2,2, 0.465759548356
6,6,2,7, 0.360935468676
6,6,3,3, 0.465759548356
6,6,3,8, 0.360935468676
6,6,4,0, 0.035616273054
6,6,4,1, 0.030090886558
6,6,4,4, 0.470208541574
6,6,4,5, 0.278088076325
6,6,4,6, 0.080631042135
6,6,4,9, 0.138731236795
6,6,5,0, 0.389778675689
6,6,5,1, 0.298686100736
6,6,5,4, 0.278088076325
6,6,5,5, 0.507364877272
6,6,5,6, 0.324022459289
6,6,6,0, 0.290124535101
6,6,6,1, 0.372059014541
6,6,6,4, 0.080631042135
6,6,6,5, 0.324022459289
6,6,6,6, 0.394125899248
6,6,7,2, 0.360935468676
6,6,7,7, 0.491073083906
6,6,8,3, 0.360935468676
6,6,8,8, 0.491073083906
6,6,9,0,-0.248295222030
6,6,9,1,-0.054091361953
6,6,9,4, 0.138731236795
6,6,9,9, 0.491073083906
6,7,0,2, 0.079436982114
6,7,0,7, 0.075084813760
6,7,1,2, 0.059195252493
6,7,1,7, 0.066299216217
6,7,2,0, 0.079436982114
6,7,2,1, 0.059195252493
6,7,2,4, 0.025545536113
6,7,2,5, 0.072605096532
6,7,2,6, 0.057360522296
6,7,2,9,-0.042785245746
6,7,4,2, 0.025545536113
6,7,4,7, 0.066700561543
6,7,5,2, 0.072605096532
6,7,5,7, 0.101353944495
6,7,6,2, 0.057360522296
6,7,6,7, 0.072461555243
6,7,7,0, 0.075084813760
6,7,7,1, 0.066299216217
6,7,7,4, 0.066700561543
6,7,7,5, 0.101353944495
6,7,7,6, 0.072461555243
6,7,9,2,-0.042785245746
6,8,0,3, 0.079436982114
6,8,0,8, 0.075084813760
6,8,1,3, 0.059195252493
6,8,1,8, 0.066299216217
6,8,3,0, 0.079436982114
6,8,3,1, 0.059195252493
6,8,3,4, 0.025545536113
6,8,3,5, 0.072605096532
6,8,3,6, 0.057360522296
6,8,3,9,-0.042785245746
6,8,4,3, 0.025545536113
6,8,4,8, 0.066700561543
6,8,5,3, 0.072605096532
6,8,5,8, 0.101353944495
6,8,6,3, 0.057360522296
6,8,6,8, 0.072461555243
6,8,8,0, 0.075084813760
6,8,8,1, 0.066299216217
6,8,8,4, 0.066700561543
6,8,8,5, 0.101353944495
6,8,8,6, 0.072461555243
6,8,9,3,-0.042785245746
6,9,0,0,-0.113668126532
6,9,0,1,-0.051989611698
6,9,0,4, 0.041747548388
6,9,0,5,-0.050224618475
6,9,0,6,-0.041432496544
6,9,0,9, 0.106196556386
6,9,1,0,-0.051989611698
6,9,1,1,-0.030090886558
6,9,1,4, 0.035743662008
6,9,1,5,-0.010252194781
6,9,1,6,-0.015332698447
6,9,1,9, 0.067617729388
6,9,2,2,-0.096084756321
6,9,2,7,-0.042785245746
6,9,3,3,-0.096084756321
6,9,3,8,-0.042785245746
6,9,4,0, 0.041747548388
6,9,4,1, 0.035743662008
6,9,4,4,-0.060386876020
6,9,4,5, 0.024432411073
6,9,4,6, 0.030803728728
6,9,4,9, 0.011525232483
6,9,5,0,-0.050224618475
6,9,5,1,-0.010252194781
6,9,5,4, 0.024432411073
6,9,5,9, 0.101353944495
6,9,6,0,-0.041432496544
6,9,6,1,-0.015332698447
6,9,6,4, 0.030803728728
6,9,6,9, 0.072461555243
6,9,7,2,-0.042785245746
6,9,8,3,-0.042785245746
6,9,9,0, 0.106196556386
6,9,9,1, 0.067617729388
6,9,9,4, 0.011525232483
6,9,9,5, 0.101353944495
6,9,9,6, 0.072461555243
7,0,0,2, 0.106723062653
7,0,0,7, 0.090786847068
7,0,1,2, 0.072605096532
7,0,1,7, 0.070743773595
7,0,2,0, 0.106723062653
7,0,2,1, 0.072605096532
7,0,2,4, 0.025612726164
7,0,2,5, 0.090276785674
7,0,2,6, 0.069071380581
7,0,2,9,-0.066529470988
7,0,4,2, 0.025612726164
7,0,4,7, 0.070817007604
7,0,5,2, 0.090276785674
7,0,5,7, 0.110654234639
7,0,6,2, 0.069071380581
7,0,6,7, 0.075084813760
7,0,7,0, 0.090786847068
7,0,7,1, 0.070743773595
7,0,7,4, 0.070817007604
7,0,7,5, 0.110654234639
7,0,7,6, 0.075084813760
7,0,7,9,-0.020888438181
7,0,9,2,-0.066529470988
7,0,9,7,-0.020888438181
7,1,0,2, 0.077795429119
7,1,0,7, 0.070743773595
7,1,1,2, 0.057360522296
7,1,1,7, 0.061179778244
7,1,2,0, 0.077795429119
7,1,2,1, 0.057360522296
7,1,2,4, 0.021788905857
7,1,2,5, 0.069071380581
7,1,2,6, 0.055152599463
7,1,2,9,-0.043791430257
7,1,4,2, 0.021788905857
7,1,4,7, 0.060056657939
7,1,5,2, 0.069071380581
7,1,5,7, 0.092650862617
7,1,6,2, 0.055152599463
7,1,6,7, 0.066299216217
7,1,7,0, 0.070743773595
7,1,7,1, 0.061179778244
7,1,7,4, 0.060056657939
7,1,7,5, 0.092650862617
7,1,7,6, 0.066299216217
7,1,7,9,-0.004550133254
7,1,9,2,-0.043791430257
7,1,9,7,-0.004550133254
7,2,0,0, 0.555594747831
7,2,0,1, 0.334749793001
7,2,0,4, 0.058866683488
7,2,0,5, 0.445811098888
7,2,0,6, 0.314024084562
7,2,0,9,-0.312351886356
7,2,1,0, 0.334749793001
7,2,1,1, 0.360935468676
7,2,1,4, 0.042785245746
7,2,1,5, 0.314024084562
7,2,1,6, 0.348189880216
7,2,1,9,-0.092116218929
7,2,2,2, 0.561003425150
7,2,2,7, 0.436037762912
7,2,3,3, 0.496453247797
7,2,3,8, 0.382645383780
7,2,4,0, 0.058866683488
7,2,4,1, 0.042785245746
7,2,4,4, 0.508735453903
7,2,4,5, 0.312351886356
7,2,4,6, 0.092116218929
7,2,4,9, 0.120635631284
7,2,5,0, 0.445811098888
7,2,5,1, 0.314024084562
7,2,5,4, 0.312351886356
7,2,5,5, 0.555594747831
7,2,5,6, 0.334749793001
7,2,5,9,-0.058866683488
7,2,6,0, 0.314024084562
7,2,6,1, 0.348189880216
7,2,6,4, 0.092116218929
7,2,6,5, 0.334749793001
7,2,6,6, 0.360935468676
7,2,6,9,-0.042785245746
7,2,7,2, 0.436037762912
7,2,7,7, 0.561003425150
7,2,8,3, 0.382645383780
7,2,8,8, 0.496453247797
7,2,9,0,-0.312351886356
7,2,9,1,-0.092116218929
7,2,9,4, 0.120635631284
7,2,9,5,-0.058866683488
7,2,9,6,-0.042785245746
7,2,9,9, 0.508735453903
7,3,2,3, 0.032275088677
7,3,2,8, 0.026696189566
7,3,3,2, 0.032275088677
7,3,3,7, 0.026696189566
7,3,7,3, 0.026696189566
7,3,7,8, 0.032275088677
7,3,8,2, 0.026696189566
7,3,8,7, 0.032275088677
7,4,0,2, 0.058866683488
7,4,0,7, 0.070817007604
7,4,1,2, 0.042785245746
7,4,1,7, 0.060056657939
7,4,2,0, 0.058866683488
7,4,2,1, 0.042785245746
7,4,2,4, 0.044557294783
7,4,2,5, 0.066529470988
7,4,2,6, 0.043791430257
7,4,2,9,-0.025705760933
7,4,4,2, 0.044557294783
7,4,4,7, 0.079098140065
7,4,5,2, 0.066529470988
7,4,5,7, 0.105268349832
7,4,6,2, 0.043791430257
7,4,6,7, 0.066700561543
7,4,7,0, 0.070817007604
7,4,7,1, 0.060056657939
7,4,7,4, 0.079098140065
7,4,7,5, 0.105268349832
7,4,7,6, 0.066700561543
7,4,7,9, 0.006545631845
7,4,9,2,-0.025705760933
7,4,9,7, 0.006545631845
7,5,0,2, 0.111604108886
7,5,0,7, 0.110654234639
7,5,1,2, 0.079436982114
7,5,1,7, 0.092650862617
7,5,2,0, 0.111604108886
7,5,2,1, 0.079436982114
7,5,2,4, 0.046098626159
7,5,2,5, 0.106723062653
7,5,2,6, 0.077795429119
7,5,2,9,-0.058866683488
7,5,4,2, 0.046098626159
7,5,4,7, 0.105268349832
7,5,5,2, 0.106723062653
7,5,5,7, 0.152608082603
7,5,6,2, 0.077795429119
7,5,6,7, 0.101353944495
7,5,7,0, 0.110654234639
7,5,7,1, 0.092650862617
7,5,7,4, 0.105268349832
7,5,7,5, 0.152608082603
7,5,7,6, 0.101353944495
7,5,9,2,-0.058866683488
7,6,0,2, 0.079436982114
7,6,0,7, 0.075084813760
7,6,1,2, 0.059195252493
7,6,1,7, 0.066299216217
7,6,2,0, 0.079436982114
7,6,2,1, 0.059195252493
7,6,2,4, 0.025545536113
7,6,2,5, 0.072605096532
7,6,2,6, 0.057360522296
7,6,2,9,-0.042785245746
7,6,4,2, 0.025545536113
7,6,4,7, 0.066700561543
7,6,5,2, 0.072605096532
7,6,5,7, 0.101353944495
7,6,6,2, 0.057360522296
7,6,6,7, 0.072461555243
7,6,7,0, 0.075084813760
7,6,7,1, 0.066299216217
7,6,7,4, 0.066700561543
7,6,7,5, 0.101353944495
7,6,7,6, 0.072461555243
7,6,9,2,-0.042785245746
7,7,0,0, 0.670680684061
7,7,0,1, 0.415239339274
7,7,0,4, 0.126766548156
7,7,0,5, 0.577204763781
7,7,0,6, 0.396568793345
7,7,0,9,-0.340099573952
7,7,1,0, 0.415239339274
7,7,1,1, 0.465759548356
7,7,1,4, 0.096084756321
7,7,1,5, 0.424909806399
7,7,1,6, 0.461150376087
7,7,1,9,-0.070016926748
7,7,2,2, 0.669979124802
7,7,2,7, 0.561003425150
7,7,3,3, 0.606289787922
7,7,3,8, 0.496453247797
7,7,4,0, 0.126766548156
7,7,4,1, 0.096084756321
7,7,4,4, 0.655556873169
7,7,4,5, 0.462961800854
7,7,4,6, 0.159329183445
7,7,4,9, 0.170950995965
7,7,5,0, 0.577204763781
7,7,5,1, 0.424909806399
7,7,5,4, 0.462961800854
7,7,5,5, 0.775037038942
7,7,5,6, 0.462081934851
7,7,6,0, 0.396568793345
7,7,6,1, 0.461150376087
7,7,6,4, 0.159329183445
7,7,6,5, 0.462081934851
7,7,6,6, 0.491073083906
7,7,7,2, 0.561003425150
7,7,7,7, 0.785718708997
7,7,8,3, 0.496453247797
7,7,8,8, 0.689508254834
7,7,9,0,-0.340099573952
7,7,9,1,-0.070016926748
7,7,9,4, 0.170950995965
7,7,9,9, 0.689508254834
7,8,2,3, 0.031844668440
7,8,2,8, 0.032275088677
7,8,3,2, 0.031844668440
7,8,3,7, 0.032275088677
7,8,7,3, 0.032275088677
7,8,7,8, 0.048105227081
7,8,8,2, 0.032275088677
7,8,8,7, 0.048105227081
7,9,0,2,-0.046098626159
7,9,0,7,-0.020888438181
7,9,1,2,-0.025545536113
7,9,1,7,-0.004550133254
7,9,2,0,-0.046098626159
7,9,2,1,-0.025545536113
7,9,2,4, 0.006102274070
7,9,2,5,-0.025612726164
7,9,2,6,-0.021788905857
7,9,2,9, 0.044557294783
7,9,4,2, 0.006102274070
7,9,4,7, 0.006545631845
7,9,5,2,-0.025612726164
7,9,6,2,-0.021788905857
7,9,7,0,-0.020888438181
7,9,7,1,-0.004550133254
7,9,7,4, 0.006545631845
7,9,7,9, 0.048105227081
7,9,9,2, 0.044557294783
7,9,9,7, 0.048105227081
8,0,0,3, 0.106723062653
8,0,0,8, 0.090786847068
8,0,1,3, 0.072605096532
8,0,1,8, 0.070743773595
8,0,3,0, 0.106723062653
8,0,3,1, 0.072605096532
8,0,3,4, 0.025612726164
8,0,3,5, 0.090276785674
8,0,3,6, 0.069071380581
8,0,3,9,-0.066529470988
8,0,4,3, 0.025612726164
8,0,4,8, 0.070817007604
8,0,5,3, 0.090276785674
8,0,5,8, 0.110654234639
8,0,6,3, 0.069071380581
8,0,6,8, 0.075084813760
8,0,8,0, 0.090786847068
8,0,8,1, 0.070743773595
8,0,8,4, 0.070817007604
8,0,8,5, 0.110654234639
8,0,8,6, 0.075084813760
8,0,8,9,-0.020888438181
8,0,9,3,-0.066529470988
8,0,9,8,-0.020888438181
8,1,0,3, 0.077795429119
8,1,0,8, 0.070743773595
8,1,1,3, 0.057360522296
8,1,1,8, 0.061179778244
8,1,3,0, 0.077795429119
8,1,3,1, 0.057360522296
8,1,3,4, 0.021788905857
8,1,3,5, 0.069071380581
8,1,3,6, 0.055152599463
8,1,3,9,-0.043791430257
8,1,4,3, 0.021788905857
8,1,4,8, 0.060056657939
8,1,5,3, 0.069071380581
8,1,5,8, 0.092650862617
8,1,6,3, 0.055152599463
8,1,6,8, 0.066299216217
8,1,8,0, 0.070743773595
8,1,8,1, 0.061179778244
8,1,8,4, 0.060056657939
8,1,8,5, 0.092650862617
8,1,8,6, 0.066299216217
8,1,8,9,-0.004550133254
8,1,9,3,-0.043791430257
8,1,9,8,-0.004550133254
8,2,2,3, 0.032275088677
8,2,2,8, 0.026696189566
8,2,3,2, 0.032275088677
8,2,3,7, 0.026696189566
8,2,7,3, 0.026696189566
8,2,7,8, 0.032275088677
8,2,8,2, 0.026696189566
8,2,8,7, 0.032275088677
8,3,0,0, 0.555594747831
8,3,0,1, 0.334749793001
8,3,0,4, 0.058866683488
8,3,0,5, 0.445811098888
8,3,0,6, 0.314024084562
8,3,0,9,-0.312351886356
8,3,1,0, 0.334749793001
8,3,1,1, 0.360935468676
8,3,1,4, 0.042785245746
8,3,1,5, 0.314024084562
8,3,1,6, 0.348189880216
8,3,1,9,-0.092116218929
8,3,2,2, 0.496453247797
8,3,2,7, 0.382645383780
8,3,3,3, 0.561003425150
8,3,3,8, 0.436037762912
8,3,4,0, 0.058866683488
8,3,4,1, 0.042785245746
8,3,4,4, 0.508735453903
8,3,4,5, 0.312351886356
8,3,4,6, 0.092116218929
8,3,4,9, 0.120635631284
8,3,5,0, 0.445811098888
8,3,5,1, 0.314024084562
8,3,5,4, 0.312351886356
8,3,5,5, 0.555594747831
8,3,5,6, 0.334749793001
8,3,5,9,-0.058866683488
8,3,6,0, 0.314024084562
8,3,6,1, 0.348189880216
8,3,6,4, 0.092116218929
8,3,6,5, 0.334749793001
8,3,6,6, 0.360935468676
8,3,6,9,-0.042785245746
8,3,7,2, 0.382645383780
8,3,7,7, 0.496453247797
8,3,8,3, 0.436037762912
8,3,8,8, 0.561003425150
8,3,9,0,-0.312351886356
8,3,9,1,-0.092116218929
8,3,9,4, 0.120635631284
8,3,9,5,-0.058866683488
8,3,9,6,-0.042785245746
8,3,9,9, 0.508735453903
8,4,0,3, 0.058866683488
8,4,0,8, 0.070817007604
8,4,1,3, 0.042785245746
8,4,1,8, 0.060056657939
8,4,3,0, 0.058866683488
8,4,3,1, 0.042785245746
8,4,3,4, 0.044557294783
8,4,3,5, 0.066529470988
8,4,3,6, 0.043791430257
8,4,3,9,-0.025705760933
8,4,4,3, 0.044557294783
8,4,4,8, 0.079098140065
8,4,5,3, 0.066529470988
8,4,5,8, 0.105268349832
8,4,6,3, 0.043791430257
8,4,6,8, 0.066700561543
8,4,8,0, 0.070817007604
8,4,8,1, 0.060056657939
8,4,8,4, 0.079098140065
8,4,8,5, 0.105268349832
8,4,8,6, 0.066700561543
8,4,8,9, 0.006545631845
8,4,9,3,-0.025705760933
8,4,9,8, 0.006545631845
8,5,0,3, 0.111604108886
8,5,0,8, 0.110654234639
8,5,1,3, 0.079436982114
8,5,1,8, 0.092650862617
8,5,3,0, 0.111604108886
8,5,3,1, 0.079436982114
8,5,3,4, 0.046098626159
8,5,3,5, 0.106723062653
8,5,3,6, 0.077795429119
8,5,3,9,-0.058866683488
8,5,4,3, 0.046098626159
8,5,4,8, 0.105268349832
8,5,5,3, 0.106723062653
8,5,5,8, 0.152608082603
8,5,6,3, 0.077795429119
8,5,6,8, 0.101353944495
8,5,8,0, 0.110654234639
8,5,8,1, 0.092650862617
8,5,8,4, 0.105268349832
8,5,8,5, 0.152608082603
8,5,8,6, 0.101353944495
8,5,9,3,-0.058866683488
8,6,0,3, 0.079436982114
8,6,0,8, 0.075084813760
8,6,1,3, 0.059195252493
8,6,1,8, 0.066299216217
8,6,3,0, 0.079436982114
8,6,3,1, 0.059195252493
8,6,3,4, 0.025545536113
8,6,3,5, 0.072605096532
8,6,3,6, 0.057360522296
8,6,3,9,-0.042785245746
8,6,4,3, 0.025545536113
8,6,4,8, 0.066700561543
8,6,5,3, 0.072605096532
8,6,5,8, 0.101353944495
8,6,6,3, 0.057360522296
8,6,6,8, 0.072461555243
8,6,8,0, 0.075084813760
8,6,8,1, 0.066299216217
8,6,8,4, 0.066700561543
8,6,8,5, 0.101353944495
8,6,8,6, 0.072461555243
8,6,9,3,-0.042785245746
8,7,2,3, 0.031844668440
8,7,2,8, 0.032275088677
8,7,3,2, 0.031844668440
8,7,3,7, 0.032275088677
8,7,7,3, 0.032275088677
8,7,7,8, 0.048105227081
8,7,8,2, 0.032275088677
8,7,8,7, 0.048105227081
8,8,0,0, 0.670680684061
8,8,0,1, 0.415239339274
8,8,0,4, 0.126766548156
8,8,0,5, 0.577204763781
8,8,0,6, 0.396568793345
8,8,0,9,-0.340099573952
8,8,1,0, 0.415239339274
8,8,1,1, 0.465759548356
8,8,1,4, 0.096084756321
8,8,1,5, 0.424909806399
8,8,1,6, 0.461150376087
8,8,1,9,-0.070016926748
8,8,2,2, 0.606289787922
8,8,2,7, 0.496453247797
8,8,3,3, 0.669979124802
8,8,3,8, 0.561003425150
8,8,4,0, 0.126766548156
8,8,4,1, 0.096084756321
8,8,4,4, 0.655556873169
8,8,4,5, 0.462961800854
8,8,4,6, 0.159329183445
8,8,4,9, 0.170950995965
8,8,5,0, 0.577204763781
8,8,5,1, 0.424909806399
8,8,5,4, 0.462961800854
8,8,5,5, 0.775037038942
8,8,5,6, 0.462081934851
8,8,6,0, 0.396568793345
8,8,6,1, 0.461150376087
8,8,6,4, 0.159329183445
8,8,6,5, 0.462081934851
8,8,6,6, 0.491073083906
8,8,7,2, 0.496453247797
8,8,7,7, 0.689508254834
8,8,8,3, 0.561003425150
8,8,8,8, 0.785718708997
8,8,9,0,-0.340099573952
8,8,9,1,-0.070016926748
8,8,9,4, 0.170950995965
8,8,9,9, 0.689508254834
8,9,0,3,-0.046098626159
8,9,0,8,-0.020888438181
8,9,1,3,-0.025545536113
8,9,1,8,-0.004550133254
8,9,3,0,-0.046098626159
8,9,3,1,-0.025545536113
8,9,3,4, 0.006102274070
8,9,3,5,-0.025612726164
8,9,3,6,-0.021788905857
8,9,3,9, 0.044557294783
8,9,4,3, 0.006102274070
8,9,4,8, 0.006545631845
8,9,5,3,-0.025612726164
8,9,6,3,-0.021788905857
8,9,8,0,-0.020888438181
8,9,8,1,-0.004550133254
8,9,8,4, 0.006545631845
8,9,8,9, 0.048105227081
8,9,9,3, 0.044557294783
8,9,9,8, 0.048105227081
9,0,0,0,-0.546809124166
9,0,0,1,-0.294675946803
9,0,0,4, 0.030871101642
9,0,0,5,-0.373104945379
9,0,0,6,-0.266754330360
9,0,0,9, 0.362375823067
9,0,1,0,-0.294675946803
9,0,1,1,-0.278088076325
9,0,1,4, 0.024432411073
9,0,1,5,-0.226684332927
9,0,1,6,-0.254157145955
9,0,1,9, 0.139372419591
9,0,2,2,-0.462961800854
9,0,2,7,-0.312351886356
9,0,3,3,-0.462961800854
9,0,3,8,-0.312351886356
9,0,4,0, 0.030871101642
9,0,4,1, 0.024432411073
9,0,4,4,-0.431021197100
9,0,4,5,-0.173120686669
9,0,4,6,-0.016997718798
9,0,4,9,-0.087655068993
9,0,5,0,-0.373104945379
9,0,5,1,-0.226684332927
9,0,5,4,-0.173120686669
9,0,5,5,-0.382293450690
9,0,5,6,-0.230146786143
9,0,5,9, 0.154904960918
9,0,6,0,-0.266754330360
9,0,6,1,-0.254157145955
9,0,6,4,-0.016997718798
9,0,6,5,-0.230146786143
9,0,6,6,-0.248295222030
9,0,6,9, 0.106196556386
9,0,7,2,-0.312351886356
9,0,7,7,-0.340099573952
9,0,8,3,-0.312351886356
9,0,8,8,-0.340099573952
9,0,9,0, 0.362375823067
9,0,9,1, 0.139372419591
9,0,9,4,-0.087655068993
9,0,9,5, 0.154904960918
9,0,9,6, 0.106196556386
9,0,9,9,-0.395651990357
9,1,0,0,-0.181894320850
9,1,0,1,-0.094823849667
9,1,0,4, 0.037172768475
9,1,0,5,-0.106016204914
9,1,0,6,-0.081880765023
9,1,0,9, 0.139372419591
9,1,1,0,-0.094823849667
9,1,1,1,-0.080631042135
9,1,1,4, 0.030803728728
9,1,1,5,-0.053247343490
9,1,1,6,-0.065471764037
9,1,1,9, 0.071605019993
9,1,2,2,-0.159329183445
9,1,2,7,-0.092116218929
9,1,3,3,-0.159329183445
9,1,3,8,-0.092116218929
9,1,4,0, 0.037172768475
9,1,4,1, 0.030803728728
9,1,4,4,-0.129143236452
9,1,4,5,-0.016997718798
9,1,4,6, 0.018444729417
9,1,4,9,-0.012897140019
9,1,5,0,-0.106016204914
9,1,5,1,-0.053247343490
9,1,5,4,-0.016997718798
9,1,5,5,-0.075688299209
9,1,5,6,-0.047333069859
9,1,5,9, 0.094326396254
9,1,6,0,-0.081880765023
9,1,6,1,-0.065471764037
9,1,6,4, 0.018444729417
9,1,6,5,-0.047333069859
9,1,6,6,-0.054091361953
9,1,6,9, 0.067617729388
9,1,7,2,-0.092116218929
9,1,7,7,-0.070016926748
9,1,8,3,-0.092116218929
9,1,8,8,-0.070016926748
9,1,9,0, 0.139372419591
9,1,9,1, 0.071605019993
9,1,9,4,-0.012897140019
9,1,9,5, 0.094326396254
9,1,9,6, 0.067617729388
9,1,9,9,-0.079188176299
9,2,0,2,-0.105268349832
9,2,0,7,-0.066529470988
9,2,1,2,-0.066700561543
9,2,1,7,-0.043791430257
9,2,2,0,-0.105268349832
9,2,2,1,-0.066700561543
9,2,2,4, 0.006545631845
9,2,2,5,-0.070817007604
9,2,2,6,-0.060056657939
9,2,2,9, 0.079098140065
9,2,4,2, 0.006545631845
9,2,4,7,-0.025705760933
9,2,5,2,-0.070817007604
9,2,5,7,-0.058866683488
9,2,6,2,-0.060056657939
9,2,6,7,-0.042785245746
9,2,7,0,-0.066529470988
9,2,7,1,-0.043791430257
9,2,7,4,-0.025705760933
9,2,7,5,-0.058866683488
9,2,7,6,-0.042785245746
9,2,7,9, 0.044557294783
9,2,9,2, 0.079098140065
9,2,9,7, 0.044557294783
9,3,0,3,-0.105268349832
9,3,0,8,-0.066529470988
9,3,1,3,-0.066700561543
9,3,1,8,-0.043791430257
9,3,3,0,-0.105268349832
9,3,3,1,-0.066700561543
9,3,3,4, 0.006545631845
9,3,3,5,-0.070817007604
9,3,3,6,-0.060056657939
9,3,3,9, 0.079098140065
9,3,4,3, 0.006545631845
9,3,4,8,-0.025705760933
9,3,5,3,-0.070817007604
9,3,5,8,-0.058866683488
9,3,6,3,-0.060056657939
9,3,6,8,-0.042785245746
9,3,8,0,-0.066529470988
9,3,8,1,-0.043791430257
9,3,8,4,-0.025705760933
9,3,8,5,-0.058866683488
9,3,8,6,-0.042785245746
9,3,8,9, 0.044557294783
9,3,9,3, 0.079098140065
9,3,9,8, 0.044557294783
9,4,0,0, 0.186602426936
9,4,0,1, 0.119210734171
9,4,0,4,-0.031114929126
9,4,0,5, 0.138000387640
9,4,0,6, 0.109326931557
9,4,0,9,-0.087655068993
9,4,1,0, 0.119210734171
9,4,1,1, 0.138731236795
9,4,1,4,-0.011525232483
9,4,1,5, 0.109326931557
9,4,1,6, 0.132835962723
9,4,1,9,-0.012897140019
9,4,2,2, 0.170950995965
9,4,2,7, 0.120635631284
9,4,3,3, 0.170950995965
9,4,3,8, 0.120635631284
9,4,4,0,-0.031114929126
9,4,4,1,-0.011525232483
9,4,4,4, 0.211227383496
9,4,4,5, 0.087655068993
9,4,4,6, 0.012897140019
9,4,4,9, 0.097165877463
9,4,5,0, 0.138000387640
9,4,5,1, 0.109326931557
9,4,5,4, 0.087655068993
9,4,5,5, 0.186602426936
9,4,5,6, 0.119210734171
9,4,5,9, 0.031114929126
9,4,6,0, 0.109326931557
9,4,6,1, 0.132835962723
9,4,6,4, 0.012897140019
9,4,6,5, 0.119210734171
9,4,6,6, 0.138731236795
9,4,6,9, 0.011525232483
9,4,7,2, 0.120635631284
9,4,7,7, 0.170950995965
9,4,8,3, 0.120635631284
9,4,8,8, 0.170950995965
9,4,9,0,-0.087655068993
9,4,9,1,-0.012897140019
9,4,9,4, 0.097165877463
9,4,9,5, 0.031114929126
9,4,9,6, 0.011525232483
9,4,9,9, 0.211227383496
9,5,0,0,-0.161510491257
9,5,0,1,-0.068881185442
9,5,0,4, 0.044665585822
9,5,0,5,-0.073917965514
9,5,0,6,-0.055613188600
9,5,0,9, 0.154904960918
9,5,1,0,-0.068881185442
9,5,1,1,-0.035616273054
9,5,1,4, 0.041747548388
9,5,1,5,-0.013710499951
9,5,1,6,-0.018244794093
9,5,1,9, 0.094326396254
9,5,2,2,-0.126766548156
9,5,2,7,-0.058866683488
9,5,3,3,-0.126766548156
9,5,3,8,-0.058866683488
9,5,4,0, 0.044665585822
9,5,4,1, 0.041747548388
9,5,4,4,-0.070844527632
9,5,4,5, 0.030871101642
9,5,4,6, 0.037172768475
9,5,4,9, 0.031114929126
9,5,5,0,-0.073917965514
9,5,5,1,-0.013710499951
9,5,5,4, 0.030871101642
9,5,5,9, 0.152608082603
9,5,6,0,-0.055613188600
9,5,6,1,-0.018244794093
9,5,6,4, 0.037172768475
9,5,6,9, 0.101353944495
9,5,7,2,-0.058866683488
9,5,8,3,-0.058866683488
9,5,9,0, 0.154904960918
9,5,9,1, 0.094326396254
9,5,9,4, 0.031114929126
9,5,9,5, 0.152608082603
9,5,9,6, 0.101353944495
9,6,0,0,-0.113668126532
9,6,0,1,-0.051989611698
9,6,0,4, 0.041747548388
9,6,0,5,-0.050224618475
9,6,0,6,-0.041432496544
9,6,0,9, 0.106196556386
9,6,1,0,-0.051989611698
9,6,1,1,-0.030090886558
9,6,1,4, 0.035743662008
9,6,1,5,-0.010252194781
9,6,1,6,-0.015332698447
9,6,1,9, 0.067617729388
9,6,2,2,-0.096084756321
9,6,2,7,-0.042785245746
9,6,3,3,-0.096084756321
9,6,3,8,-0.042785245746
9,6,4,0, 0.041747548388
9,6,4,1, 0.035743662008
9,6,4,4,-0.060386876020
9,6,4,5, 0.024432411073
9,6,4,6, 0.030803728728
9,6,4,9, 0.011525232483
9,6,5,0,-0.050224618475
9,6,5,1,-0.010252194781
9,6,5,4, 0.024432411073
9,6,5,9, 0.101353944495
9,6,6,0,-0.041432496544
9,6,6,1,-0.015332698447
9,6,6,4, 0.030803728728
9,6,6,9, 0.072461555243
9,6,7,2,-0.042785245746
9,6,8,3,-0.042785245746
9,6,9,0, 0.106196556386
9,6,9,1, 0.067617729388
9,6,9,4, 0.011525232483
9,6,9,5, 0.101353944495
9,6,9,6, 0.072461555243
9,7,0,2,-0.046098626159
9,7,0,7,-0.020888438181
9,7,1,2,-0.025545536113
9,7,1,7,-0.004550133254
9,7,2,0,-0.046098626159
9,7,2,1,-0.025545536113
9,7,2,4, 0.006102274070
9,7,2,5,-0.025612726164
9,7,2,6,-0.021788905857
9,7,2,9, 0.044557294783
9,7,4,2, 0.006102274070
9,7,4,7, 0.006545631845
9,7,5,2,-0.025612726164
9,7,6,2,-0.021788905857
9,7,7,0,-0.020888438181
9,7,7,1,-0.004550133254
9,7,7,4, 0.006545631845
9,7,7,9, 0.048105227081
9,7,9,2, 0.044557294783
9,7,9,7, 0.048105227081
9,8,0,3,-0.046098626159
9,8,0,8,-0.020888438181
9,8,1,3,-0.025545536113
9,8,1,8,-0.004550133254
9,8,3,0,-0.046098626159
9,8,3,1,-0.025545536113
9,8,3,4, 0.006102274070
9,8,3,5,-0.025612726164
9,8,3,6,-0.021788905857
9,8,3,9, 0.044557294783
9,8,4,3, 0.006102274070
9,8,4,8, 0.006545631845
9,8,5,3,-0.025612726164
9,8,6,3,-0.021788905857
9,8,8,0,-0.020888438181
9,8,8,1,-0.004550133254
9,8,8,4, 0.006545631845
9,8,8,9, 0.048105227081
9,8,9,3, 0.044557294783
9,8,9,8, 0.048105227081
9,9,0,0, 0.743009564352
9,9,0,1, 0.436670707560
9,9,0,4, 0.070844527632
9,9,0,5, 0.596912399548
9,9,0,6, 0.411926875764
9,9,0,9,-0.395651990357
9,9,1,0, 0.436670707560
9,9,1,1, 0.470208541574
9,9,1,4, 0.060386876020
9,9,1,5, 0.425637039992
9,9,1,6, 0.462308756647
9,9,1,9,-0.079188176299
9,9,2,2, 0.655556873169
9,9,2,7, 0.508735453903
9,9,3,3, 0.655556873169
9,9,3,8, 0.508735453903
9,9,4,0, 0.070844527632
9,9,4,1, 0.060386876020
9,9,4,4, 0.688534626908
9,9,4,5, 0.431021197100
9,9,4,6, 0.129143236452
9,9,4,9, 0.211227383496
9,9,5,0, 0.596912399548
9,9,5,1, 0.425637039992
9,9,5,4, 0.431021197100
9,9,5,5, 0.775037038942
9,9,5,6, 0.462081934851
9,9,6,0, 0.411926875764
9,9,6,1, 0.462308756647
9,9,6,4, 0.129143236452
9,9,6,5, 0.462081934851
9,9,6,6, 0.491073083906
9,9,7,2, 0.508735453903
9,9,7,7, 0.689508254834
9,9,8,3, 0.508735453903
9,9,8,8, 0.689508254834
9,9,9,0,-0.395651990357
9,9,9,1,-0.079188176299
9,9,9,4, 0.211227383496
9,9,9,9, 0.785718708997
