0,0,0,0, 0.897251802255
0,0,0,1, 0.504699283325
0,0,0,5, 0.216609580442
0,0,0,6, 0.321917971203
0,0,0,9,-0.303700651753
0,0,1,0, 0.504699283325
0,0,1,1, 0.507364877272
0,0,1,5, 0.231565675231
0,0,1,6, 0.362943307859
0,0,1,9,-0.173212656789
0,0,2,2, 0.775037038942
0,0,2,7, 0.133246404861
0,0,3,3, 0.775037038942
0,0,3,8, 0.133246404861
0,0,4,4, 0.775037038942
0,0,4,5, 0.237503861114
0,0,4,6, 0.119983608538
0,0,4,9,-0.330741881059
0,0,5,0, 0.216609580442
0,0,5,1, 0.231565675231
0,0,5,4, 0.237503861114
0,0,5,5, 0.466736899425
0,0,5,6, 0.308281233332
0,0,5,9,-0.121706142029
0,0,6,0, 0.321917971203
0,0,6,1, 0.362943307859
0,0,6,4, 0.119983608538
0,0,6,5, 0.308281233332
0,0,6,6, 0.391100537750
0,0,6,9,-0.104191220465
0,0,7,2, 0.133246404861
0,0,7,7, 0.437989254671
0,0,8,3, 0.133246404861
0,0,8,8, 0.437989254671
0,0,9,0,-0.303700651753
0,0,9,1,-0.173212656789
0,0,9,4,-0.330741881059
0,0,9,5,-0.121706142029
0,0,9,6,-0.104191220465
0,0,9,9, 0.513227804550
0,1,0,0, 0.504699283325
0,1,0,1, 0.300015949963
0,1,0,5, 0.130900734796
0,1,0,6, 0.192501797796
0,1,0,9,-0.177434333619
0,1,1,0, 0.300015949963
0,1,1,1, 0.324022459289
0,1,1,5, 0.148871587722
0,1,1,6, 0.233879055411
0,1,1,9,-0.103347661811
0,1,2,2, 0.462081934851
0,1,2,7, 0.083351575723
0,1,3,3, 0.462081934851
0,1,3,8, 0.083351575723
0,1,4,4, 0.462081934851
0,1,4,5, 0.148520384475
0,1,4,6, 0.075182130596
0,1,4,9,-0.200397910817
0,1,5,0, 0.130900734796
0,1,5,1, 0.148871587722
0,1,5,4, 0.148520384475
0,1,5,5, 0.308281233332
0,1,5,6, 0.202488186410
0,1,5,9,-0.068873084960
0,1,6,0, 0.192501797796
0,1,6,1, 0.233879055411
0,1,6,4, 0.075182130596
0,1,6,5, 0.202488186410
0,1,6,6, 0.257468049079
0,1,6,9,-0.058611402907
0,1,7,2, 0.083351575723
0,1,7,7, 0.292781535874
0,1,8,3, 0.083351575723
0,1,8,8, 0.292781535874
0,1,9,0,-0.177434333619
0,1,9,1,-0.103347661811
0,1,9,4,-0.200397910817
0,1,9,5,-0.068873084960
0,1,9,6,-0.058611402907
0,1,9,9, 0.326567517335
0,2,0,2, 0.152608082603
0,2,0,7, 0.023781956740
0,2,1,2, 0.101353944495
0,2,1,7, 0.026730516345
0,2,2,0, 0.152608082603
0,2,2,1, 0.101353944495
0,2,2,5, 0.031750654590
0,2,2,6, 0.062749023817
0,2,2,9,-0.047055850535
0,2,4,7, 0.027659063904
0,2,5,2, 0.031750654590
0,2,5,7, 0.037485776223
0,2,6,2, 0.062749023817
0,2,6,7, 0.031991675961
0,2,7,0, 0.023781956740
0,2,7,1, 0.026730516345
0,2,7,4, 0.027659063904
0,2,7,5, 0.037485776223
0,2,7,6, 0.031991675961
0,2,7,9,-0.023382229166
0,2,9,2,-0.047055850535
0,2,9,7,-0.023382229166
0,3,0,3, 0.152608082603
0,3,0,8, 0.023781956740
0,3,1,3, 0.101353944495
0,3,1,8, 0.026730516345
0,3,3,0, 0.152608082603
0,3,3,1, 0.101353944495
0,3,3,5, 0.031750654590
0,3,3,6, 0.062749023817
0,3,3,9,-0.047055850535
0,3,4,8, 0.027659063904
0,3,5,3, 0.031750654590
0,3,5,8, 0.037485776223
0,3,6,3, 0.062749023817
0,3,6,8, 0.031991675961
0,3,8,0, 0.023781956740
0,3,8,1, 0.026730516345
0,3,8,4, 0.027659063904
0,3,8,5, 0.037485776223
0,3,8,6, 0.031991675961
0,3,8,9,-0.023382229166
0,3,9,3,-0.047055850535
0,3,9,8,-0.023382229166
0,4,0,4, 0.152608082603
0,4,0,5, 0.042557294022
0,4,0,6, 0.021712380639
0,4,0,9,-0.061725268520
0,4,1,4, 0.101353944495
0,4,1,5, 0.048919322691
0,4,1,6, 0.030596994686
0,4,1,9,-0.039289225677
0,4,2,7, 0.027659063904
0,4,3,8, 0.027659063904
0,4,4,0, 0.152608082603
0,4,4,1, 0.101353944495
0,4,4,5, 0.072196482468
0,4,4,6, 0.068825976629
0,4,4,9,-0.099227769626
0,4,5,0, 0.042557294022
0,4,5,1, 0.048919322691
0,4,5,4, 0.072196482468
0,4,5,5, 0.121706142029
0,4,5,6, 0.068873084960
0,4,5,9,-0.045751787481
0,4,6,0, 0.021712380639
0,4,6,1, 0.030596994686
0,4,6,4, 0.068825976629
0,4,6,5, 0.068873084960
0,4,6,6, 0.054914012089
0,4,6,9,-0.030369356437
0,4,7,2, 0.027659063904
0,4,7,7, 0.104145299442
0,4,8,3, 0.027659063904
0,4,8,8, 0.104145299442
0,4,9,0,-0.061725268520
0,4,9,1,-0.039289225677
0,4,9,4,-0.099227769626
0,4,9,5,-0.045751787481
0,4,9,6,-0.030369356437
0,4,9,9, 0.133918923316
0,5,0,0, 0.216609580442
0,5,0,1, 0.130900734796
0,5,0,4, 0.042557294022
0,5,0,5, 0.075465529400
0,5,0,6, 0.092092464881
0,5,0,9,-0.098014745807
0,5,1,0, 0.130900734796
0,5,1,1, 0.144311457746
0,5,1,4, 0.031759998270
0,5,1,5, 0.092092464881
0,5,1,6, 0.118538817469
0,5,1,9,-0.057842567249
0,5,2,2, 0.195761918406
0,5,2,7, 0.047582543868
0,5,3,3, 0.195761918406
0,5,3,8, 0.047582543868
0,5,4,0, 0.042557294022
0,5,4,1, 0.031759998270
0,5,4,4, 0.213062904045
0,5,4,5, 0.098014745807
0,5,4,6, 0.057842567249
0,5,4,9,-0.125289974381
0,5,5,0, 0.075465529400
0,5,5,1, 0.092092464881
0,5,5,4, 0.098014745807
0,5,5,5, 0.216609580442
0,5,5,6, 0.130900734796
0,5,5,9,-0.042557294022
0,5,6,0, 0.092092464881
0,5,6,1, 0.118538817469
0,5,6,4, 0.057842567249
0,5,6,5, 0.130900734796
0,5,6,6, 0.144311457746
0,5,6,9,-0.031759998270
0,5,7,2, 0.047582543868
0,5,7,7, 0.195761918406
0,5,8,3, 0.047582543868
0,5,8,8, 0.195761918406
0,5,9,0,-0.098014745807
0,5,9,1,-0.057842567249
0,5,9,4,-0.125289974381
0,5,9,5,-0.042557294022
0,5,9,6,-0.031759998270
0,5,9,9, 0.213062904045
0,6,0,0, 0.321917971203
0,6,0,1, 0.192501797796
0,6,0,4, 0.021712380639
0,6,0,5, 0.092092464881
0,6,0,6, 0.127558910659
0,6,0,9,-0.123197735257
0,6,1,0, 0.192501797796
0,6,1,1, 0.209811231737
0,6,1,4, 0.016324841759
0,6,1,5, 0.107715936128
0,6,1,6, 0.158837168060
0,6,1,9,-0.072183464242
0,6,2,2, 0.295355959268
0,6,2,7, 0.058997153313
0,6,3,3, 0.295355959268
0,6,3,8, 0.058997153313
0,6,4,0, 0.021712380639
0,6,4,1, 0.016324841759
0,6,4,4, 0.297997847084
0,6,4,5, 0.109414448541
0,6,4,6, 0.060241176558
0,6,4,9,-0.145027663664
0,6,5,0, 0.092092464881
0,6,5,1, 0.107715936128
0,6,5,4, 0.109414448541
0,6,5,5, 0.231565675231
0,6,5,6, 0.148871587722
0,6,5,9,-0.048919322691
0,6,6,0, 0.127558910659
0,6,6,1, 0.158837168060
0,6,6,4, 0.060241176558
0,6,6,5, 0.148871587722
0,6,6,6, 0.181537212883
0,6,6,9,-0.040258344402
0,6,7,2, 0.058997153313
0,6,7,7, 0.218460575116
0,6,8,3, 0.058997153313
0,6,8,8, 0.218460575116
0,6,9,0,-0.123197735257
0,6,9,1,-0.072183464242
0,6,9,4,-0.145027663664
0,6,9,5,-0.048919322691
0,6,9,6,-0.040258344402
0,6,9,9, 0.240012500574
0,7,0,2, 0.023781956740
0,7,0,7, 0.010913849214
0,7,1,2, 0.017762762065
0,7,1,7, 0.016142297329
0,7,2,0, 0.023781956740
0,7,2,1, 0.017762762065
0,7,2,4, 0.011848927220
0,7,2,5, 0.010297631411
0,7,2,6, 0.013528450035
0,7,2,9,-0.014268373996
0,7,4,2, 0.011848927220
0,7,4,7, 0.015803266028
0,7,5,2, 0.010297631411
0,7,5,7, 0.031750654590
0,7,6,2, 0.013528450035
0,7,6,7, 0.022606913061
0,7,7,0, 0.010913849214
0,7,7,1, 0.016142297329
0,7,7,4, 0.015803266028
0,7,7,5, 0.031750654590
0,7,7,6, 0.022606913061
0,7,7,9,-0.011335186951
0,7,9,2,-0.014268373996
0,7,9,7,-0.011335186951
0,8,0,3, 0.023781956740
0,8,0,8, 0.010913849214
0,8,1,3, 0.017762762065
0,8,1,8, 0.016142297329
0,8,3,0, 0.023781956740
0,8,3,1, 0.017762762065
0,8,3,4, 0.011848927220
0,8,3,5, 0.010297631411
0,8,3,6, 0.013528450035
0,8,3,9,-0.014268373996
0,8,4,3, 0.011848927220
0,8,4,8, 0.015803266028
0,8,5,3, 0.010297631411
0,8,5,8, 0.031750654590
0,8,6,3, 0.013528450035
0,8,6,8, 0.022606913061
0,8,8,0, 0.010913849214
0,8,8,1, 0.016142297329
0,8,8,4, 0.015803266028
0,8,8,5, 0.031750654590
0,8,8,6, 0.022606913061
0,8,8,9,-0.011335186951
0,8,9,3,-0.014268373996
0,8,9,8,-0.011335186951
0,9,0,0,-0.303700651753
0,9,0,1,-0.177434333619
0,9,0,4,-0.061725268520
0,9,0,5,-0.098014745807
0,9,0,6,-0.123197735257
0,9,0,9, 0.135502923197
0,9,1,0,-0.177434333619
0,9,1,1,-0.184945067535
0,9,1,4,-0.042449794433
0,9,1,5,-0.109414448541
0,9,1,6,-0.146502935593
0,9,1,9, 0.081790427711
0,9,2,2,-0.267820065438
0,9,2,7,-0.061559843836
0,9,3,3,-0.267820065438
0,9,3,8,-0.061559843836
0,9,4,0,-0.061725268520
0,9,4,1,-0.042449794433
0,9,4,4,-0.290265316260
0,9,4,5,-0.124262520496
0,9,4,6,-0.075166724731
0,9,4,9, 0.169482588717
0,9,5,0,-0.098014745807
0,9,5,1,-0.109414448541
0,9,5,4,-0.124262520496
0,9,5,5,-0.237503861114
0,9,5,6,-0.148520384475
0,9,5,9, 0.072196482468
0,9,6,0,-0.123197735257
0,9,6,1,-0.146502935593
0,9,6,4,-0.075166724731
0,9,6,5,-0.148520384475
0,9,6,6,-0.169336754049
0,9,6,9, 0.054098291848
0,9,7,2,-0.061559843836
0,9,7,7,-0.216677439588
0,9,8,3,-0.061559843836
0,9,8,8,-0.216677439588
0,9,9,0, 0.135502923197
0,9,9,1, 0.081790427711
0,9,9,4, 0.169482588717
0,9,9,5, 0.072196482468
0,9,9,6, 0.054098291848
0,9,9,9,-0.255142696801
1,0,0,0, 0.504699283325
1,0,0,1, 0.300015949963
1,0,0,5, 0.130900734796
1,0,0,6, 0.192501797796
1,0,0,9,-0.177434333619
1,0,1,0, 0.300015949963
1,0,1,1, 0.324022459289
1,0,1,5, 0.148871587722
1,0,1,6, 0.233879055411
1,0,1,9,-0.103347661811
1,0,2,2, 0.462081934851
1,0,2,7, 0.083351575723
1,0,3,3, 0.462081934851
1,0,3,8, 0.083351575723
1,0,4,4, 0.462081934851
1,0,4,5, 0.148520384475
1,0,4,6, 0.075182130596
1,0,4,9,-0.200397910817
1,0,5,0, 0.130900734796
1,0,5,1, 0.148871587722
1,0,5,4, 0.148520384475
1,0,5,5, 0.308281233332
1,0,5,6, 0.202488186410
1,0,5,9,-0.068873084960
1,0,6,0, 0.192501797796
1,0,6,1, 0.233879055411
1,0,6,4, 0.075182130596
1,0,6,5, 0.202488186410
1,0,6,6, 0.257468049079
1,0,6,9,-0.058611402907
1,0,7,2, 0.083351575723
1,0,7,7, 0.292781535874
1,0,8,3, 0.083351575723
1,0,8,8, 0.292781535874
1,0,9,0,-0.177434333619
1,0,9,1,-0.103347661811
1,0,9,4,-0.200397910817
1,0,9,5,-0.068873084960
1,0,9,6,-0.058611402907
1,0,9,9, 0.326567517335
1,1,0,0, 0.507364877272
1,1,0,1, 0.324022459289
1,1,0,5, 0.144311457746
1,1,0,6, 0.209811231737
1,1,0,9,-0.184945067535
1,1,1,0, 0.324022459289
1,1,1,1, 0.394125899248
1,1,1,5, 0.181537212883
1,1,1,6, 0.289901798810
1,1,1,9,-0.107129225167
1,1,2,2, 0.491073083906
1,1,2,7, 0.094994068073
1,1,3,3, 0.491073083906
1,1,3,8, 0.094994068073
1,1,4,4, 0.491073083906
1,1,4,5, 0.169336754049
1,1,4,6, 0.086208454062
1,1,4,9,-0.216709753066
1,1,5,0, 0.144311457746
1,1,5,1, 0.181537212883
1,1,5,4, 0.169336754049
1,1,5,5, 0.391100537750
1,1,5,6, 0.257468049079
1,1,5,9,-0.054914012089
1,1,6,0, 0.209811231737
1,1,6,1, 0.289901798810
1,1,6,4, 0.086208454062
1,1,6,5, 0.257468049079
1,1,6,6, 0.334513776892
1,1,6,9,-0.047692993515
1,1,7,2, 0.094994068073
1,1,7,7, 0.380046230904
1,1,8,3, 0.094994068073
1,1,8,8, 0.380046230904
1,1,9,0,-0.184945067535
1,1,9,1,-0.107129225167
1,1,9,4,-0.216709753066
1,1,9,5,-0.054914012089
1,1,9,6,-0.047692993515
1,1,9,9, 0.394372100924
1,2,0,2, 0.101353944495
1,2,0,7, 0.017762762065
1,2,1,2, 0.072461555243
1,2,1,7, 0.021912729135
1,2,2,0, 0.101353944495
1,2,2,1, 0.072461555243
1,2,2,5, 0.022606913061
1,2,2,6, 0.045077248066
1,2,2,9,-0.032401935806
1,2,4,7, 0.021323111243
1,2,5,2, 0.022606913061
1,2,5,7, 0.031991675961
1,2,6,2, 0.045077248066
1,2,6,7, 0.027130573053
1,2,7,0, 0.017762762065
1,2,7,1, 0.021912729135
1,2,7,4, 0.021323111243
1,2,7,5, 0.031991675961
1,2,7,6, 0.027130573053
1,2,7,9,-0.017511326211
1,2,9,2,-0.032401935806
1,2,9,7,-0.017511326211
1,3,0,3, 0.101353944495
1,3,0,8, 0.017762762065
1,3,1,3, 0.072461555243
1,3,1,8, 0.021912729135
1,3,3,0, 0.101353944495
1,3,3,1, 0.072461555243
1,3,3,5, 0.022606913061
1,3,3,6, 0.045077248066
1,3,3,9,-0.032401935806
1,3,4,8, 0.021323111243
1,3,5,3, 0.022606913061
1,3,5,8, 0.031991675961
1,3,6,3, 0.045077248066
1,3,6,8, 0.027130573053
1,3,8,0, 0.017762762065
1,3,8,1, 0.021912729135
1,3,8,4, 0.021323111243
1,3,8,5, 0.031991675961
1,3,8,6, 0.027130573053
1,3,8,9,-0.017511326211
1,3,9,3,-0.032401935806
1,3,9,8,-0.017511326211
1,4,0,4, 0.101353944495
1,4,0,5, 0.031759998270
1,4,0,6, 0.016324841759
1,4,0,9,-0.042449794433
1,4,1,4, 0.072461555243
1,4,1,5, 0.040258344402
1,4,1,6, 0.025910414840
1,4,1,9,-0.027650827288
1,4,2,7, 0.021323111243
1,4,3,8, 0.021323111243
1,4,4,0, 0.101353944495
1,4,4,1, 0.072461555243
1,4,4,5, 0.054098291848
1,4,4,6, 0.049872720076
1,4,4,9,-0.069834719511
1,4,5,0, 0.031759998270
1,4,5,1, 0.040258344402
1,4,5,4, 0.054098291848
1,4,5,5, 0.104191220465
1,4,5,6, 0.058611402907
1,4,5,9,-0.030369356437
1,4,6,0, 0.016324841759
1,4,6,1, 0.025910414840
1,4,6,4, 0.049872720076
1,4,6,5, 0.058611402907
1,4,6,6, 0.047692993515
1,4,6,9,-0.019617593465
1,4,7,2, 0.021323111243
1,4,7,7, 0.091573065327
1,4,8,3, 0.021323111243
1,4,8,8, 0.091573065327
1,4,9,0,-0.042449794433
1,4,9,1,-0.027650827288
1,4,9,4,-0.069834719511
1,4,9,5,-0.030369356437
1,4,9,6,-0.019617593465
1,4,9,9, 0.104683590123
1,5,0,0, 0.231565675231
1,5,0,1, 0.148871587722
1,5,0,4, 0.048919322691
1,5,0,5, 0.092092464881
1,5,0,6, 0.107715936128
1,5,0,9,-0.109414448541
1,5,1,0, 0.148871587722
1,5,1,1, 0.181537212883
1,5,1,4, 0.040258344402
1,5,1,5, 0.127558910659
1,5,1,6, 0.158837168060
1,5,1,9,-0.060241176558
1,5,2,2, 0.218460575116
1,5,2,7, 0.058997153313
1,5,3,3, 0.218460575116
1,5,3,8, 0.058997153313
1,5,4,0, 0.048919322691
1,5,4,1, 0.040258344402
1,5,4,4, 0.240012500574
1,5,4,5, 0.123197735257
1,5,4,6, 0.072183464242
1,5,4,9,-0.145027663664
1,5,5,0, 0.092092464881
1,5,5,1, 0.127558910659
1,5,5,4, 0.123197735257
1,5,5,5, 0.321917971203
1,5,5,6, 0.192501797796
1,5,5,9,-0.021712380639
1,5,6,0, 0.107715936128
1,5,6,1, 0.158837168060
1,5,6,4, 0.072183464242
1,5,6,5, 0.192501797796
1,5,6,6, 0.209811231737
1,5,6,9,-0.016324841759
1,5,7,2, 0.058997153313
1,5,7,7, 0.295355959268
1,5,8,3, 0.058997153313
1,5,8,8, 0.295355959268
1,5,9,0,-0.109414448541
1,5,9,1,-0.060241176558
1,5,9,4,-0.145027663664
1,5,9,5,-0.021712380639
1,5,9,6,-0.016324841759
1,5,9,9, 0.297997847084
1,6,0,0, 0.362943307859
1,6,0,1, 0.233879055411
1,6,0,4, 0.030596994686
1,6,0,5, 0.118538817469
1,6,0,6, 0.158837168060
1,6,0,9,-0.146502935593
1,6,1,0, 0.233879055411
1,6,1,1, 0.289901798810
1,6,1,4, 0.025910414840
1,6,1,5, 0.158837168060
1,6,1,6, 0.232490554755
1,6,1,9,-0.081963208373
1,6,2,2, 0.351619789487
1,6,2,7, 0.078259964548
1,6,3,3, 0.351619789487
1,6,3,8, 0.078259964548
1,6,4,0, 0.030596994686
1,6,4,1, 0.025910414840
1,6,4,4, 0.356003574074
1,6,4,5, 0.146502935593
1,6,4,6, 0.081963208373
1,6,4,9,-0.180274192645
1,6,5,0, 0.118538817469
1,6,5,1, 0.158837168060
1,6,5,4, 0.146502935593
1,6,5,5, 0.362943307859
1,6,5,6, 0.233879055411
1,6,5,9,-0.030596994686
1,6,6,0, 0.158837168060
1,6,6,1, 0.232490554755
1,6,6,4, 0.081963208373
1,6,6,5, 0.233879055411
1,6,6,6, 0.289901798810
1,6,6,9,-0.025910414840
1,6,7,2, 0.078259964548
1,6,7,7, 0.351619789487
1,6,8,3, 0.078259964548
1,6,8,8, 0.351619789487
1,6,9,0,-0.146502935593
1,6,9,1,-0.081963208373
1,6,9,4,-0.180274192645
1,6,9,5,-0.030596994686
1,6,9,6,-0.025910414840
1,6,9,9, 0.356003574074
1,7,0,2, 0.026730516345
1,7,0,7, 0.016142297329
1,7,1,2, 0.021912729135
1,7,1,7, 0.029344602560
1,7,2,0, 0.026730516345
1,7,2,1, 0.021912729135
1,7,2,4, 0.013919432157
1,7,2,5, 0.013528450035
1,7,2,6, 0.017288398736
1,7,2,9,-0.017049040252
1,7,4,2, 0.013919432157
1,7,4,7, 0.023172959321
1,7,5,2, 0.013528450035
1,7,5,7, 0.062749023817
1,7,6,2, 0.017288398736
1,7,6,7, 0.045077248066
1,7,7,0, 0.016142297329
1,7,7,1, 0.029344602560
1,7,7,4, 0.023172959321
1,7,7,5, 0.062749023817
1,7,7,6, 0.045077248066
1,7,7,9,-0.007083588893
1,7,9,2,-0.017049040252
1,7,9,7,-0.007083588893
1,8,0,3, 0.026730516345
1,8,0,8, 0.016142297329
1,8,1,3, 0.021912729135
1,8,1,8, 0.029344602560
1,8,3,0, 0.026730516345
1,8,3,1, 0.021912729135
1,8,3,4, 0.013919432157
1,8,3,5, 0.013528450035
1,8,3,6, 0.017288398736
1,8,3,9,-0.017049040252
1,8,4,3, 0.013919432157
1,8,4,8, 0.023172959321
1,8,5,3, 0.013528450035
1,8,5,8, 0.062749023817
1,8,6,3, 0.017288398736
1,8,6,8, 0.045077248066
1,8,8,0, 0.016142297329
1,8,8,1, 0.029344602560
1,8,8,4, 0.023172959321
1,8,8,5, 0.062749023817
1,8,8,6, 0.045077248066
1,8,8,9,-0.007083588893
1,8,9,3,-0.017049040252
1,8,9,8,-0.007083588893
1,9,0,0,-0.173212656789
1,9,0,1,-0.103347661811
1,9,0,4,-0.039289225677
1,9,0,5,-0.057842567249
1,9,0,6,-0.072183464242
1,9,0,9, 0.081790427711
1,9,1,0,-0.103347661811
1,9,1,1,-0.107129225167
1,9,1,4,-0.027650827288
1,9,1,5,-0.060241176558
1,9,1,6,-0.081963208373
1,9,1,9, 0.056053017755
1,9,2,2,-0.157254649411
1,9,2,7,-0.037624759849
1,9,3,3,-0.157254649411
1,9,3,8,-0.037624759849
1,9,4,0,-0.039289225677
1,9,4,1,-0.027650827288
1,9,4,4,-0.171716450795
1,9,4,5,-0.075166724731
1,9,4,6,-0.046237452918
1,9,4,9, 0.104670963253
1,9,5,0,-0.057842567249
1,9,5,1,-0.060241176558
1,9,5,4,-0.075166724731
1,9,5,5,-0.119983608538
1,9,5,6,-0.075182130596
1,9,5,9, 0.068825976629
1,9,6,0,-0.072183464242
1,9,6,1,-0.081963208373
1,9,6,4,-0.046237452918
1,9,6,5,-0.075182130596
1,9,6,6,-0.086208454062
1,9,6,9, 0.049872720076
1,9,7,2,-0.037624759849
1,9,7,7,-0.111062034661
1,9,8,3,-0.037624759849
1,9,8,8,-0.111062034661
1,9,9,0, 0.081790427711
1,9,9,1, 0.056053017755
1,9,9,4, 0.104670963253
1,9,9,5, 0.068825976629
1,9,9,6, 0.049872720076
1,9,9,9,-0.125820650946
2,0,0,2, 0.152608082603
2,0,0,7, 0.023781956740
2,0,1,2, 0.101353944495
2,0,1,7, 0.026730516345
2,0,2,0, 0.152608082603
2,0,2,1, 0.101353944495
2,0,2,5, 0.031750654590
2,0,2,6, 0.062749023817
2,0,2,9,-0.047055850535
2,0,4,7, 0.027659063904
2,0,5,2, 0.031750654590
2,0,5,7, 0.037485776223
2,0,6,2, 0.062749023817
2,0,6,7, 0.031991675961
2,0,7,0, 0.023781956740
2,0,7,1, 0.026730516345
2,0,7,4, 0.027659063904
2,0,7,5, 0.037485776223
2,0,7,6, 0.031991675961
2,0,7,9,-0.023382229166
2,0,9,2,-0.047055850535
2,0,9,7,-0.023382229166
2,1,0,2, 0.101353944495
2,1,0,7, 0.017762762065
2,1,1,2, 0.072461555243
2,1,1,7, 0.021912729135
2,1,2,0, 0.101353944495
2,1,2,1, 0.072461555243
2,1,2,5, 0.022606913061
2,1,2,6, 0.045077248066
2,1,2,9,-0.032401935806
2,1,4,7, 0.021323111243
2,1,5,2, 0.022606913061
2,1,5,7, 0.031991675961
2,1,6,2, 0.045077248066
2,1,6,7, 0.027130573053
2,1,7,0, 0.017762762065
2,1,7,1, 0.021912729135
2,1,7,4, 0.021323111243
2,1,7,5, 0.031991675961
2,1,7,6, 0.027130573053
2,1,7,9,-0.017511326211
2,1,9,2,-0.032401935806
2,1,9,7,-0.017511326211
2,2,0,0, 0.775037038942
2,2,0,1, 0.462081934851
2,2,0,5, 0.195761918406
2,2,0,6, 0.295355959268
2,2,0,9,-0.267820065438
2,2,1,0, 0.462081934851
2,2,1,1, 0.491073083906
2,2,1,5, 0.218460575116
2,2,1,6, 0.351619789487
2,2,1,9,-0.157254649411
2,2,2,2, 0.785718708997
2,2,2,7, 0.132556314539
2,2,3,3, 0.689508254834
2,2,3,8, 0.121004824096
2,2,4,4, 0.689508254834
2,2,4,5, 0.216677439588
2,2,4,6, 0.111062034661
2,2,4,9,-0.296118907002
2,2,5,0, 0.195761918406
2,2,5,1, 0.218460575116
2,2,5,4, 0.216677439588
2,2,5,5, 0.437989254671
2,2,5,6, 0.292781535874
2,2,5,9,-0.104145299442
2,2,6,0, 0.295355959268
2,2,6,1, 0.351619789487
2,2,6,4, 0.111062034661
2,2,6,5, 0.292781535874
2,2,6,6, 0.380046230904
2,2,6,9,-0.091573065327
2,2,7,2, 0.132556314539
2,2,7,7, 0.425729778444
2,2,8,3, 0.121004824096
2,2,8,8, 0.412589512637
2,2,9,0,-0.267820065438
2,2,9,1,-0.157254649411
2,2,9,4,-0.296118907002
2,2,9,5,-0.104145299442
2,2,9,6,-0.091573065327
2,2,9,9, 0.472754503202
2,3,2,3, 0.048105227081
2,3,2,8, 0.005775745221
2,3,3,2, 0.048105227081
2,3,3,7, 0.005775745221
2,3,7,3, 0.005775745221
2,3,7,8, 0.006570132904
2,3,8,2, 0.005775745221
2,3,8,7, 0.006570132904
2,4,0,7, 0.011848927220
2,4,1,7, 0.013919432157
2,4,2,4, 0.048105227081
2,4,2,5, 0.011335186951
2,4,2,6, 0.007083588893
2,4,2,9,-0.018535446364
2,4,4,2, 0.048105227081
2,4,4,7, 0.017797373355
2,4,5,2, 0.011335186951
2,4,5,7, 0.023382229166
2,4,6,2, 0.007083588893
2,4,6,7, 0.017511326211
2,4,7,0, 0.011848927220
2,4,7,1, 0.013919432157
2,4,7,4, 0.017797373355
2,4,7,5, 0.023382229166
2,4,7,6, 0.017511326211
2,4,7,9,-0.015924843399
2,4,9,2,-0.018535446364
2,4,9,7,-0.015924843399
2,5,0,2, 0.031750654590
2,5,0,7, 0.010297631411
2,5,1,2, 0.022606913061
2,5,1,7, 0.013528450035
2,5,2,0, 0.031750654590
2,5,2,1, 0.022606913061
2,5,2,4, 0.011335186951
2,5,2,5, 0.010913849214
2,5,2,6, 0.016142297329
2,5,2,9,-0.015803266028
2,5,4,2, 0.011335186951
2,5,4,7, 0.014268373996
2,5,5,2, 0.010913849214
2,5,5,7, 0.023781956740
2,5,6,2, 0.016142297329
2,5,6,7, 0.017762762065
2,5,7,0, 0.010297631411
2,5,7,1, 0.013528450035
2,5,7,4, 0.014268373996
2,5,7,5, 0.023781956740
2,5,7,6, 0.017762762065
2,5,7,9,-0.011848927220
2,5,9,2,-0.015803266028
2,5,9,7,-0.011848927220
2,6,0,2, 0.062749023817
2,6,0,7, 0.013528450035
2,6,1,2, 0.045077248066
2,6,1,7, 0.017288398736
2,6,2,0, 0.062749023817
2,6,2,1, 0.045077248066
2,6,2,4, 0.007083588893
2,6,2,5, 0.016142297329
2,6,2,6, 0.029344602560
2,6,2,9,-0.023172959321
2,6,4,2, 0.007083588893
2,6,4,7, 0.017049040252
2,6,5,2, 0.016142297329
2,6,5,7, 0.026730516345
2,6,6,2, 0.029344602560
2,6,6,7, 0.021912729135
2,6,7,0, 0.013528450035
2,6,7,1, 0.017288398736
2,6,7,4, 0.017049040252
2,6,7,5, 0.026730516345
2,6,7,6, 0.021912729135
2,6,7,9,-0.013919432157
2,6,9,2,-0.023172959321
2,6,9,7,-0.013919432157
2,7,0,0, 0.133246404861
2,7,0,1, 0.083351575723
2,7,0,4, 0.027659063904
2,7,0,5, 0.047582543868
2,7,0,6, 0.058997153313
2,7,0,9,-0.061559843836
2,7,1,0, 0.083351575723
2,7,1,1, 0.094994068073
2,7,1,4, 0.021323111243
2,7,1,5, 0.058997153313
2,7,1,6, 0.078259964548
2,7,1,9,-0.037624759849
2,7,2,2, 0.132556314539
2,7,2,7, 0.033828581504
2,7,3,3, 0.121004824096
2,7,3,8, 0.029686306217
2,7,4,0, 0.027659063904
2,7,4,1, 0.021323111243
2,7,4,4, 0.133026452230
2,7,4,5, 0.061559843836
2,7,4,6, 0.037624759849
2,7,4,9,-0.078885932392
2,7,5,0, 0.047582543868
2,7,5,1, 0.058997153313
2,7,5,4, 0.061559843836
2,7,5,5, 0.133246404861
2,7,5,6, 0.083351575723
2,7,5,9,-0.027659063904
2,7,6,0, 0.058997153313
2,7,6,1, 0.078259964548
2,7,6,4, 0.037624759849
2,7,6,5, 0.083351575723
2,7,6,6, 0.094994068073
2,7,6,9,-0.021323111243
2,7,7,2, 0.033828581504
2,7,7,7, 0.132556314539
2,7,8,3, 0.029686306217
2,7,8,8, 0.121004824096
2,7,9,0,-0.061559843836
2,7,9,1,-0.037624759849
2,7,9,4,-0.078885932392
2,7,9,5,-0.027659063904
2,7,9,6,-0.021323111243
2,7,9,9, 0.133026452230
2,8,2,3, 0.005775745221
2,8,2,8, 0.002071137643
2,8,3,2, 0.005775745221
2,8,3,7, 0.002071137643
2,8,7,3, 0.002071137643
2,8,7,8, 0.005775745221
2,8,8,2, 0.002071137643
2,8,8,7, 0.005775745221
2,9,0,2,-0.047055850535
2,9,0,7,-0.014268373996
2,9,1,2,-0.032401935806
2,9,1,7,-0.017049040252
2,9,2,0,-0.047055850535
2,9,2,1,-0.032401935806
2,9,2,4,-0.018535446364
2,9,2,5,-0.015803266028
2,9,2,6,-0.023172959321
2,9,2,9, 0.023785585365
2,9,4,2,-0.018535446364
2,9,4,7,-0.019643310079
2,9,5,2,-0.015803266028
2,9,5,7,-0.027659063904
2,9,6,2,-0.023172959321
2,9,6,7,-0.021323111243
2,9,7,0,-0.014268373996
2,9,7,1,-0.017049040252
2,9,7,4,-0.019643310079
2,9,7,5,-0.027659063904
2,9,7,6,-0.021323111243
2,9,7,9, 0.017797373355
2,9,9,2, 0.023785585365
2,9,9,7, 0.017797373355
3,0,0,3, 0.152608082603
3,0,0,8, 0.023781956740
3,0,1,3, 0.101353944495
3,0,1,8, 0.026730516345
3,0,3,0, 0.152608082603
3,0,3,1, 0.101353944495
3,0,3,5, 0.031750654590
3,0,3,6, 0.062749023817
3,0,3,9,-0.047055850535
3,0,4,8, 0.027659063904
3,0,5,3, 0.031750654590
3,0,5,8, 0.037485776223
3,0,6,3, 0.062749023817
3,0,6,8, 0.031991675961
3,0,8,0, 0.023781956740
3,0,8,1, 0.026730516345
3,0,8,4, 0.027659063904
3,0,8,5, 0.037485776223
3,0,8,6, 0.031991675961
3,0,8,9,-0.023382229166
3,0,9,3,-0.047055850535
3,0,9,8,-0.023382229166
3,1,0,3, 0.101353944495
3,1,0,8, 0.017762762065
3,1,1,3, 0.072461555243
3,1,1,8, 0.021912729135
3,1,3,0, 0.101353944495
3,1,3,1, 0.072461555243
3,1,3,5, 0.022606913061
3,1,3,6, 0.045077248066
3,1,3,9,-0.032401935806
3,1,4,8, 0.021323111243
3,1,5,3, 0.022606913061
3,1,5,8, 0.031991675961
3,1,6,3, 0.045077248066
3,1,6,8, 0.027130573053
3,1,8,0, 0.017762762065
3,1,8,1, 0.021912729135
3,1,8,4, 0.021323111243
3,1,8,5, 0.031991675961
3,1,8,6, 0.027130573053
3,1,8,9,-0.017511326211
3,1,9,3,-0.032401935806
3,1,9,8,-0.017511326211
3,2,2,3, 0.048105227081
3,2,2,8, 0.005775745221
3,2,3,2, 0.048105227081
3,2,3,7, 0.005775745221
3,2,7,3, 0.005775745221
3,2,7,8, 0.006570132904
3,2,8,2, 0.005775745221
3,2,8,7, 0.006570132904
3,3,0,0, 0.775037038942
3,3,0,1, 0.462081934851
3,3,0,5, 0.195761918406
3,3,0,6, 0.295355959268
3,3,0,9,-0.267820065438
3,3,1,0, 0.462081934851
3,3,1,1, 0.491073083906
3,3,1,5, 0.218460575116
3,3,1,6, 0.351619789487
3,3,1,9,-0.157254649411
3,3,2,2, 0.689508254834
3,3,2,7, 0.121004824096
3,3,3,3, 0.785718708997
3,3,3,8, 0.132556314539
3,3,4,4, 0.689508254834
3,3,4,5, 0.216677439588
3,3,4,6, 0.111062034661
3,3,4,9,-0.296118907002
3,3,5,0, 0.195761918406
3,3,5,1, 0.218460575116
3,3,5,4, 0.216677439588
3,3,5,5, 0.437989254671
3,3,5,6, 0.292781535874
3,3,5,9,-0.104145299442
3,3,6,0, 0.295355959268
3,3,6,1, 0.351619789487
3,3,6,4, 0.111062034661
3,3,6,5, 0.292781535874
3,3,6,6, 0.380046230904
3,3,6,9,-0.091573065327
3,3,7,2, 0.121004824096
3,3,7,7, 0.412589512637
3,3,8,3, 0.132556314539
3,3,8,8, 0.425729778444
3,3,9,0,-0.267820065438
3,3,9,1,-0.157254649411
3,3,9,4,-0.296118907002
3,3,9,5,-0.104145299442
3,3,9,6,-0.091573065327
3,3,9,9, 0.472754503202
3,4,0,8, 0.011848927220
3,4,1,8, 0.013919432157
3,4,3,4, 0.048105227081
3,4,3,5, 0.011335186951
3,4,3,6, 0.007083588893
3,4,3,9,-0.018535446364
3,4,4,3, 0.048105227081
3,4,4,8, 0.017797373355
3,4,5,3, 0.011335186951
3,4,5,8, 0.023382229166
3,4,6,3, 0.007083588893
3,4,6,8, 0.017511326211
3,4,8,0, 0.011848927220
3,4,8,1, 0.013919432157
3,4,8,4, 0.017797373355
3,4,8,5, 0.023382229166
3,4,8,6, 0.017511326211
3,4,8,9,-0.015924843399
3,4,9,3,-0.018535446364
3,4,9,8,-0.015924843399
3,5,0,3, 0.031750654590
3,5,0,8, 0.010297631411
3,5,1,3, 0.022606913061
3,5,1,8, 0.013528450035
3,5,3,0, 0.031750654590
3,5,3,1, 0.022606913061
3,5,3,4, 0.011335186951
3,5,3,5, 0.010913849214
3,5,3,6, 0.016142297329
3,5,3,9,-0.015803266028
3,5,4,3, 0.011335186951
3,5,4,8, 0.014268373996
3,5,5,3, 0.010913849214
3,5,5,8, 0.023781956740
3,5,6,3, 0.016142297329
3,5,6,8, 0.017762762065
3,5,8,0, 0.010297631411
3,5,8,1, 0.013528450035
3,5,8,4, 0.014268373996
3,5,8,5, 0.023781956740
3,5,8,6, 0.017762762065
3,5,8,9,-0.011848927220
3,5,9,3,-0.015803266028
3,5,9,8,-0.011848927220
3,6,0,3, 0.062749023817
3,6,0,8, 0.013528450035
3,6,1,3, 0.045077248066
3,6,1,8, 0.017288398736
3,6,3,0, 0.062749023817
3,6,3,1, 0.045077248066
3,6,3,4, 0.007083588893
3,6,3,5, 0.016142297329
3,6,3,6, 0.029344602560
3,6,3,9,-0.023172959321
3,6,4,3, 0.007083588893
3,6,4,8, 0.017049040252
3,6,5,3, 0.016142297329
3,6,5,8, 0.026730516345
3,6,6,3, 0.029344602560
3,6,6,8, 0.021912729135
3,6,8,0, 0.013528450035
3,6,8,1, 0.017288398736
3,6,8,4, 0.017049040252
3,6,8,5, 0.026730516345
3,6,8,6, 0.021912729135
3,6,8,9,-0.013919432157
3,6,9,3,-0.023172959321
3,6,9,8,-0.013919432157
3,7,2,3, 0.005775745221
3,7,2,8, 0.002071137643
3,7,3,2, 0.005775745221
3,7,3,7, 0.002071137643
3,7,7,3, 0.002071137643
3,7,7,8, 0.005775745221
3,7,8,2, 0.002071137643
3,7,8,7, 0.005775745221
3,8,0,0, 0.133246404861
3,8,0,1, 0.083351575723
3,8,0,4, 0.027659063904
3,8,0,5, 0.047582543868
3,8,0,6, 0.058997153313
3,8,0,9,-0.061559843836
3,8,1,0, 0.083351575723
3,8,1,1, 0.094994068073
3,8,1,4, 0.021323111243
3,8,1,5, 0.058997153313
3,8,1,6, 0.078259964548
3,8,1,9,-0.037624759849
3,8,2,2, 0.121004824096
3,8,2,7, 0.029686306217
3,8,3,3, 0.132556314539
3,8,3,8, 0.033828581504
3,8,4,0, 0.027659063904
3,8,4,1, 0.021323111243
3,8,4,4, 0.133026452230
3,8,4,5, 0.061559843836
3,8,4,6, 0.037624759849
3,8,4,9,-0.078885932392
3,8,5,0, 0.047582543868
3,8,5,1, 0.058997153313
3,8,5,4, 0.061559843836
3,8,5,5, 0.133246404861
3,8,5,6, 0.083351575723
3,8,5,9,-0.027659063904
3,8,6,0, 0.058997153313
3,8,6,1, 0.078259964548
3,8,6,4, 0.037624759849
3,8,6,5, 0.083351575723
3,8,6,6, 0.094994068073
3,8,6,9,-0.021323111243
3,8,7,2, 0.029686306217
3,8,7,7, 0.121004824096
3,8,8,3, 0.033828581504
3,8,8,8, 0.132556314539
3,8,9,0,-0.061559843836
3,8,9,1,-0.037624759849
3,8,9,4,-0.078885932392
3,8,9,5,-0.027659063904
3,8,9,6,-0.021323111243
3,8,9,9, 0.133026452230
3,9,0,3,-0.047055850535
3,9,0,8,-0.014268373996
3,9,1,3,-0.032401935806
3,9,1,8,-0.017049040252
3,9,3,0,-0.047055850535
3,9,3,1,-0.032401935806
3,9,3,4,-0.018535446364
3,9,3,5,-0.015803266028
3,9,3,6,-0.023172959321
3,9,3,9, 0.023785585365
3,9,4,3,-0.018535446364
3,9,4,8,-0.019643310079
3,9,5,3,-0.015803266028
3,9,5,8,-0.027659063904
3,9,6,3,-0.023172959321
3,9,6,8,-0.021323111243
3,9,8,0,-0.014268373996
3,9,8,1,-0.017049040252
3,9,8,4,-0.019643310079
3,9,8,5,-0.027659063904
3,9,8,6,-0.021323111243
3,9,8,9, 0.017797373355
3,9,9,3, 0.023785585365
3,9,9,8, 0.017797373355
4,0,0,4, 0.152608082603
4,0,0,5, 0.042557294022
4,0,0,6, 0.021712380639
4,0,0,9,-0.061725268520
4,0,1,4, 0.101353944495
4,0,1,5, 0.048919322691
4,0,1,6, 0.030596994686
4,0,1,9,-0.039289225677
4,0,2,7, 0.027659063904
4,0,3,8, 0.027659063904
4,0,4,0, 0.152608082603
4,0,4,1, 0.101353944495
4,0,4,5, 0.072196482468
4,0,4,6, 0.068825976629
4,0,4,9,-0.099227769626
4,0,5,0, 0.042557294022
4,0,5,1, 0.048919322691
4,0,5,4, 0.072196482468
4,0,5,5, 0.121706142029
4,0,5,6, 0.068873084960
4,0,5,9,-0.045751787481
4,0,6,0, 0.021712380639
4,0,6,1, 0.030596994686
4,0,6,4, 0.068825976629
4,0,6,5, 0.068873084960
4,0,6,6, 0.054914012089
4,0,6,9,-0.030369356437
4,0,7,2, 0.027659063904
4,0,7,7, 0.104145299442
4,0,8,3, 0.027659063904
4,0,8,8, 0.104145299442
4,0,9,0,-0.061725268520
4,0,9,1,-0.039289225677
4,0,9,4,-0.099227769626
4,0,9,5,-0.045751787481
4,0,9,6,-0.030369356437
4,0,9,9, 0.133918923316
4,1,0,4, 0.101353944495
4,1,0,5, 0.031759998270
4,1,0,6, 0.016324841759
4,1,0,9,-0.042449794433
4,1,1,4, 0.072461555243
4,1,1,5, 0.040258344402
4,1,1,6, 0.025910414840
4,1,1,9,-0.027650827288
4,1,2,7, 0.021323111243
4,1,3,8, 0.021323111243
4,1,4,0, 0.101353944495
4,1,4,1, 0.072461555243
4,1,4,5, 0.054098291848
4,1,4,6, 0.049872720076
4,1,4,9,-0.069834719511
4,1,5,0, 0.031759998270
4,1,5,1, 0.040258344402
4,1,5,4, 0.054098291848
4,1,5,5, 0.104191220465
4,1,5,6, 0.058611402907
4,1,5,9,-0.030369356437
4,1,6,0, 0.016324841759
4,1,6,1, 0.025910414840
4,1,6,4, 0.049872720076
4,1,6,5, 0.058611402907
4,1,6,6, 0.047692993515
4,1,6,9,-0.019617593465
4,1,7,2, 0.021323111243
4,1,7,7, 0.091573065327
4,1,8,3, 0.021323111243
4,1,8,8, 0.091573065327
4,1,9,0,-0.042449794433
4,1,9,1,-0.027650827288
4,1,9,4,-0.069834719511
4,1,9,5,-0.030369356437
4,1,9,6,-0.019617593465
4,1,9,9, 0.104683590123
4,2,0,7, 0.011848927220
4,2,1,7, 0.013919432157
4,2,2,4, 0.048105227081
4,2,2,5, 0.011335186951
4,2,2,6, 0.007083588893
4,2,2,9,-0.018535446364
4,2,4,2, 0.048105227081
4,2,4,7, 0.017797373355
4,2,5,2, 0.011335186951
4,2,5,7, 0.023382229166
4,2,6,2, 0.007083588893
4,2,6,7, 0.017511326211
4,2,7,0, 0.011848927220
4,2,7,1, 0.013919432157
4,2,7,4, 0.017797373355
4,2,7,5, 0.023382229166
4,2,7,6, 0.017511326211
4,2,7,9,-0.015924843399
4,2,9,2,-0.018535446364
4,2,9,7,-0.015924843399
4,3,0,8, 0.011848927220
4,3,1,8, 0.013919432157
4,3,3,4, 0.048105227081
4,3,3,5, 0.011335186951
4,3,3,6, 0.007083588893
4,3,3,9,-0.018535446364
4,3,4,3, 0.048105227081
4,3,4,8, 0.017797373355
4,3,5,3, 0.011335186951
4,3,5,8, 0.023382229166
4,3,6,3, 0.007083588893
4,3,6,8, 0.017511326211
4,3,8,0, 0.011848927220
4,3,8,1, 0.013919432157
4,3,8,4, 0.017797373355
4,3,8,5, 0.023382229166
4,3,8,6, 0.017511326211
4,3,8,9,-0.015924843399
4,3,9,3,-0.018535446364
4,3,9,8,-0.015924843399
4,4,0,0, 0.775037038942
4,4,0,1, 0.462081934851
4,4,0,5, 0.213062904045
4,4,0,6, 0.297997847084
4,4,0,9,-0.290265316260
4,4,1,0, 0.462081934851
4,4,1,1, 0.491073083906
4,4,1,5, 0.240012500574
4,4,1,6, 0.356003574074
4,4,1,9,-0.171716450795
4,4,2,2, 0.689508254834
4,4,2,7, 0.133026452230
4,4,3,3, 0.689508254834
4,4,3,8, 0.133026452230
4,4,4,4, 0.785718708997
4,4,4,5, 0.255142696801
4,4,4,6, 0.125820650946
4,4,4,9,-0.347002577171
4,4,5,0, 0.213062904045
4,4,5,1, 0.240012500574
4,4,5,4, 0.255142696801
4,4,5,5, 0.513227804550
4,4,5,6, 0.326567517335
4,4,5,9,-0.133918923316
4,4,6,0, 0.297997847084
4,4,6,1, 0.356003574074
4,4,6,4, 0.125820650946
4,4,6,5, 0.326567517335
4,4,6,6, 0.394372100924
4,4,6,9,-0.104683590123
4,4,7,2, 0.133026452230
4,4,7,7, 0.472754503202
4,4,8,3, 0.133026452230
4,4,8,8, 0.472754503202
4,4,9,0,-0.290265316260
4,4,9,1,-0.171716450795
4,4,9,4,-0.347002577171
4,4,9,5,-0.133918923316
4,4,9,6,-0.104683590123
4,4,9,9, 0.548401345316
4,5,0,0, 0.237503861114
4,5,0,1, 0.148520384475
4,5,0,4, 0.072196482468
4,5,0,5, 0.098014745807
4,5,0,6, 0.109414448541
4,5,0,9,-0.124262520496
4,5,1,0, 0.148520384475
4,5,1,1, 0.169336754049
4,5,1,4, 0.054098291848
4,5,1,5, 0.123197735257
4,5,1,6, 0.146502935593
4,5,1,9,-0.075166724731
4,5,2,2, 0.216677439588
4,5,2,7, 0.061559843836
4,5,3,3, 0.216677439588
4,5,3,8, 0.061559843836
4,5,4,0, 0.072196482468
4,5,4,1, 0.054098291848
4,5,4,4, 0.255142696801
4,5,4,5, 0.135502923197
4,5,4,6, 0.081790427711
4,5,4,9,-0.169482588717
4,5,5,0, 0.098014745807
4,5,5,1, 0.123197735257
4,5,5,4, 0.135502923197
4,5,5,5, 0.303700651753
4,5,5,6, 0.177434333619
4,5,5,9,-0.061725268520
4,5,6,0, 0.109414448541
4,5,6,1, 0.146502935593
4,5,6,4, 0.081790427711
4,5,6,5, 0.177434333619
4,5,6,6, 0.184945067535
4,5,6,9,-0.042449794433
4,5,7,2, 0.061559843836
4,5,7,7, 0.267820065438
4,5,8,3, 0.061559843836
4,5,8,8, 0.267820065438
4,5,9,0,-0.124262520496
4,5,9,1,-0.075166724731
4,5,9,4,-0.169482588717
4,5,9,5,-0.061725268520
4,5,9,6,-0.042449794433
4,5,9,9, 0.290265316260
4,6,0,0, 0.119983608538
4,6,0,1, 0.075182130596
4,6,0,4, 0.068825976629
4,6,0,5, 0.057842567249
4,6,0,6, 0.060241176558
4,6,0,9,-0.075166724731
4,6,1,0, 0.075182130596
4,6,1,1, 0.086208454062
4,6,1,4, 0.049872720076
4,6,1,5, 0.072183464242
4,6,1,6, 0.081963208373
4,6,1,9,-0.046237452918
4,6,2,2, 0.111062034661
4,6,2,7, 0.037624759849
4,6,3,3, 0.111062034661
4,6,3,8, 0.037624759849
4,6,4,0, 0.068825976629
4,6,4,1, 0.049872720076
4,6,4,4, 0.125820650946
4,6,4,5, 0.081790427711
4,6,4,6, 0.056053017755
4,6,4,9,-0.104670963253
4,6,5,0, 0.057842567249
4,6,5,1, 0.072183464242
4,6,5,4, 0.081790427711
4,6,5,5, 0.173212656789
4,6,5,6, 0.103347661811
4,6,5,9,-0.039289225677
4,6,6,0, 0.060241176558
4,6,6,1, 0.081963208373
4,6,6,4, 0.056053017755
4,6,6,5, 0.103347661811
4,6,6,6, 0.107129225167
4,6,6,9,-0.027650827288
4,6,7,2, 0.037624759849
4,6,7,7, 0.157254649411
4,6,8,3, 0.037624759849
4,6,8,8, 0.157254649411
4,6,9,0,-0.075166724731
4,6,9,1,-0.046237452918
4,6,9,4,-0.104670963253
4,6,9,5,-0.039289225677
4,6,9,6,-0.027650827288
4,6,9,9, 0.171716450795
4,7,0,2, 0.027659063904
4,7,0,7, 0.015803266028
4,7,1,2, 0.021323111243
4,7,1,7, 0.023172959321
4,7,2,0, 0.027659063904
4,7,2,1, 0.021323111243
4,7,2,4, 0.017797373355
4,7,2,5, 0.014268373996
4,7,2,6, 0.017049040252
4,7,2,9,-0.019643310079
4,7,4,2, 0.017797373355
4,7,4,7, 0.023785585365
4,7,5,2, 0.014268373996
4,7,5,7, 0.047055850535
4,7,6,2, 0.017049040252
4,7,6,7, 0.032401935806
4,7,7,0, 0.015803266028
4,7,7,1, 0.023172959321
4,7,7,4, 0.023785585365
4,7,7,5, 0.047055850535
4,7,7,6, 0.032401935806
4,7,7,9,-0.018535446364
4,7,9,2,-0.019643310079
4,7,9,7,-0.018535446364
4,8,0,3, 0.027659063904
4,8,0,8, 0.015803266028
4,8,1,3, 0.021323111243
4,8,1,8, 0.023172959321
4,8,3,0, 0.027659063904
4,8,3,1, 0.021323111243
4,8,3,4, 0.017797373355
4,8,3,5, 0.014268373996
4,8,3,6, 0.017049040252
4,8,3,9,-0.019643310079
4,8,4,3, 0.017797373355
4,8,4,8, 0.023785585365
4,8,5,3, 0.014268373996
4,8,5,8, 0.047055850535
4,8,6,3, 0.017049040252
4,8,6,8, 0.032401935806
4,8,8,0, 0.015803266028
4,8,8,1, 0.023172959321
4,8,8,4, 0.023785585365
4,8,8,5, 0.047055850535
4,8,8,6, 0.032401935806
4,8,8,9,-0.018535446364
4,8,9,3,-0.019643310079
4,8,9,8,-0.018535446364
4,9,0,0,-0.330741881059
4,9,0,1,-0.200397910817
4,9,0,4,-0.099227769626
4,9,0,5,-0.125289974381
4,9,0,6,-0.145027663664
4,9,0,9, 0.169482588717
4,9,1,0,-0.200397910817
4,9,1,1,-0.216709753066
4,9,1,4,-0.069834719511
4,9,1,5,-0.145027663664
4,9,1,6,-0.180274192645
4,9,1,9, 0.104670963253
4,9,2,2,-0.296118907002
4,9,2,7,-0.078885932392
4,9,3,3,-0.296118907002
4,9,3,8,-0.078885932392
4,9,4,0,-0.099227769626
4,9,4,1,-0.069834719511
4,9,4,4,-0.347002577171
4,9,4,5,-0.169482588717
4,9,4,6,-0.104670963253
4,9,4,9, 0.226473880739
4,9,5,0,-0.125289974381
4,9,5,1,-0.145027663664
4,9,5,4,-0.169482588717
4,9,5,5,-0.330741881059
4,9,5,6,-0.200397910817
4,9,5,9, 0.099227769626
4,9,6,0,-0.145027663664
4,9,6,1,-0.180274192645
4,9,6,4,-0.104670963253
4,9,6,5,-0.200397910817
4,9,6,6,-0.216709753066
4,9,6,9, 0.069834719511
4,9,7,2,-0.078885932392
4,9,7,7,-0.296118907002
4,9,8,3,-0.078885932392
4,9,8,8,-0.296118907002
4,9,9,0, 0.169482588717
4,9,9,1, 0.104670963253
4,9,9,4, 0.226473880739
4,9,9,5, 0.099227769626
4,9,9,6, 0.069834719511
4,9,9,9,-0.347002577171
5,0,0,0, 0.216609580442
5,0,0,1, 0.130900734796
5,0,0,4, 0.042557294022
5,0,0,5, 0.075465529400
5,0,0,6, 0.092092464881
5,0,0,9,-0.098014745807
5,0,1,0, 0.130900734796
5,0,1,1, 0.144311457746
5,0,1,4, 0.031759998270
5,0,1,5, 0.092092464881
5,0,1,6, 0.118538817469
5,0,1,9,-0.057842567249
5,0,2,2, 0.195761918406
5,0,2,7, 0.047582543868
5,0,3,3, 0.195761918406
5,0,3,8, 0.047582543868
5,0,4,0, 0.042557294022
5,0,4,1, 0.031759998270
5,0,4,4, 0.213062904045
5,0,4,5, 0.098014745807
5,0,4,6, 0.057842567249
5,0,4,9,-0.125289974381
5,0,5,0, 0.075465529400
5,0,5,1, 0.092092464881
5,0,5,4, 0.098014745807
5,0,5,5, 0.216609580442
5,0,5,6, 0.130900734796
5,0,5,9,-0.042557294022
5,0,6,0, 0.092092464881
5,0,6,1, 0.118538817469
5,0,6,4, 0.057842567249
5,0,6,5, 0.130900734796
5,0,6,6, 0.144311457746
5,0,6,9,-0.031759998270
5,0,7,2, 0.047582543868
5,0,7,7, 0.195761918406
5,0,8,3, 0.047582543868
5,0,8,8, 0.195761918406
5,0,9,0,-0.098014745807
5,0,9,1,-0.057842567249
5,0,9,4,-0.125289974381
5,0,9,5,-0.042557294022
5,0,9,6,-0.031759998270
5,0,9,9, 0.213062904045
5,1,0,0, 0.231565675231
5,1,0,1, 0.148871587722
5,1,0,4, 0.048919322691
5,1,0,5, 0.092092464881
5,1,0,6, 0.107715936128
5,1,0,9,-0.109414448541
5,1,1,0, 0.148871587722
5,1,1,1, 0.181537212883
5,1,1,4, 0.040258344402
5,1,1,5, 0.127558910659
5,1,1,6, 0.158837168060
5,1,1,9,-0.060241176558
5,1,2,2, 0.218460575116
5,1,2,7, 0.058997153313
5,1,3,3, 0.218460575116
5,1,3,8, 0.058997153313
5,1,4,0, 0.048919322691
5,1,4,1, 0.040258344402
5,1,4,4, 0.240012500574
5,1,4,5, 0.123197735257
5,1,4,6, 0.072183464242
5,1,4,9,-0.145027663664
5,1,5,0, 0.092092464881
5,1,5,1, 0.127558910659
5,1,5,4, 0.123197735257
5,1,5,5, 0.321917971203
5,1,5,6, 0.192501797796
5,1,5,9,-0.021712380639
5,1,6,0, 0.107715936128
5,1,6,1, 0.158837168060
5,1,6,4, 0.072183464242
5,1,6,5, 0.192501797796
5,1,6,6, 0.209811231737
5,1,6,9,-0.016324841759
5,1,7,2, 0.058997153313
5,1,7,7, 0.295355959268
5,1,8,3, 0.058997153313
5,1,8,8, 0.295355959268
5,1,9,0,-0.109414448541
5,1,9,1,-0.060241176558
5,1,9,4,-0.145027663664
5,1,9,5,-0.021712380639
5,1,9,6,-0.016324841759
5,1,9,9, 0.297997847084
5,2,0,2, 0.031750654590
5,2,0,7, 0.010297631411
5,2,1,2, 0.022606913061
5,2,1,7, 0.013528450035
5,2,2,0, 0.031750654590
5,2,2,1, 0.022606913061
5,2,2,4, 0.011335186951
5,2,2,5, 0.010913849214
5,2,2,6, 0.016142297329
5,2,2,9,-0.015803266028
5,2,4,2, 0.011335186951
5,2,4,7, 0.014268373996
5,2,5,2, 0.010913849214
5,2,5,7, 0.023781956740
5,2,6,2, 0.016142297329
5,2,6,7, 0.017762762065
5,2,7,0, 0.010297631411
5,2,7,1, 0.013528450035
5,2,7,4, 0.014268373996
5,2,7,5, 0.023781956740
5,2,7,6, 0.017762762065
5,2,7,9,-0.011848927220
5,2,9,2,-0.015803266028
5,2,9,7,-0.011848927220
5,3,0,3, 0.031750654590
5,3,0,8, 0.010297631411
5,3,1,3, 0.022606913061
5,3,1,8, 0.013528450035
5,3,3,0, 0.031750654590
5,3,3,1, 0.022606913061
5,3,3,4, 0.011335186951
5,3,3,5, 0.010913849214
5,3,3,6, 0.016142297329
5,3,3,9,-0.015803266028
5,3,4,3, 0.011335186951
5,3,4,8, 0.014268373996
5,3,5,3, 0.010913849214
5,3,5,8, 0.023781956740
5,3,6,3, 0.016142297329
5,3,6,8, 0.017762762065
5,3,8,0, 0.010297631411
5,3,8,1, 0.013528450035
5,3,8,4, 0.014268373996
5,3,8,5, 0.023781956740
5,3,8,6, 0.017762762065
5,3,8,9,-0.011848927220
5,3,9,3,-0.015803266028
5,3,9,8,-0.011848927220
5,4,0,0, 0.237503861114
5,4,0,1, 0.148520384475
5,4,0,4, 0.072196482468
5,4,0,5, 0.098014745807
5,4,0,6, 0.109414448541
5,4,0,9,-0.124262520496
5,4,1,0, 0.148520384475
5,4,1,1, 0.169336754049
5,4,1,4, 0.054098291848
5,4,1,5, 0.123197735257
5,4,1,6, 0.146502935593
5,4,1,9,-0.075166724731
5,4,2,2, 0.216677439588
5,4,2,7, 0.061559843836
5,4,3,3, 0.216677439588
5,4,3,8, 0.061559843836
5,4,4,0, 0.072196482468
5,4,4,1, 0.054098291848
5,4,4,4, 0.255142696801
5,4,4,5, 0.135502923197
5,4,4,6, 0.081790427711
5,4,4,9,-0.169482588717
5,4,5,0, 0.098014745807
5,4,5,1, 0.123197735257
5,4,5,4, 0.135502923197
5,4,5,5, 0.303700651753
5,4,5,6, 0.177434333619
5,4,5,9,-0.061725268520
5,4,6,0, 0.109414448541
5,4,6,1, 0.146502935593
5,4,6,4, 0.081790427711
5,4,6,5, 0.177434333619
5,4,6,6, 0.184945067535
5,4,6,9,-0.042449794433
5,4,7,2, 0.061559843836
5,4,7,7, 0.267820065438
5,4,8,3, 0.061559843836
5,4,8,8, 0.267820065438
5,4,9,0,-0.124262520496
5,4,9,1,-0.075166724731
5,4,9,4,-0.169482588717
5,4,9,5,-0.061725268520
5,4,9,6,-0.042449794433
5,4,9,9, 0.290265316260
5,5,0,0, 0.466736899425
5,5,0,1, 0.308281233332
5,5,0,4, 0.121706142029
5,5,0,5, 0.216609580442
5,5,0,6, 0.231565675231
5,5,0,9,-0.237503861114
5,5,1,0, 0.308281233332
5,5,1,1, 0.391100537750
5,5,1,4, 0.104191220465
5,5,1,5, 0.321917971203
5,5,1,6, 0.362943307859
5,5,1,9,-0.119983608538
5,5,2,2, 0.437989254671
5,5,2,7, 0.133246404861
5,5,3,3, 0.437989254671
5,5,3,8, 0.133246404861
5,5,4,0, 0.121706142029
5,5,4,1, 0.104191220465
5,5,4,4, 0.513227804550
5,5,4,5, 0.303700651753
5,5,4,6, 0.173212656789
5,5,4,9,-0.330741881059
5,5,5,0, 0.216609580442
5,5,5,1, 0.321917971203
5,5,5,4, 0.303700651753
5,5,5,5, 0.897251802255
5,5,5,6, 0.504699283325
5,5,6,0, 0.231565675231
5,5,6,1, 0.362943307859
5,5,6,4, 0.173212656789
5,5,6,5, 0.504699283325
5,5,6,6, 0.507364877272
5,5,7,2, 0.133246404861
5,5,7,7, 0.775037038942
5,5,8,3, 0.133246404861
5,5,8,8, 0.775037038942
5,5,9,0,-0.237503861114
5,5,9,1,-0.119983608538
5,5,9,4,-0.330741881059
5,5,9,9, 0.775037038942
5,6,0,0, 0.308281233332
5,6,0,1, 0.202488186410
5,6,0,4, 0.068873084960
5,6,0,5, 0.130900734796
5,6,0,6, 0.148871587722
5,6,0,9,-0.148520384475
5,6,1,0, 0.202488186410
5,6,1,1, 0.257468049079
5,6,1,4, 0.058611402907
5,6,1,5, 0.192501797796
5,6,1,6, 0.233879055411
5,6,1,9,-0.075182130596
5,6,2,2, 0.292781535874
5,6,2,7, 0.083351575723
5,6,3,3, 0.292781535874
5,6,3,8, 0.083351575723
5,6,4,0, 0.068873084960
5,6,4,1, 0.058611402907
5,6,4,4, 0.326567517335
5,6,4,5, 0.177434333619
5,6,4,6, 0.103347661811
5,6,4,9,-0.200397910817
5,6,5,0, 0.130900734796
5,6,5,1, 0.192501797796
5,6,5,4, 0.177434333619
5,6,5,5, 0.504699283325
5,6,5,6, 0.300015949963
5,6,6,0, 0.148871587722
5,6,6,1, 0.233879055411
5,6,6,4, 0.103347661811
5,6,6,5, 0.300015949963
5,6,6,6, 0.324022459289
5,6,7,2, 0.083351575723
5,6,7,7, 0.462081934851
5,6,8,3, 0.083351575723
5,6,8,8, 0.462081934851
5,6,9,0,-0.148520384475
5,6,9,1,-0.075182130596
5,6,9,4,-0.200397910817
5,6,9,9, 0.462081934851
5,7,0,2, 0.037485776223
5,7,0,7, 0.031750654590
5,7,1,2, 0.031991675961
5,7,1,7, 0.062749023817
5,7,2,0, 0.037485776223
5,7,2,1, 0.031991675961
5,7,2,4, 0.023382229166
5,7,2,5, 0.023781956740
5,7,2,6, 0.026730516345
5,7,2,9,-0.027659063904
5,7,4,2, 0.023382229166
5,7,4,7, 0.047055850535
5,7,5,2, 0.023781956740
5,7,5,7, 0.152608082603
5,7,6,2, 0.026730516345
5,7,6,7, 0.101353944495
5,7,7,0, 0.031750654590
5,7,7,1, 0.062749023817
5,7,7,4, 0.047055850535
5,7,7,5, 0.152608082603
5,7,7,6, 0.101353944495
5,7,9,2,-0.027659063904
5,8,0,3, 0.037485776223
5,8,0,8, 0.031750654590
5,8,1,3, 0.031991675961
5,8,1,8, 0.062749023817
5,8,3,0, 0.037485776223
5,8,3,1, 0.031991675961
5,8,3,4, 0.023382229166
5,8,3,5, 0.023781956740
5,8,3,6, 0.026730516345
5,8,3,9,-0.027659063904
5,8,4,3, 0.023382229166
5,8,4,8, 0.047055850535
5,8,5,3, 0.023781956740
5,8,5,8, 0.152608082603
5,8,6,3, 0.026730516345
5,8,6,8, 0.101353944495
5,8,8,0, 0.031750654590
5,8,8,1, 0.062749023817
5,8,8,4, 0.047055850535
5,8,8,5, 0.152608082603
5,8,8,6, 0.101353944495
5,8,9,3,-0.027659063904
5,9,0,0,-0.121706142029
5,9,0,1,-0.068873084960
5,9,0,4,-0.045751787481
5,9,0,5,-0.042557294022
5,9,0,6,-0.048919322691
5,9,0,9, 0.072196482468
5,9,1,0,-0.068873084960
5,9,1,1,-0.054914012089
5,9,1,4,-0.030369356437
5,9,1,5,-0.021712380639
5,9,1,6,-0.030596994686
5,9,1,9, 0.068825976629
5,9,2,2,-0.104145299442
5,9,2,7,-0.027659063904
5,9,3,3,-0.104145299442
5,9,3,8,-0.027659063904
5,9,4,0,-0.045751787481
5,9,4,1,-0.030369356437
5,9,4,4,-0.133918923316
5,9,4,5,-0.061725268520
5,9,4,6,-0.039289225677
5,9,4,9, 0.099227769626
5,9,5,0,-0.042557294022
5,9,5,1,-0.021712380639
5,9,5,4,-0.061725268520
5,9,5,9, 0.152608082603
5,9,6,0,-0.048919322691
5,9,6,1,-0.030596994686
5,9,6,4,-0.039289225677
5,9,6,9, 0.101353944495
5,9,7,2,-0.027659063904
5,9,8,3,-0.027659063904
5,9,9,0, 0.072196482468
5,9,9,1, 0.068825976629
5,9,9,4, 0.099227769626
5,9,9,5, 0.152608082603
5,9,9,6, 0.101353944495
6,0,0,0, 0.321917971203
6,0,0,1, 0.192501797796
6,0,0,4, 0.021712380639
6,0,0,5, 0.092092464881
6,0,0,6, 0.127558910659
6,0,0,9,-0.123197735257
6,0,1,0, 0.192501797796
6,0,1,1, 0.209811231737
6,0,1,4, 0.016324841759
6,0,1,5, 0.107715936128
6,0,1,6, 0.158837168060
6,0,1,9,-0.072183464242
6,0,2,2, 0.295355959268
6,0,2,7, 0.058997153313
6,0,3,3, 0.295355959268
6,0,3,8, 0.058997153313
6,0,4,0, 0.021712380639
6,0,4,1, 0.016324841759
6,0,4,4, 0.297997847084
6,0,4,5, 0.109414448541
6,0,4,6, 0.060241176558
6,0,4,9,-0.145027663664
6,0,5,0, 0.092092464881
6,0,5,1, 0.107715936128
6,0,5,4, 0.109414448541
6,0,5,5, 0.231565675231
6,0,5,6, 0.148871587722
6,0,5,9,-0.048919322691
6,0,6,0, 0.127558910659
6,0,6,1, 0.158837168060
6,0,6,4, 0.060241176558
6,0,6,5, 0.148871587722
6,0,6,6, 0.181537212883
6,0,6,9,-0.040258344402
6,0,7,2, 0.058997153313
6,0,7,7, 0.218460575116
6,0,8,3, 0.058997153313
6,0,8,8, 0.218460575116
6,0,9,0,-0.123197735257
6,0,9,1,-0.072183464242
6,0,9,4,-0.145027663664
6,0,9,5,-0.048919322691
6,0,9,6,-0.040258344402
6,0,9,9, 0.240012500574
6,1,0,0, 0.362943307859
6,1,0,1, 0.233879055411
6,1,0,4, 0.030596994686
6,1,0,5, 0.118538817469
6,1,0,6, 0.158837168060
6,1,0,9,-0.146502935593
6,1,1,0, 0.233879055411
6,1,1,1, 0.289901798810
6,1,1,4, 0.025910414840
6,1,1,5, 0.158837168060
6,1,1,6, 0.232490554755
6,1,1,9,-0.081963208373
6,1,2,2, 0.351619789487
6,1,2,7, 0.078259964548
6,1,3,3, 0.351619789487
6,1,3,8, 0.078259964548
6,1,4,0, 0.030596994686
6,1,4,1, 0.025910414840
6,1,4,4, 0.356003574074
6,1,4,5, 0.146502935593
6,1,4,6, 0.081963208373
6,1,4,9,-0.180274192645
6,1,5,0, 0.118538817469
6,1,5,1, 0.158837168060
6,1,5,4, 0.146502935593
6,1,5,5, 0.362943307859
6,1,5,6, 0.233879055411
6,1,5,9,-0.030596994686
6,1,6,0, 0.158837168060
6,1,6,1, 0.232490554755
6,1,6,4, 0.081963208373
6,1,6,5, 0.233879055411
6,1,6,6, 0.289901798810
6,1,6,9,-0.025910414840
6,1,7,2, 0.078259964548
6,1,7,7, 0.351619789487
6,1,8,3, 0.078259964548
6,1,8,8, 0.351619789487
6,1,9,0,-0.146502935593
6,1,9,1,-0.081963208373
6,1,9,4,-0.180274192645
6,1,9,5,-0.030596994686
6,1,9,6,-0.025910414840
6,1,9,9, 0.356003574074
6,2,0,2, 0.062749023817
6,2,0,7, 0.013528450035
6,2,1,2, 0.045077248066
6,2,1,7, 0.017288398736
6,2,2,0, 0.062749023817
6,2,2,1, 0.045077248066
6,2,2,4, 0.007083588893
6,2,2,5, 0.016142297329
6,2,2,6, 0.029344602560
6,2,2,9,-0.023172959321
6,2,4,2, 0.007083588893
6,2,4,7, 0.017049040252
6,2,5,2, 0.016142297329
6,2,5,7, 0.026730516345
6,2,6,2, 0.029344602560
6,2,6,7, 0.021912729135
6,2,7,0, 0.013528450035
6,2,7,1, 0.017288398736
6,2,7,4, 0.017049040252
6,2,7,5, 0.026730516345
6,2,7,6, 0.021912729135
6,2,7,9,-0.013919432157
6,2,9,2,-0.023172959321
6,2,9,7,-0.013919432157
6,3,0,3, 0.062749023817
6,3,0,8, 0.013528450035
6,3,1,3, 0.045077248066
6,3,1,8, 0.017288398736
6,3,3,0, 0.062749023817
6,3,3,1, 0.045077248066
6,3,3,4, 0.007083588893
6,3,3,5, 0.016142297329
6,3,3,6, 0.029344602560
6,3,3,9,-0.023172959321
6,3,4,3, 0.007083588893
6,3,4,8, 0.017049040252
6,3,5,3, 0.016142297329
6,3,5,8, 0.026730516345
6,3,6,3, 0.029344602560
6,3,6,8, 0.021912729135
6,3,8,0, 0.013528450035
6,3,8,1, 0.017288398736
6,3,8,4, 0.017049040252
6,3,8,5, 0.026730516345
6,3,8,6, 0.021912729135
6,3,8,9,-0.013919432157
6,3,9,3,-0.023172959321
6,3,9,8,-0.013919432157
6,4,0,0, 0.119983608538
6,4,0,1, 0.075182130596
6,4,0,4, 0.068825976629
6,4,0,5, 0.057842567249
6,4,0,6, 0.060241176558
6,4,0,9,-0.075166724731
6,4,1,0, 0.075182130596
6,4,1,1, 0.086208454062
6,4,1,4, 0.049872720076
6,4,1,5, 0.072183464242
6,4,1,6, 0.081963208373
6,4,1,9,-0.046237452918
6,4,2,2, 0.111062034661
6,4,2,7, 0.037624759849
6,4,3,3, 0.111062034661
6,4,3,8, 0.037624759849
6,4,4,0, 0.068825976629
6,4,4,1, 0.049872720076
6,4,4,4, 0.125820650946
6,4,4,5, 0.081790427711
6,4,4,6, 0.056053017755
6,4,4,9,-0.104670963253
6,4,5,0, 0.057842567249
6,4,5,1, 0.072183464242
6,4,5,4, 0.081790427711
6,4,5,5, 0.173212656789
6,4,5,6, 0.103347661811
6,4,5,9,-0.039289225677
6,4,6,0, 0.060241176558
6,4,6,1, 0.081963208373
6,4,6,4, 0.056053017755
6,4,6,5, 0.103347661811
6,4,6,6, 0.107129225167
6,4,6,9,-0.027650827288
6,4,7,2, 0.037624759849
6,4,7,7, 0.157254649411
6,4,8,3, 0.037624759849
6,4,8,8, 0.157254649411
6,4,9,0,-0.075166724731
6,4,9,1,-0.046237452918
6,4,9,4,-0.104670963253
6,4,9,5,-0.039289225677
6,4,9,6,-0.027650827288
6,4,9,9, 0.171716450795
6,5,0,0, 0.308281233332
6,5,0,1, 0.202488186410
6,5,0,4, 0.068873084960
6,5,0,5, 0.130900734796
6,5,0,6, 0.148871587722
6,5,0,9,-0.148520384475
6,5,1,0, 0.202488186410
6,5,1,1, 0.257468049079
6,5,1,4, 0.058611402907
6,5,1,5, 0.192501797796
6,5,1,6, 0.233879055411
6,5,1,9,-0.075182130596
6,5,2,2, 0.292781535874
6,5,2,7, 0.083351575723
6,5,3,3, 0.292781535874
6,5,3,8, 0.083351575723
6,5,4,0, 0.068873084960
6,5,4,1, 0.058611402907
6,5,4,4, 0.326567517335
6,5,4,5, 0.177434333619
6,5,4,6, 0.103347661811
6,5,4,9,-0.200397910817
6,5,5,0, 0.130900734796
6,5,5,1, 0.192501797796
6,5,5,4, 0.177434333619
6,5,5,5, 0.504699283325
6,5,5,6, 0.300015949963
6,5,6,0, 0.148871587722
6,5,6,1, 0.233879055411
6,5,6,4, 0.103347661811
6,5,6,5, 0.300015949963
6,5,6,6, 0.324022459289
6,5,7,2, 0.083351575723
6,5,7,7, 0.462081934851
6,5,8,3, 0.083351575723
6,5,8,8, 0.462081934851
6,5,9,0,-0.148520384475
6,5,9,1,-0.075182130596
6,5,9,4,-0.200397910817
6,5,9,9, 0.462081934851
6,6,0,0, 0.391100537750
6,6,0,1, 0.257468049079
6,6,0,4, 0.054914012089
6,6,0,5, 0.144311457746
6,6,0,6, 0.181537212883
6,6,0,9,-0.169336754049
6,6,1,0, 0.257468049079
6,6,1,1, 0.334513776892
6,6,1,4, 0.047692993515
6,6,1,5, 0.209811231737
6,6,1,6, 0.289901798810
6,6,1,9,-0.086208454062
6,6,2,2, 0.380046230904
6,6,2,7, 0.094994068073
6,6,3,3, 0.380046230904
6,6,3,8, 0.094994068073
6,6,4,0, 0.054914012089
6,6,4,1, 0.047692993515
6,6,4,4, 0.394372100924
6,6,4,5, 0.184945067535
6,6,4,6, 0.107129225167
6,6,4,9,-0.216709753066
6,6,5,0, 0.144311457746
6,6,5,1, 0.209811231737
6,6,5,4, 0.184945067535
6,6,5,5, 0.507364877272
6,6,5,6, 0.324022459289
6,6,6,0, 0.181537212883
6,6,6,1, 0.289901798810
6,6,6,4, 0.107129225167
6,6,6,5, 0.324022459289
6,6,6,6, 0.394125899248
6,6,7,2, 0.094994068073
6,6,7,7, 0.491073083906
6,6,8,3, 0.094994068073
6,6,8,8, 0.491073083906
6,6,9,0,-0.169336754049
6,6,9,1,-0.086208454062
6,6,9,4,-0.216709753066
6,6,9,9, 0.491073083906
6,7,0,2, 0.031991675961
6,7,0,7, 0.022606913061
6,7,1,2, 0.027130573053
6,7,1,7, 0.045077248066
6,7,2,0, 0.031991675961
6,7,2,1, 0.027130573053
6,7,2,4, 0.017511326211
6,7,2,5, 0.017762762065
6,7,2,6, 0.021912729135
6,7,2,9,-0.021323111243
6,7,4,2, 0.017511326211
6,7,4,7, 0.032401935806
6,7,5,2, 0.017762762065
6,7,5,7, 0.101353944495
6,7,6,2, 0.021912729135
6,7,6,7, 0.072461555243
6,7,7,0, 0.022606913061
6,7,7,1, 0.045077248066
6,7,7,4, 0.032401935806
6,7,7,5, 0.101353944495
6,7,7,6, 0.072461555243
6,7,9,2,-0.021323111243
6,8,0,3, 0.031991675961
6,8,0,8, 0.022606913061
6,8,1,3, 0.027130573053
6,8,1,8, 0.045077248066
6,8,3,0, 0.031991675961
6,8,3,1, 0.027130573053
6,8,3,4, 0.017511326211
6,8,3,5, 0.017762762065
6,8,3,6, 0.021912729135
6,8,3,9,-0.021323111243
6,8,4,3, 0.017511326211
6,8,4,8, 0.032401935806
6,8,5,3, 0.017762762065
6,8,5,8, 0.101353944495
6,8,6,3, 0.021912729135
6,8,6,8, 0.072461555243
6,8,8,0, 0.022606913061
6,8,8,1, 0.045077248066
6,8,8,4, 0.032401935806
6,8,8,5, 0.101353944495
6,8,8,6, 0.072461555243
6,8,9,3,-0.021323111243
6,9,0,0,-0.104191220465
6,9,0,1,-0.058611402907
6,9,0,4,-0.030369356437
6,9,0,5,-0.031759998270
6,9,0,6,-0.040258344402
6,9,0,9, 0.054098291848
6,9,1,0,-0.058611402907
6,9,1,1,-0.047692993515
6,9,1,4,-0.019617593465
6,9,1,5,-0.016324841759
6,9,1,6,-0.025910414840
6,9,1,9, 0.049872720076
6,9,2,2,-0.091573065327
6,9,2,7,-0.021323111243
6,9,3,3,-0.091573065327
6,9,3,8,-0.021323111243
6,9,4,0,-0.030369356437
6,9,4,1,-0.019617593465
6,9,4,4,-0.104683590123
6,9,4,5,-0.042449794433
6,9,4,6,-0.027650827288
6,9,4,9, 0.069834719511
6,9,5,0,-0.031759998270
6,9,5,1,-0.016324841759
6,9,5,4,-0.042449794433
6,9,5,9, 0.101353944495
6,9,6,0,-0.040258344402
6,9,6,1,-0.025910414840
6,9,6,4,-0.027650827288
6,9,6,9, 0.072461555243
6,9,7,2,-0.021323111243
6,9,8,3,-0.021323111243
6,9,9,0, 0.054098291848
6,9,9,1, 0.049872720076
6,9,9,4, 0.069834719511
6,9,9,5, 0.101353944495
6,9,9,6, 0.072461555243
7,0,0,2, 0.023781956740
7,0,0,7, 0.010913849214
7,0,1,2, 0.017762762065
7,0,1,7, 0.016142297329
7,0,2,0, 0.023781956740
7,0,2,1, 0.017762762065
7,0,2,4, 0.011848927220
7,0,2,5, 0.010297631411
7,0,2,6, 0.013528450035
7,0,2,9,-0.014268373996
7,0,4,2, 0.011848927220
7,0,4,7, 0.015803266028
7,0,5,2, 0.010297631411
7,0,5,7, 0.031750654590
7,0,6,2, 0.013528450035
7,0,6,7, 0.022606913061
7,0,7,0, 0.010913849214
7,0,7,1, 0.016142297329
7,0,7,4, 0.015803266028
7,0,7,5, 0.031750654590
7,0,7,6, 0.022606913061
7,0,7,9,-0.011335186951
7,0,9,2,-0.014268373996
7,0,9,7,-0.011335186951
7,1,0,2, 0.026730516345
7,1,0,7, 0.016142297329
7,1,1,2, 0.021912729135
7,1,1,7, 0.029344602560
7,1,2,0, 0.026730516345
7,1,2,1, 0.021912729135
7,1,2,4, 0.013919432157
7,1,2,5, 0.013528450035
7,1,2,6, 0.017288398736
7,1,2,9,-0.017049040252
7,1,4,2, 0.013919432157
7,1,4,7, 0.023172959321
7,1,5,2, 0.013528450035
7,1,5,7, 0.062749023817
7,1,6,2, 0.017288398736
7,1,6,7, 0.045077248066
7,1,7,0, 0.016142297329
7,1,7,1, 0.029344602560
7,1,7,4, 0.023172959321
7,1,7,5, 0.062749023817
7,1,7,6, 0.045077248066
7,1,7,9,-0.007083588893
7,1,9,2,-0.017049040252
7,1,9,7,-0.007083588893
7,2,0,0, 0.133246404861
7,2,0,1, 0.083351575723
7,2,0,4, 0.027659063904
7,2,0,5, 0.047582543868
7,2,0,6, 0.058997153313
7,2,0,9,-0.061559843836
7,2,1,0, 0.083351575723
7,2,1,1, 0.094994068073
7,2,1,4, 0.021323111243
7,2,1,5, 0.058997153313
7,2,1,6, 0.078259964548
7,2,1,9,-0.037624759849
7,2,2,2, 0.132556314539
7,2,2,7, 0.033828581504
7,2,3,3, 0.121004824096
7,2,3,8, 0.029686306217
7,2,4,0, 0.027659063904
7,2,4,1, 0.021323111243
7,2,4,4, 0.133026452230
7,2,4,5, 0.061559843836
7,2,4,6, 0.037624759849
7,2,4,9,-0.078885932392
7,2,5,0, 0.047582543868
7,2,5,1, 0.058997153313
7,2,5,4, 0.061559843836
7,2,5,5, 0.133246404861
7,2,5,6, 0.083351575723
7,2,5,9,-0.027659063904
7,2,6,0, 0.058997153313
7,2,6,1, 0.078259964548
7,2,6,4, 0.037624759849
7,2,6,5, 0.083351575723
7,2,6,6, 0.094994068073
7,2,6,9,-0.021323111243
7,2,7,2, 0.033828581504
7,2,7,7, 0.132556314539
7,2,8,3, 0.029686306217
7,2,8,8, 0.121004824096
7,2,9,0,-0.061559843836
7,2,9,1,-0.037624759849
7,2,9,4,-0.078885932392
7,2,9,5,-0.027659063904
7,2,9,6,-0.021323111243
7,2,9,9, 0.133026452230
7,3,2,3, 0.005775745221
7,3,2,8, 0.002071137643
7,3,3,2, 0.005775745221
7,3,3,7, 0.002071137643
7,3,7,3, 0.002071137643
7,3,7,8, 0.005775745221
7,3,8,2, 0.002071137643
7,3,8,7, 0.005775745221
7,4,0,2, 0.027659063904
7,4,0,7, 0.015803266028
7,4,1,2, 0.021323111243
7,4,1,7, 0.023172959321
7,4,2,0, 0.027659063904
7,4,2,1, 0.021323111243
7,4,2,4, 0.017797373355
7,4,2,5, 0.014268373996
7,4,2,6, 0.017049040252
7,4,2,9,-0.019643310079
7,4,4,2, 0.017797373355
7,4,4,7, 0.023785585365
7,4,5,2, 0.014268373996
7,4,5,7, 0.047055850535
7,4,6,2, 0.017049040252
7,4,6,7, 0.032401935806
7,4,7,0, 0.015803266028
7,4,7,1, 0.023172959321
7,4,7,4, 0.023785585365
7,4,7,5, 0.047055850535
7,4,7,6, 0.032401935806
7,4,7,9,-0.018535446364
7,4,9,2,-0.019643310079
7,4,9,7,-0.018535446364
7,5,0,2, 0.037485776223
7,5,0,7, 0.031750654590
7,5,1,2, 0.031991675961
7,5,1,7, 0.062749023817
7,5,2,0, 0.037485776223
7,5,2,1, 0.031991675961
7,5,2,4, 0.023382229166
7,5,2,5, 0.023781956740
7,5,2,6, 0.026730516345
7,5,2,9,-0.027659063904
7,5,4,2, 0.023382229166
7,5,4,7, 0.047055850535
7,5,5,2, 0.023781956740
7,5,5,7, 0.152608082603
7,5,6,2, 0.026730516345
7,5,6,7, 0.101353944495
7,5,7,0, 0.031750654590
7,5,7,1, 0.062749023817
7,5,7,4, 0.047055850535
7,5,7,5, 0.152608082603
7,5,7,6, 0.101353944495
7,5,9,2,-0.027659063904
7,6,0,2, 0.031991675961
7,6,0,7, 0.022606913061
7,6,1,2, 0.027130573053
7,6,1,7, 0.045077248066
7,6,2,0, 0.031991675961
7,6,2,1, 0.027130573053
7,6,2,4, 0.017511326211
7,6,2,5, 0.017762762065
7,6,2,6, 0.021912729135
7,6,2,9,-0.021323111243
7,6,4,2, 0.017511326211
7,6,4,7, 0.032401935806
7,6,5,2, 0.017762762065
7,6,5,7, 0.101353944495
7,6,6,2, 0.021912729135
7,6,6,7, 0.072461555243
7,6,7,0, 0.022606913061
7,6,7,1, 0.045077248066
7,6,7,4, 0.032401935806
7,6,7,5, 0.101353944495
7,6,7,6, 0.072461555243
7,6,9,2,-0.021323111243
7,7,0,0, 0.437989254671
7,7,0,1, 0.292781535874
7,7,0,4, 0.104145299442
7,7,0,5, 0.195761918406
7,7,0,6, 0.218460575116
7,7,0,9,-0.216677439588
7,7,1,0, 0.292781535874
7,7,1,1, 0.380046230904
7,7,1,4, 0.091573065327
7,7,1,5, 0.295355959268
7,7,1,6, 0.351619789487
7,7,1,9,-0.111062034661
7,7,2,2, 0.425729778444
7,7,2,7, 0.132556314539
7,7,3,3, 0.412589512637
7,7,3,8, 0.121004824096
7,7,4,0, 0.104145299442
7,7,4,1, 0.091573065327
7,7,4,4, 0.472754503202
7,7,4,5, 0.267820065438
7,7,4,6, 0.157254649411
7,7,4,9,-0.296118907002
7,7,5,0, 0.195761918406
7,7,5,1, 0.295355959268
7,7,5,4, 0.267820065438
7,7,5,5, 0.775037038942
7,7,5,6, 0.462081934851
7,7,6,0, 0.218460575116
7,7,6,1, 0.351619789487
7,7,6,4, 0.157254649411
7,7,6,5, 0.462081934851
7,7,6,6, 0.491073083906
7,7,7,2, 0.132556314539
7,7,7,7, 0.785718708997
7,7,8,3, 0.121004824096
7,7,8,8, 0.689508254834
7,7,9,0,-0.216677439588
7,7,9,1,-0.111062034661
7,7,9,4,-0.296118907002
7,7,9,9, 0.689508254834
7,8,2,3, 0.006570132904
7,8,2,8, 0.005775745221
7,8,3,2, 0.006570132904
7,8,3,7, 0.005775745221
7,8,7,3, 0.005775745221
7,8,7,8, 0.048105227081
7,8,8,2, 0.005775745221
7,8,8,7, 0.048105227081
7,9,0,2,-0.023382229166
7,9,0,7,-0.011335186951
7,9,1,2,-0.017511326211
7,9,1,7,-0.007083588893
7,9,2,0,-0.023382229166
7,9,2,1,-0.017511326211
7,9,2,4,-0.015924843399
7,9,2,5,-0.011848927220
7,9,2,6,-0.013919432157
7,9,2,9, 0.017797373355
7,9,4,2,-0.015924843399
7,9,4,7,-0.018535446364
7,9,5,2,-0.011848927220
7,9,6,2,-0.013919432157
7,9,7,0,-0.011335186951
7,9,7,1,-0.007083588893
7,9,7,4,-0.018535446364
7,9,7,9, 0.048105227081
7,9,9,2, 0.017797373355
7,9,9,7, 0.048105227081
8,0,0,3, 0.023781956740
8,0,0,8, 0.010913849214
8,0,1,3, 0.017762762065
8,0,1,8, 0.016142297329
8,0,3,0, 0.023781956740
8,0,3,1, 0.017762762065
8,0,3,4, 0.011848927220
8,0,3,5, 0.010297631411
8,0,3,6, 0.013528450035
8,0,3,9,-0.014268373996
8,0,4,3, 0.011848927220
8,0,4,8, 0.015803266028
8,0,5,3, 0.010297631411
8,0,5,8, 0.031750654590
8,0,6,3, 0.013528450035
8,0,6,8, 0.022606913061
8,0,8,0, 0.010913849214
8,0,8,1, 0.016142297329
8,0,8,4, 0.015803266028
8,0,8,5, 0.031750654590
8,0,8,6, 0.022606913061
8,0,8,9,-0.011335186951
8,0,9,3,-0.014268373996
8,0,9,8,-0.011335186951
8,1,0,3, 0.026730516345
8,1,0,8, 0.016142297329
8,1,1,3, 0.021912729135
8,1,1,8, 0.029344602560
8,1,3,0, 0.026730516345
8,1,3,1, 0.021912729135
8,1,3,4, 0.013919432157
8,1,3,5, 0.013528450035
8,1,3,6, 0.017288398736
8,1,3,9,-0.017049040252
8,1,4,3, 0.013919432157
8,1,4,8, 0.023172959321
8,1,5,3, 0.013528450035
8,1,5,8, 0.062749023817
8,1,6,3, 0.017288398736
8,1,6,8, 0.045077248066
8,1,8,0, 0.016142297329
8,1,8,1, 0.029344602560
8,1,8,4, 0.023172959321
8,1,8,5, 0.062749023817
8,1,8,6, 0.045077248066
8,1,8,9,-0.007083588893
8,1,9,3,-0.017049040252
8,1,9,8,-0.007083588893
8,2,2,3, 0.005775745221
8,2,2,8, 0.002071137643
8,2,3,2, 0.005775745221
8,2,3,7, 0.002071137643
8,2,7,3, 0.002071137643
8,2,7,8, 0.005775745221
8,2,8,2, 0.002071137643
8,2,8,7, 0.005775745221
8,3,0,0, 0.133246404861
8,3,0,1, 0.083351575723
8,3,0,4, 0.027659063904
8,3,0,5, 0.047582543868
8,3,0,6, 0.058997153313
8,3,0,9,-0.061559843836
8,3,1,0, 0.083351575723
8,3,1,1, 0.094994068073
8,3,1,4, 0.021323111243
8,3,1,5, 0.058997153313
8,3,1,6, 0.078259964548
8,3,1,9,-0.037624759849
8,3,2,2, 0.121004824096
8,3,2,7, 0.029686306217
8,3,3,3, 0.132556314539
8,3,3,8, 0.033828581504
8,3,4,0, 0.027659063904
8,3,4,1, 0.021323111243
8,3,4,4, 0.133026452230
8,3,4,5, 0.061559843836
8,3,4,6, 0.037624759849
8,3,4,9,-0.078885932392
8,3,5,0, 0.047582543868
8,3,5,1, 0.058997153313
8,3,5,4, 0.061559843836
8,3,5,5, 0.133246404861
8,3,5,6, 0.083351575723
8,3,5,9,-0.027659063904
8,3,6,0, 0.058997153313
8,3,6,1, 0.078259964548
8,3,6,4, 0.037624759849
8,3,6,5, 0.083351575723
8,3,6,6, 0.094994068073
8,3,6,9,-0.021323111243
8,3,7,2, 0.029686306217
8,3,7,7, 0.121004824096
8,3,8,3, 0.033828581504
8,3,8,8, 0.132556314539
8,3,9,0,-0.061559843836
8,3,9,1,-0.037624759849
8,3,9,4,-0.078885932392
8,3,9,5,-0.027659063904
8,3,9,6,-0.021323111243
8,3,9,9, 0.133026452230
8,4,0,3, 0.027659063904
8,4,0,8, 0.015803266028
8,4,1,3, 0.021323111243
8,4,1,8, 0.023172959321
8,4,3,0, 0.027659063904
8,4,3,1, 0.021323111243
8,4,3,4, 0.017797373355
8,4,3,5, 0.014268373996
8,4,3,6, 0.017049040252
8,4,3,9,-0.019643310079
8,4,4,3, 0.017797373355
8,4,4,8, 0.023785585365
8,4,5,3, 0.014268373996
8,4,5,8, 0.047055850535
8,4,6,3, 0.017049040252
8,4,6,8, 0.032401935806
8,4,8,0, 0.015803266028
8,4,8,1, 0.023172959321
8,4,8,4, 0.023785585365
8,4,8,5, 0.047055850535
8,4,8,6, 0.032401935806
8,4,8,9,-0.018535446364
8,4,9,3,-0.019643310079
8,4,9,8,-0.018535446364
8,5,0,3, 0.037485776223
8,5,0,8, 0.031750654590
8,5,1,3, 0.031991675961
8,5,1,8, 0.062749023817
8,5,3,0, 0.037485776223
8,5,3,1, 0.031991675961
8,5,3,4, 0.023382229166
8,5,3,5, 0.023781956740
8,5,3,6, 0.026730516345
8,5,3,9,-0.027659063904
8,5,4,3, 0.023382229166
8,5,4,8, 0.047055850535
8,5,5,3, 0.023781956740
8,5,5,8, 0.152608082603
8,5,6,3, 0.026730516345
8,5,6,8, 0.101353944495
8,5,8,0, 0.031750654590
8,5,8,1, 0.062749023817
8,5,8,4, 0.047055850535
8,5,8,5, 0.152608082603
8,5,8,6, 0.101353944495
8,5,9,3,-0.027659063904
8,6,0,3, 0.031991675961
8,6,0,8, 0.022606913061
8,6,1,3, 0.027130573053
8,6,1,8, 0.045077248066
8,6,3,0, 0.031991675961
8,6,3,1, 0.027130573053
8,6,3,4, 0.017511326211
8,6,3,5, 0.017762762065
8,6,3,6, 0.021912729135
8,6,3,9,-0.021323111243
8,6,4,3, 0.017511326211
8,6,4,8, 0.032401935806
8,6,5,3, 0.017762762065
8,6,5,8, 0.101353944495
8,6,6,3, 0.021912729135
8,6,6,8, 0.072461555243
8,6,8,0, 0.022606913061
8,6,8,1, 0.045077248066
8,6,8,4, 0.032401935806
8,6,8,5, 0.101353944495
8,6,8,6, 0.072461555243
8,6,9,3,-0.021323111243
8,7,2,3, 0.006570132904
8,7,2,8, 0.005775745221
8,7,3,2, 0.006570132904
8,7,3,7, 0.005775745221
8,7,7,3, 0.005775745221
8,7,7,8, 0.048105227081
8,7,8,2, 0.005775745221
8,7,8,7, 0.048105227081
8,8,0,0, 0.437989254671
8,8,0,1, 0.292781535874
8,8,0,4, 0.104145299442
8,8,0,5, 0.195761918406
8,8,0,6, 0.218460575116
8,8,0,9,-0.216677439588
8,8,1,0, 0.292781535874
8,8,1,1, 0.380046230904
8,8,1,4, 0.091573065327
8,8,1,5, 0.295355959268
8,8,1,6, 0.351619789487
8,8,1,9,-0.111062034661
8,8,2,2, 0.412589512637
8,8,2,7, 0.121004824096
8,8,3,3, 0.425729778444
8,8,3,8, 0.132556314539
8,8,4,0, 0.104145299442
8,8,4,1, 0.091573065327
8,8,4,4, 0.472754503202
8,8,4,5, 0.267820065438
8,8,4,6, 0.157254649411
8,8,4,9,-0.296118907002
8,8,5,0, 0.195761918406
8,8,5,1, 0.295355959268
8,8,5,4, 0.267820065438
8,8,5,5, 0.775037038942
8,8,5,6, 0.462081934851
8,8,6,0, 0.218460575116
8,8,6,1, 0.351619789487
8,8,6,4, 0.157254649411
8,8,6,5, 0.462081934851
8,8,6,6, 0.491073083906
8,8,7,2, 0.121004824096
8,8,7,7, 0.689508254834
8,8,8,3, 0.132556314539
8,8,8,8, 0.785718708997
8,8,9,0,-0.216677439588
8,8,9,1,-0.111062034661
8,8,9,4,-0.296118907002
8,8,9,9, 0.689508254834
8,9,0,3,-0.023382229166
8,9,0,8,-0.011335186951
8,9,1,3,-0.017511326211
8,9,1,8,-0.007083588893
8,9,3,0,-0.023382229166
8,9,3,1,-0.017511326211
8,9,3,4,-0.015924843399
8,9,3,5,-0.011848927220
8,9,3,6,-0.013919432157
8,9,3,9, 0.017797373355
8,9,4,3,-0.015924843399
8,9,4,8,-0.018535446364
8,9,5,3,-0.011848927220
8,9,6,3,-0.013919432157
8,9,8,0,-0.011335186951
8,9,8,1,-0.007083588893
8,9,8,4,-0.018535446364
8,9,8,9, 0.048105227081
8,9,9,3, 0.017797373355
8,9,9,8, 0.048105227081
9,0,0,0,-0.303700651753
9,0,0,1,-0.177434333619
9,0,0,4,-0.061725268520
9,0,0,5,-0.098014745807
9,0,0,6,-0.123197735257
9,0,0,9, 0.135502923197
9,0,1,0,-0.177434333619
9,0,1,1,-0.184945067535
9,0,1,4,-0.042449794433
9,0,1,5,-0.109414448541
9,0,1,6,-0.146502935593
9,0,1,9, 0.081790427711
9,0,2,2,-0.267820065438
9,0,2,7,-0.061559843836
9,0,3,3,-0.267820065438
9,0,3,8,-0.061559843836
9,0,4,0,-0.061725268520
9,0,4,1,-0.042449794433
9,0,4,4,-0.290265316260
9,0,4,5,-0.124262520496
9,0,4,6,-0.075166724731
9,0,4,9, 0.169482588717
9,0,5,0,-0.098014745807
9,0,5,1,-0.109414448541
9,0,5,4,-0.124262520496
9,0,5,5,-0.237503861114
9,0,5,6,-0.148520384475
9,0,5,9, 0.072196482468
9,0,6,0,-0.123197735257
9,0,6,1,-0.146502935593
9,0,6,4,-0.075166724731
9,0,6,5,-0.148520384475
9,0,6,6,-0.169336754049
9,0,6,9, 0.054098291848
9,0,7,2,-0.061559843836
9,0,7,7,-0.216677439588
9,0,8,3,-0.061559843836
9,0,8,8,-0.216677439588
9,0,9,0, 0.135502923197
9,0,9,1, 0.081790427711
9,0,9,4, 0.169482588717
9,0,9,5, 0.072196482468
9,0,9,6, 0.054098291848
9,0,9,9,-0.255142696801
9,1,0,0,-0.173212656789
9,1,0,1,-0.103347661811
9,1,0,4,-0.039289225677
9,1,0,5,-0.057842567249
9,1,0,6,-0.072183464242
9,1,0,9, 0.081790427711
9,1,1,0,-0.103347661811
9,1,1,1,-0.107129225167
9,1,1,4,-0.027650827288
9,1,1,5,-0.060241176558
9,1,1,6,-0.081963208373
9,1,1,9, 0.056053017755
9,1,2,2,-0.157254649411
9,1,2,7,-0.037624759849
9,1,3,3,-0.157254649411
9,1,3,8,-0.037624759849
9,1,4,0,-0.039289225677
9,1,4,1,-0.027650827288
9,1,4,4,-0.171716450795
9,1,4,5,-0.075166724731
9,1,4,6,-0.046237452918
9,1,4,9, 0.104670963253
9,1,5,0,-0.057842567249
9,1,5,1,-0.060241176558
9,1,5,4,-0.075166724731
9,1,5,5,-0.119983608538
9,1,5,6,-0.075182130596
9,1,5,9, 0.068825976629
9,1,6,0,-0.072183464242
9,1,6,1,-0.081963208373
9,1,6,4,-0.046237452918
9,1,6,5,-0.075182130596
9,1,6,6,-0.086208454062
9,1,6,9, 0.049872720076
9,1,7,2,-0.037624759849
9,1,7,7,-0.111062034661
9,1,8,3,-0.037624759849
9,1,8,8,-0.111062034661
9,1,9,0, 0.081790427711
9,1,9,1, 0.056053017755
9,1,9,4, 0.104670963253
9,1,9,5, 0.068825976629
9,1,9,6, 0.049872720076
9,1,9,9,-0.125820650946
9,2,0,2,-0.047055850535
9,2,0,7,-0.014268373996
9,2,1,2,-0.032401935806
9,2,1,7,-0.017049040252
9,2,2,0,-0.047055850535
9,2,2,1,-0.032401935806
9,2,2,4,-0.018535446364
9,2,2,5,-0.015803266028
9,2,2,6,-0.023172959321
9,2,2,9, 0.023785585365
9,2,4,2,-0.018535446364
9,2,4,7,-0.019643310079
9,2,5,2,-0.015803266028
9,2,5,7,-0.027659063904
9,2,6,2,-0.023172959321
9,2,6,7,-0.021323111243
9,2,7,0,-0.014268373996
9,2,7,1,-0.017049040252
9,2,7,4,-0.019643310079
9,2,7,5,-0.027659063904
9,2,7,6,-0.021323111243
9,2,7,9, 0.017797373355
9,2,9,2, 0.023785585365
9,2,9,7, 0.017797373355
9,3,0,3,-0.047055850535
9,3,0,8,-0.014268373996
9,3,1,3,-0.032401935806
9,3,1,8,-0.017049040252
9,3,3,0,-0.047055850535
9,3,3,1,-0.032401935806
9,3,3,4,-0.018535446364
9,3,3,5,-0.015803266028
9,3,3,6,-0.023172959321
9,3,3,9, 0.023785585365
9,3,4,3,-0.018535446364
9,3,4,8,-0.019643310079
9,3,5,3,-0.015803266028
9,3,5,8,-0.027659063904
9,3,6,3,-0.023172959321
9,3,6,8,-0.021323111243
9,3,8,0,-0.014268373996
9,3,8,1,-0.017049040252
9,3,8,4,-0.019643310079
9,3,8,5,-0.027659063904
9,3,8,6,-0.021323111243
9,3,8,9, 0.017797373355
9,3,9,3, 0.023785585365
9,3,9,8, 0.017797373355
9,4,0,0,-0.330741881059
9,4,0,1,-0.200397910817
9,4,0,4,-0.099227769626
9,4,0,5,-0.125289974381
9,4,0,6,-0.145027663664
9,4,0,9, 0.169482588717
9,4,1,0,-0.200397910817
9,4,1,1,-0.216709753066
9,4,1,4,-0.069834719511
9,4,1,5,-0.145027663664
9,4,1,6,-0.180274192645
9,4,1,9, 0.104670963253
9,4,2,2,-0.296118907002
9,4,2,7,-0.078885932392
9,4,3,3,-0.296118907002
9,4,3,8,-0.078885932392
9,4,4,0,-0.099227769626
9,4,4,1,-0.069834719511
9,4,4,4,-0.347002577171
9,4,4,5,-0.169482588717
9,4,4,6,-0.104670963253
9,4,4,9, 0.226473880739
9,4,5,0,-0.125289974381
9,4,5,1,-0.145027663664
9,4,5,4,-0.169482588717
9,4,5,5,-0.330741881059
9,4,5,6,-0.200397910817
9,4,5,9, 0.099227769626
9,4,6,0,-0.145027663664
9,4,6,1,-0.180274192645
9,4,6,4,-0.104670963253
9,4,6,5,-0.200397910817
9,4,6,6,-0.216709753066
9,4,6,9, 0.069834719511
9,4,7,2,-0.078885932392
9,4,7,7,-0.296118907002
9,4,8,3,-0.078885932392
9,4,8,8,-0.296118907002
9,4,9,0, 0.169482588717
9,4,9,1, 0.104670963253
9,4,9,4, 0.226473880739
9,4,9,5, 0.099227769626
9,4,9,6, 0.069834719511
9,4,9,9,-0.347002577171
9,5,0,0,-0.121706142029
9,5,0,1,-0.068873084960
9,5,0,4,-0.045751787481
9,5,0,5,-0.042557294022
9,5,0,6,-0.048919322691
9,5,0,9, 0.072196482468
9,5,1,0,-0.068873084960
9,5,1,1,-0.054914012089
9,5,1,4,-0.030369356437
9,5,1,5,-0.021712380639
9,5,1,6,-0.030596994686
9,5,1,9, 0.068825976629
9,5,2,2,-0.104145299442
9,5,2,7,-0.027659063904
9,5,3,3,-0.104145299442
9,5,3,8,-0.027659063904
9,5,4,0,-0.045751787481
9,5,4,1,-0.030369356437
9,5,4,4,-0.133918923316
9,5,4,5,-0.061725268520
9,5,4,6,-0.039289225677
9,5,4,9, 0.099227769626
9,5,5,0,-0.042557294022
9,5,5,1,-0.021712380639
9,5,5,4,-0.061725268520
9,5,5,9, 0.152608082603
9,5,6,0,-0.048919322691
9,5,6,1,-0.030596994686
9,5,6,4,-0.039289225677
9,5,6,9, 0.101353944495
9,5,7,2,-0.027659063904
9,5,8,3,-0.027659063904
9,5,9,0, 0.072196482468
9,5,9,1, 0.068825976629
9,5,9,4, 0.099227769626
9,5,9,5, 0.152608082603
9,5,9,6, 0.101353944495
9,6,0,0,-0.104191220465
9,6,0,1,-0.058611402907
9,6,0,4,-0.030369356437
9,6,0,5,-0.031759998270
9,6,0,6,-0.040258344402
9,6,0,9, 0.054098291848
9,6,1,0,-0.058611402907
9,6,1,1,-0.047692993515
9,6,1,4,-0.019617593465
9,6,1,5,-0.016324841759
9,6,1,6,-0.025910414840
9,6,1,9, 0.049872720076
9,6,2,2,-0.091573065327
9,6,2,7,-0.021323111243
9,6,3,3,-0.091573065327
9,6,3,8,-0.021323111243
9,6,4,0,-0.030369356437
9,6,4,1,-0.019617593465
9,6,4,4,-0.104683590123
9,6,4,5,-0.042449794433
9,6,4,6,-0.027650827288
9,6,4,9, 0.069834719511
9,6,5,0,-0.031759998270
9,6,5,1,-0.016324841759
9,6,5,4,-0.042449794433
9,6,5,9, 0.101353944495
9,6,6,0,-0.040258344402
9,6,6,1,-0.025910414840
9,6,6,4,-0.027650827288
9,6,6,9, 0.072461555243
9,6,7,2,-0.021323111243
9,6,8,3,-0.021323111243
9,6,9,0, 0.054098291848
9,6,9,1, 0.049872720076
9,6,9,4, 0.069834719511
9,6,9,5, 0.101353944495
9,6,9,6, 0.072461555243
9,7,0,2,-0.023382229166
9,7,0,7,-0.011335186951
9,7,1,2,-0.017511326211
9,7,1,7,-0.007083588893
9,7,2,0,-0.023382229166
9,7,2,1,-0.017511326211
9,7,2,4,-0.015924843399
9,7,2,5,-0.011848927220
9,7,2,6,-0.013919432157
9,7,2,9, 0.017797373355
9,7,4,2,-0.015924843399
9,7,4,7,-0.018535446364
9,7,5,2,-0.011848927220
9,7,6,2,-0.013919432157
9,7,7,0,-0.011335186951
9,7,7,1,-0.007083588893
9,7,7,4,-0.018535446364
9,7,7,9, 0.048105227081
9,7,9,2, 0.017797373355
9,7,9,7, 0.048105227081
9,8,0,3,-0.023382229166
9,8,0,8,-0.011335186951
9,8,1,3,-0.017511326211
9,8,1,8,-0.007083588893
9,8,3,0,-0.023382229166
9,8,3,1,-0.017511326211
9,8,3,4,-0.015924843399
9,8,3,5,-0.011848927220
9,8,3,6,-0.013919432157
9,8,3,9, 0.017797373355
9,8,4,3,-0.015924843399
9,8,4,8,-0.018535446364
9,8,5,3,-0.011848927220
9,8,6,3,-0.013919432157
9,8,8,0,-0.011335186951
9,8,8,1,-0.007083588893
9,8,8,4,-0.018535446364
9,8,8,9, 0.048105227081
9,8,9,3, 0.017797373355
9,8,9,8, 0.048105227081
9,9,0,0, 0.513227804550
9,9,0,1, 0.326567517335
9,9,0,4, 0.133918923316
9,9,0,5, 0.213062904045
9,9,0,6, 0.240012500574
9,9,0,9,-0.255142696801
9,9,1,0, 0.326567517335
9,9,1,1, 0.394372100924
9,9,1,4, 0.104683590123
9,9,1,5, 0.297997847084
9,9,1,6, 0.356003574074
9,9,1,9,-0.125820650946
9,9,2,2, 0.472754503202
9,9,2,7, 0.133026452230
9,9,3,3, 0.472754503202
9,9,3,8, 0.133026452230
9,9,4,0, 0.133918923316
9,9,4,1, 0.104683590123
9,9,4,4, 0.548401345316
9,9,4,5, 0.290265316260
9,9,4,6, 0.171716450795
9,9,4,9,-0.347002577171
9,9,5,0, 0.213062904045
9,9,5,1, 0.297997847084
9,9,5,4, 0.290265316260
9,9,5,5, 0.775037038942
9,9,5,6, 0.462081934851
9,9,6,0, 0.240012500574
9,9,6,1, 0.356003574074
9,9,6,4, 0.171716450795
9,9,6,5, 0.462081934851
9,9,6,6, 0.491073083906
9,9,7,2, 0.133026452230
9,9,7,7, 0.689508254834
9,9,8,3, 0.133026452230
9,9,8,8, 0.689508254834
9,9,9,0,-0.255142696801
9,9,9,1,-0.125820650946
9,9,9,4,-0.347002577171
9,9,9,9, 0.785718708997
