0,0,0,0, 0.897251802255
0,0,0,1, 0.504699283325
0,0,0,5, 0.249757959975
0,0,0,6, 0.338537635237
0,0,0,9,-0.345286335703
0,0,1,0, 0.504699283325
0,0,1,1, 0.507364877272
0,0,1,5, 0.250660226583
0,0,1,6, 0.376746899568
0,0,1,9,-0.182569807758
0,0,2,2, 0.775037038942
0,0,2,7, 0.161988576849
0,0,3,3, 0.775037038942
0,0,3,8, 0.161988576849
0,0,4,4, 0.775037038942
0,0,4,5, 0.264163216012
0,0,4,6, 0.119092648203
0,0,4,9,-0.340042103384
0,0,5,0, 0.249757959975
0,0,5,1, 0.250660226583
0,0,5,4, 0.264163216012
0,0,5,5, 0.490323043024
0,0,5,6, 0.321510094402
0,0,5,9,-0.130232703590
0,0,6,0, 0.338537635237
0,0,6,1, 0.376746899568
0,0,6,4, 0.119092648203
0,0,6,5, 0.321510094402
0,0,6,6, 0.401451248622
0,0,6,9,-0.109754732265
0,0,7,2, 0.161988576849
0,0,7,7, 0.458101518198
0,0,8,3, 0.161988576849
0,0,8,8, 0.458101518198
0,0,9,0,-0.345286335703
0,0,9,1,-0.182569807758
0,0,9,4,-0.340042103384
0,0,9,5,-0.130232703590
0,0,9,6,-0.109754732265
0,0,9,9, 0.539027336675
0,1,0,0, 0.504699283325
0,1,0,1, 0.300015949963
0,1,0,5, 0.150201512756
0,1,0,6, 0.202307051833
0,1,0,9,-0.199710395234
0,1,1,0, 0.300015949963
0,1,1,1, 0.324022459289
0,1,1,5, 0.160282418055
0,1,1,6, 0.242542010064
0,1,1,9,-0.107375209165
0,1,2,2, 0.462081934851
0,1,2,7, 0.100879314552
0,1,3,3, 0.462081934851
0,1,3,8, 0.100879314552
0,1,4,4, 0.462081934851
0,1,4,5, 0.164746736472
0,1,4,6, 0.074603729593
0,1,4,9,-0.204454222659
0,1,5,0, 0.150201512756
0,1,5,1, 0.160282418055
0,1,5,4, 0.164746736472
0,1,5,5, 0.321510094402
0,1,5,6, 0.209914315564
0,1,5,9,-0.071744515688
0,1,6,0, 0.202307051833
0,1,6,1, 0.242542010064
0,1,6,4, 0.074603729593
0,1,6,5, 0.209914315564
0,1,6,6, 0.263566402611
0,1,6,9,-0.060388080489
0,1,7,2, 0.100879314552
0,1,7,7, 0.304588717642
0,1,8,3, 0.100879314552
0,1,8,8, 0.304588717642
0,1,9,0,-0.199710395234
0,1,9,1,-0.107375209165
0,1,9,4,-0.204454222659
0,1,9,5,-0.071744515688
0,1,9,6,-0.060388080489
0,1,9,9, 0.339298213035
0,2,0,2, 0.152608082603
0,2,0,7, 0.029110955428
0,2,1,2, 0.101353944495
0,2,1,7, 0.030734776528
0,2,2,0, 0.152608082603
0,2,2,1, 0.101353944495
0,2,2,5, 0.037426162500
0,2,2,6, 0.066212120395
0,2,2,9,-0.055515118697
0,2,4,7, 0.032411947751
0,2,5,2, 0.037426162500
0,2,5,7, 0.042589670173
0,2,6,2, 0.066212120395
0,2,6,7, 0.035760471647
0,2,7,0, 0.029110955428
0,2,7,1, 0.030734776528
0,2,7,4, 0.032411947751
0,2,7,5, 0.042589670173
0,2,7,6, 0.035760471647
0,2,7,9,-0.026559714033
0,2,9,2,-0.055515118697
0,2,9,7,-0.026559714033
0,3,0,3, 0.152608082603
0,3,0,8, 0.029110955428
0,3,1,3, 0.101353944495
0,3,1,8, 0.030734776528
0,3,3,0, 0.152608082603
0,3,3,1, 0.101353944495
0,3,3,5, 0.037426162500
0,3,3,6, 0.066212120395
0,3,3,9,-0.055515118697
0,3,4,8, 0.032411947751
0,3,5,3, 0.037426162500
0,3,5,8, 0.042589670173
0,3,6,3, 0.066212120395
0,3,6,8, 0.035760471647
0,3,8,0, 0.029110955428
0,3,8,1, 0.030734776528
0,3,8,4, 0.032411947751
0,3,8,5, 0.042589670173
0,3,8,6, 0.035760471647
0,3,8,9,-0.026559714033
0,3,9,3,-0.055515118697
0,3,9,8,-0.026559714033
0,4,0,4, 0.152608082603
0,4,0,5, 0.047452855288
0,4,0,6, 0.021553810770
0,4,0,9,-0.064512723893
0,4,1,4, 0.101353944495
0,4,1,5, 0.052008466228
0,4,1,6, 0.030131145992
0,4,1,9,-0.037848719985
0,4,2,7, 0.032411947751
0,4,3,8, 0.032411947751
0,4,4,0, 0.152608082603
0,4,4,1, 0.101353944495
0,4,4,5, 0.081503824764
0,4,4,6, 0.071903868441
0,4,4,9,-0.102802577690
0,4,5,0, 0.047452855288
0,4,5,1, 0.052008466228
0,4,5,4, 0.081503824764
0,4,5,5, 0.130232703590
0,4,5,6, 0.071744515688
0,4,5,9,-0.045793384248
0,4,6,0, 0.021553810770
0,4,6,1, 0.030131145992
0,4,6,4, 0.071903868441
0,4,6,5, 0.071744515688
0,4,6,6, 0.054595304201
0,4,6,9,-0.028584942496
0,4,7,2, 0.032411947751
0,4,7,7, 0.110677559693
0,4,8,3, 0.032411947751
0,4,8,8, 0.110677559693
0,4,9,0,-0.064512723893
0,4,9,1,-0.037848719985
0,4,9,4,-0.102802577690
0,4,9,5,-0.045793384248
0,4,9,6,-0.028584942496
0,4,9,9, 0.137661816549
0,5,0,0, 0.249757959975
0,5,0,1, 0.150201512756
0,5,0,4, 0.047452855288
0,5,0,5, 0.096981505708
0,5,0,6, 0.110005925249
0,5,0,9,-0.122425072625
0,5,1,0, 0.150201512756
0,5,1,1, 0.164375309193
0,5,1,4, 0.035160892387
0,5,1,5, 0.110005925249
0,5,1,6, 0.138083486969
0,5,1,9,-0.065780644795
0,5,2,2, 0.225158289656
0,5,2,7, 0.064288349446
0,5,3,3, 0.225158289656
0,5,3,8, 0.064288349446
0,5,4,0, 0.047452855288
0,5,4,1, 0.035160892387
0,5,4,4, 0.243992144956
0,5,4,5, 0.122425072625
0,5,4,6, 0.065780644795
0,5,4,9,-0.143360679210
0,5,5,0, 0.096981505708
0,5,5,1, 0.110005925249
0,5,5,4, 0.122425072625
0,5,5,5, 0.249757959975
0,5,5,6, 0.150201512756
0,5,5,9,-0.047452855288
0,5,6,0, 0.110005925249
0,5,6,1, 0.138083486969
0,5,6,4, 0.065780644795
0,5,6,5, 0.150201512756
0,5,6,6, 0.164375309193
0,5,6,9,-0.035160892387
0,5,7,2, 0.064288349446
0,5,7,7, 0.225158289656
0,5,8,3, 0.064288349446
0,5,8,8, 0.225158289656
0,5,9,0,-0.122425072625
0,5,9,1,-0.065780644795
0,5,9,4,-0.143360679210
0,5,9,5,-0.047452855288
0,5,9,6,-0.035160892387
0,5,9,9, 0.243992144956
0,6,0,0, 0.338537635237
0,6,0,1, 0.202307051833
0,6,0,4, 0.021553810770
0,6,0,5, 0.110005925249
0,6,0,6, 0.140372813848
0,6,0,9,-0.143809814181
0,6,1,0, 0.202307051833
0,6,1,1, 0.220274578170
0,6,1,4, 0.016193457045
0,6,1,5, 0.120486631040
0,6,1,6, 0.172027653445
0,6,1,9,-0.077388907554
0,6,2,2, 0.310531873101
0,6,2,7, 0.074260583649
0,6,3,3, 0.310531873101
0,6,3,8, 0.074260583649
0,6,4,0, 0.021553810770
0,6,4,1, 0.016193457045
0,6,4,4, 0.313005722313
0,6,4,5, 0.126516507451
0,6,4,6, 0.062638753116
0,6,4,9,-0.153961281681
0,6,5,0, 0.110005925249
0,6,5,1, 0.120486631040
0,6,5,4, 0.126516507451
0,6,5,5, 0.250660226583
0,6,5,6, 0.160282418055
0,6,5,9,-0.052008466228
0,6,6,0, 0.140372813848
0,6,6,1, 0.172027653445
0,6,6,4, 0.062638753116
0,6,6,5, 0.160282418055
0,6,6,6, 0.193469153258
0,6,6,9,-0.042423525161
0,6,7,2, 0.074260583649
0,6,7,7, 0.236015602112
0,6,8,3, 0.074260583649
0,6,8,8, 0.236015602112
0,6,9,0,-0.143809814181
0,6,9,1,-0.077388907554
0,6,9,4,-0.153961281681
0,6,9,5,-0.052008466228
0,6,9,6,-0.042423525161
0,6,9,9, 0.258447588915
0,7,0,2, 0.029110955428
0,7,0,7, 0.014477959878
0,7,1,2, 0.021489746222
0,7,1,7, 0.019687395607
0,7,2,0, 0.029110955428
0,7,2,1, 0.021489746222
0,7,2,4, 0.013894603296
0,7,2,5, 0.013791061795
0,7,2,6, 0.016889926074
0,7,2,9,-0.018563093972
0,7,4,2, 0.013894603296
0,7,4,7, 0.020485618273
0,7,5,2, 0.013791061795
0,7,5,7, 0.037426162500
0,7,6,2, 0.016889926074
0,7,6,7, 0.026516633705
0,7,7,0, 0.014477959878
0,7,7,1, 0.019687395607
0,7,7,4, 0.020485618273
0,7,7,5, 0.037426162500
0,7,7,6, 0.026516633705
0,7,7,9,-0.012786183819
0,7,9,2,-0.018563093972
0,7,9,7,-0.012786183819
0,8,0,3, 0.029110955428
0,8,0,8, 0.014477959878
0,8,1,3, 0.021489746222
0,8,1,8, 0.019687395607
0,8,3,0, 0.029110955428
0,8,3,1, 0.021489746222
0,8,3,4, 0.013894603296
0,8,3,5, 0.013791061795
0,8,3,6, 0.016889926074
0,8,3,9,-0.018563093972
0,8,4,3, 0.013894603296
0,8,4,8, 0.020485618273
0,8,5,3, 0.013791061795
0,8,5,8, 0.037426162500
0,8,6,3, 0.016889926074
0,8,6,8, 0.026516633705
0,8,8,0, 0.014477959878
0,8,8,1, 0.019687395607
0,8,8,4, 0.020485618273
0,8,8,5, 0.037426162500
0,8,8,6, 0.026516633705
0,8,8,9,-0.012786183819
0,8,9,3,-0.018563093972
0,8,9,8,-0.012786183819
0,9,0,0,-0.345286335703
0,9,0,1,-0.199710395234
0,9,0,4,-0.064512723893
0,9,0,5,-0.122425072625
0,9,0,6,-0.143809814181
0,9,0,9, 0.166324465440
0,9,1,0,-0.199710395234
0,9,1,1,-0.205448045642
0,9,1,4,-0.043567563308
0,9,1,5,-0.126516507451
0,9,1,6,-0.165816413130
0,9,1,9, 0.092281041259
0,9,2,2,-0.303014486830
0,9,2,7,-0.080753261647
0,9,3,3,-0.303014486830
0,9,3,8,-0.080753261647
0,9,4,0,-0.064512723893
0,9,4,1,-0.043567563308
0,9,4,4,-0.323490377367
0,9,4,5,-0.148762332874
0,9,4,6,-0.081396633443
0,9,4,9, 0.188785260305
0,9,5,0,-0.122425072625
0,9,5,1,-0.126516507451
0,9,5,4,-0.148762332874
0,9,5,5,-0.264163216012
0,9,5,6,-0.164746736472
0,9,5,9, 0.081503824764
0,9,6,0,-0.143809814181
0,9,6,1,-0.165816413130
0,9,6,4,-0.081396633443
0,9,6,5,-0.164746736472
0,9,6,6,-0.186959397528
0,9,6,9, 0.060637454725
0,9,7,2,-0.080753261647
0,9,7,7,-0.240589053404
0,9,8,3,-0.080753261647
0,9,8,8,-0.240589053404
0,9,9,0, 0.166324465440
0,9,9,1, 0.092281041259
0,9,9,4, 0.188785260305
0,9,9,5, 0.081503824764
0,9,9,6, 0.060637454725
0,9,9,9,-0.283390861568
1,0,0,0, 0.504699283325
1,0,0,1, 0.300015949963
1,0,0,5, 0.150201512756
1,0,0,6, 0.202307051833
1,0,0,9,-0.199710395234
1,0,1,0, 0.300015949963
1,0,1,1, 0.324022459289
1,0,1,5, 0.160282418055
1,0,1,6, 0.242542010064
1,0,1,9,-0.107375209165
1,0,2,2, 0.462081934851
1,0,2,7, 0.100879314552
1,0,3,3, 0.462081934851
1,0,3,8, 0.100879314552
1,0,4,4, 0.462081934851
1,0,4,5, 0.164746736472
1,0,4,6, 0.074603729593
1,0,4,9,-0.204454222659
1,0,5,0, 0.150201512756
1,0,5,1, 0.160282418055
1,0,5,4, 0.164746736472
1,0,5,5, 0.321510094402
1,0,5,6, 0.209914315564
1,0,5,9,-0.071744515688
1,0,6,0, 0.202307051833
1,0,6,1, 0.242542010064
1,0,6,4, 0.074603729593
1,0,6,5, 0.209914315564
1,0,6,6, 0.263566402611
1,0,6,9,-0.060388080489
1,0,7,2, 0.100879314552
1,0,7,7, 0.304588717642
1,0,8,3, 0.100879314552
1,0,8,8, 0.304588717642
1,0,9,0,-0.199710395234
1,0,9,1,-0.107375209165
1,0,9,4,-0.204454222659
1,0,9,5,-0.071744515688
1,0,9,6,-0.060388080489
1,0,9,9, 0.339298213035
1,1,0,0, 0.507364877272
1,1,0,1, 0.324022459289
1,1,0,5, 0.164375309193
1,1,0,6, 0.220274578170
1,1,0,9,-0.205448045642
1,1,1,0, 0.324022459289
1,1,1,1, 0.394125899248
1,1,1,5, 0.193469153258
1,1,1,6, 0.300029888734
1,1,1,9,-0.108810395202
1,1,2,2, 0.491073083906
1,1,2,7, 0.114169671602
1,1,3,3, 0.491073083906
1,1,3,8, 0.114169671602
1,1,4,4, 0.491073083906
1,1,4,5, 0.186959397528
1,1,4,6, 0.085505483687
1,1,4,9,-0.218571406629
1,1,5,0, 0.164375309193
1,1,5,1, 0.193469153258
1,1,5,4, 0.186959397528
1,1,5,5, 0.401451248622
1,1,5,6, 0.263566402611
1,1,5,9,-0.054595304201
1,1,6,0, 0.220274578170
1,1,6,1, 0.300029888734
1,1,6,4, 0.085505483687
1,1,6,5, 0.263566402611
1,1,6,6, 0.340326436844
1,1,6,9,-0.047251339593
1,1,7,2, 0.114169671602
1,1,7,7, 0.389923620211
1,1,8,3, 0.114169671602
1,1,8,8, 0.389923620211
1,1,9,0,-0.205448045642
1,1,9,1,-0.108810395202
1,1,9,4,-0.218571406629
1,1,9,5,-0.054595304201
1,1,9,6,-0.047251339593
1,1,9,9, 0.403541714698
1,2,0,2, 0.101353944495
1,2,0,7, 0.021489746222
1,2,1,2, 0.072461555243
1,2,1,7, 0.024893753357
1,2,2,0, 0.101353944495
1,2,2,1, 0.072461555243
1,2,2,5, 0.026516633705
1,2,2,6, 0.047539616787
1,2,2,9,-0.037823180382
1,2,4,7, 0.024802217236
1,2,5,2, 0.026516633705
1,2,5,7, 0.035760471647
1,2,6,2, 0.047539616787
1,2,6,7, 0.029925413793
1,2,7,0, 0.021489746222
1,2,7,1, 0.024893753357
1,2,7,4, 0.024802217236
1,2,7,5, 0.035760471647
1,2,7,6, 0.029925413793
1,2,7,9,-0.019285862983
1,2,9,2,-0.037823180382
1,2,9,7,-0.019285862983
1,3,0,3, 0.101353944495
1,3,0,8, 0.021489746222
1,3,1,3, 0.072461555243
1,3,1,8, 0.024893753357
1,3,3,0, 0.101353944495
1,3,3,1, 0.072461555243
1,3,3,5, 0.026516633705
1,3,3,6, 0.047539616787
1,3,3,9,-0.037823180382
1,3,4,8, 0.024802217236
1,3,5,3, 0.026516633705
1,3,5,8, 0.035760471647
1,3,6,3, 0.047539616787
1,3,6,8, 0.029925413793
1,3,8,0, 0.021489746222
1,3,8,1, 0.024893753357
1,3,8,4, 0.024802217236
1,3,8,5, 0.035760471647
1,3,8,6, 0.029925413793
1,3,8,9,-0.019285862983
1,3,9,3,-0.037823180382
1,3,9,8,-0.019285862983
1,4,0,4, 0.101353944495
1,4,0,5, 0.035160892387
1,4,0,6, 0.016193457045
1,4,0,9,-0.043567563308
1,4,1,4, 0.072461555243
1,4,1,5, 0.042423525161
1,4,1,6, 0.025489578482
1,4,1,9,-0.025751271981
1,4,2,7, 0.024802217236
1,4,3,8, 0.024802217236
1,4,4,0, 0.101353944495
1,4,4,1, 0.072461555243
1,4,4,5, 0.060637454725
1,4,4,6, 0.052029391972
1,4,4,9,-0.071044971653
1,4,5,0, 0.035160892387
1,4,5,1, 0.042423525161
1,4,5,4, 0.060637454725
1,4,5,5, 0.109754732265
1,4,5,6, 0.060388080489
1,4,5,9,-0.028584942496
1,4,6,0, 0.016193457045
1,4,6,1, 0.025489578482
1,4,6,4, 0.052029391972
1,4,6,5, 0.060388080489
1,4,6,6, 0.047251339593
1,4,6,9,-0.017291066248
1,4,7,2, 0.024802217236
1,4,7,7, 0.096088716867
1,4,8,3, 0.024802217236
1,4,8,8, 0.096088716867
1,4,9,0,-0.043567563308
1,4,9,1,-0.025751271981
1,4,9,4,-0.071044971653
1,4,9,5,-0.028584942496
1,4,9,6,-0.017291066248
1,4,9,9, 0.105773325326
1,5,0,0, 0.250660226583
1,5,0,1, 0.160282418055
1,5,0,4, 0.052008466228
1,5,0,5, 0.110005925249
1,5,0,6, 0.120486631040
1,5,0,9,-0.126516507451
1,5,1,0, 0.160282418055
1,5,1,1, 0.193469153258
1,5,1,4, 0.042423525161
1,5,1,5, 0.140372813848
1,5,1,6, 0.172027653445
1,5,1,9,-0.062638753116
1,5,2,2, 0.236015602112
1,5,2,7, 0.074260583649
1,5,3,3, 0.236015602112
1,5,3,8, 0.074260583649
1,5,4,0, 0.052008466228
1,5,4,1, 0.042423525161
1,5,4,4, 0.258447588915
1,5,4,5, 0.143809814181
1,5,4,6, 0.077388907554
1,5,4,9,-0.153961281681
1,5,5,0, 0.110005925249
1,5,5,1, 0.140372813848
1,5,5,4, 0.143809814181
1,5,5,5, 0.338537635237
1,5,5,6, 0.202307051833
1,5,5,9,-0.021553810770
1,5,6,0, 0.120486631040
1,5,6,1, 0.172027653445
1,5,6,4, 0.077388907554
1,5,6,5, 0.202307051833
1,5,6,6, 0.220274578170
1,5,6,9,-0.016193457045
1,5,7,2, 0.074260583649
1,5,7,7, 0.310531873101
1,5,8,3, 0.074260583649
1,5,8,8, 0.310531873101
1,5,9,0,-0.126516507451
1,5,9,1,-0.062638753116
1,5,9,4,-0.153961281681
1,5,9,5,-0.021553810770
1,5,9,6,-0.016193457045
1,5,9,9, 0.313005722313
1,6,0,0, 0.376746899568
1,6,0,1, 0.242542010064
1,6,0,4, 0.030131145992
1,6,0,5, 0.138083486969
1,6,0,6, 0.172027653445
1,6,0,9,-0.165816413130
1,6,1,0, 0.242542010064
1,6,1,1, 0.300029888734
1,6,1,4, 0.025489578482
1,6,1,5, 0.172027653445
1,6,1,6, 0.246656134709
1,6,1,9,-0.084043192446
1,6,2,2, 0.364953405506
1,6,2,7, 0.096142720926
1,6,3,3, 0.364953405506
1,6,3,8, 0.096142720926
1,6,4,0, 0.030131145992
1,6,4,1, 0.025489578482
1,6,4,4, 0.369034957673
1,6,4,5, 0.165816413130
1,6,4,6, 0.084043192446
1,6,4,9,-0.185877445469
1,6,5,0, 0.138083486969
1,6,5,1, 0.172027653445
1,6,5,4, 0.165816413130
1,6,5,5, 0.376746899568
1,6,5,6, 0.242542010064
1,6,5,9,-0.030131145992
1,6,6,0, 0.172027653445
1,6,6,1, 0.246656134709
1,6,6,4, 0.084043192446
1,6,6,5, 0.242542010064
1,6,6,6, 0.300029888734
1,6,6,9,-0.025489578482
1,6,7,2, 0.096142720926
1,6,7,7, 0.364953405506
1,6,8,3, 0.096142720926
1,6,8,8, 0.364953405506
1,6,9,0,-0.165816413130
1,6,9,1,-0.084043192446
1,6,9,4,-0.185877445469
1,6,9,5,-0.030131145992
1,6,9,6,-0.025489578482
1,6,9,9, 0.369034957673
1,7,0,2, 0.030734776528
1,7,0,7, 0.019687395607
1,7,1,2, 0.024893753357
1,7,1,7, 0.032472759411
1,7,2,0, 0.030734776528
1,7,2,1, 0.024893753357
1,7,2,4, 0.015566708588
1,7,2,5, 0.016889926074
1,7,2,6, 0.020237427031
1,7,2,9,-0.020531963273
1,7,4,2, 0.015566708588
1,7,4,7, 0.027941658675
1,7,5,2, 0.016889926074
1,7,5,7, 0.066212120395
1,7,6,2, 0.020237427031
1,7,6,7, 0.047539616787
1,7,7,0, 0.019687395607
1,7,7,1, 0.032472759411
1,7,7,4, 0.027941658675
1,7,7,5, 0.066212120395
1,7,7,6, 0.047539616787
1,7,7,9,-0.007048575227
1,7,9,2,-0.020531963273
1,7,9,7,-0.007048575227
1,8,0,3, 0.030734776528
1,8,0,8, 0.019687395607
1,8,1,3, 0.024893753357
1,8,1,8, 0.032472759411
1,8,3,0, 0.030734776528
1,8,3,1, 0.024893753357
1,8,3,4, 0.015566708588
1,8,3,5, 0.016889926074
1,8,3,6, 0.020237427031
1,8,3,9,-0.020531963273
1,8,4,3, 0.015566708588
1,8,4,8, 0.027941658675
1,8,5,3, 0.016889926074
1,8,5,8, 0.066212120395
1,8,6,3, 0.020237427031
1,8,6,8, 0.047539616787
1,8,8,0, 0.019687395607
1,8,8,1, 0.032472759411
1,8,8,4, 0.027941658675
1,8,8,5, 0.066212120395
1,8,8,6, 0.047539616787
1,8,8,9,-0.007048575227
1,8,9,3,-0.020531963273
1,8,9,8,-0.007048575227
1,9,0,0,-0.182569807758
1,9,0,1,-0.107375209165
1,9,0,4,-0.037848719985
1,9,0,5,-0.065780644795
1,9,0,6,-0.077388907554
1,9,0,9, 0.092281041259
1,9,1,0,-0.107375209165
1,9,1,1,-0.108810395202
1,9,1,4,-0.025751271981
1,9,1,5,-0.062638753116
1,9,1,6,-0.084043192446
1,9,1,9, 0.058716428604
1,9,2,2,-0.165094538453
1,9,2,7,-0.045009447872
1,9,3,3,-0.165094538453
1,9,3,8,-0.045009447872
1,9,4,0,-0.037848719985
1,9,4,1,-0.025751271981
1,9,4,4,-0.176461187633
1,9,4,5,-0.081396633443
1,9,4,6,-0.045445180759
1,9,4,9, 0.107213354353
1,9,5,0,-0.065780644795
1,9,5,1,-0.062638753116
1,9,5,4,-0.081396633443
1,9,5,5,-0.119092648203
1,9,5,6,-0.074603729593
1,9,5,9, 0.071903868441
1,9,6,0,-0.077388907554
1,9,6,1,-0.084043192446
1,9,6,4,-0.045445180759
1,9,6,5,-0.074603729593
1,9,6,6,-0.085505483687
1,9,6,9, 0.052029391972
1,9,7,2,-0.045009447872
1,9,7,7,-0.110227935675
1,9,8,3,-0.045009447872
1,9,8,8,-0.110227935675
1,9,9,0, 0.092281041259
1,9,9,1, 0.058716428604
1,9,9,4, 0.107213354353
1,9,9,5, 0.071903868441
1,9,9,6, 0.052029391972
1,9,9,9,-0.124847507526
2,0,0,2, 0.152608082603
2,0,0,7, 0.029110955428
2,0,1,2, 0.101353944495
2,0,1,7, 0.030734776528
2,0,2,0, 0.152608082603
2,0,2,1, 0.101353944495
2,0,2,5, 0.037426162500
2,0,2,6, 0.066212120395
2,0,2,9,-0.055515118697
2,0,4,7, 0.032411947751
2,0,5,2, 0.037426162500
2,0,5,7, 0.042589670173
2,0,6,2, 0.066212120395
2,0,6,7, 0.035760471647
2,0,7,0, 0.029110955428
2,0,7,1, 0.030734776528
2,0,7,4, 0.032411947751
2,0,7,5, 0.042589670173
2,0,7,6, 0.035760471647
2,0,7,9,-0.026559714033
2,0,9,2,-0.055515118697
2,0,9,7,-0.026559714033
2,1,0,2, 0.101353944495
2,1,0,7, 0.021489746222
2,1,1,2, 0.072461555243
2,1,1,7, 0.024893753357
2,1,2,0, 0.101353944495
2,1,2,1, 0.072461555243
2,1,2,5, 0.026516633705
2,1,2,6, 0.047539616787
2,1,2,9,-0.037823180382
2,1,4,7, 0.024802217236
2,1,5,2, 0.026516633705
2,1,5,7, 0.035760471647
2,1,6,2, 0.047539616787
2,1,6,7, 0.029925413793
2,1,7,0, 0.021489746222
2,1,7,1, 0.024893753357
2,1,7,4, 0.024802217236
2,1,7,5, 0.035760471647
2,1,7,6, 0.029925413793
2,1,7,9,-0.019285862983
2,1,9,2,-0.037823180382
2,1,9,7,-0.019285862983
2,2,0,0, 0.775037038942
2,2,0,1, 0.462081934851
2,2,0,5, 0.225158289656
2,2,0,6, 0.310531873101
2,2,0,9,-0.303014486830
2,2,1,0, 0.462081934851
2,2,1,1, 0.491073083906
2,2,1,5, 0.236015602112
2,2,1,6, 0.364953405506
2,2,1,9,-0.165094538453
2,2,2,2, 0.785718708997
2,2,2,7, 0.161439869580
2,2,3,3, 0.689508254834
2,2,3,8, 0.146813249358
2,2,4,4, 0.689508254834
2,2,4,5, 0.240589053404
2,2,4,6, 0.110227935675
2,2,4,9,-0.303467244347
2,2,5,0, 0.225158289656
2,2,5,1, 0.236015602112
2,2,5,4, 0.240589053404
2,2,5,5, 0.458101518198
2,2,5,6, 0.304588717642
2,2,5,9,-0.110677559693
2,2,6,0, 0.310531873101
2,2,6,1, 0.364953405506
2,2,6,4, 0.110227935675
2,2,6,5, 0.304588717642
2,2,6,6, 0.389923620211
2,2,6,9,-0.096088716867
2,2,7,2, 0.161439869580
2,2,7,7, 0.445793364398
2,2,8,3, 0.146813249358
2,2,8,8, 0.429816109378
2,2,9,0,-0.303014486830
2,2,9,1,-0.165094538453
2,2,9,4,-0.303467244347
2,2,9,5,-0.110677559693
2,2,9,6,-0.096088716867
2,2,9,9, 0.493848371021
2,3,2,3, 0.048105227081
2,3,2,8, 0.007313310111
2,3,3,2, 0.048105227081
2,3,3,7, 0.007313310111
2,3,7,3, 0.007313310111
2,3,7,8, 0.007988627510
2,3,8,2, 0.007313310111
2,3,8,7, 0.007988627510
2,4,0,7, 0.013894603296
2,4,1,7, 0.015566708588
2,4,2,4, 0.048105227081
2,4,2,5, 0.012786183819
2,4,2,6, 0.007048575227
2,4,2,9,-0.020065675214
2,4,4,2, 0.048105227081
2,4,4,7, 0.020784181611
2,4,5,2, 0.012786183819
2,4,5,7, 0.026559714033
2,4,6,2, 0.007048575227
2,4,6,7, 0.019285862983
2,4,7,0, 0.013894603296
2,4,7,1, 0.015566708588
2,4,7,4, 0.020784181611
2,4,7,5, 0.026559714033
2,4,7,6, 0.019285862983
2,4,7,9,-0.017223046919
2,4,9,2,-0.020065675214
2,4,9,7,-0.017223046919
2,5,0,2, 0.037426162500
2,5,0,7, 0.013791061795
2,5,1,2, 0.026516633705
2,5,1,7, 0.016889926074
2,5,2,0, 0.037426162500
2,5,2,1, 0.026516633705
2,5,2,4, 0.012786183819
2,5,2,5, 0.014477959878
2,5,2,6, 0.019687395607
2,5,2,9,-0.020485618273
2,5,4,2, 0.012786183819
2,5,4,7, 0.018563093972
2,5,5,2, 0.014477959878
2,5,5,7, 0.029110955428
2,5,6,2, 0.019687395607
2,5,6,7, 0.021489746222
2,5,7,0, 0.013791061795
2,5,7,1, 0.016889926074
2,5,7,4, 0.018563093972
2,5,7,5, 0.029110955428
2,5,7,6, 0.021489746222
2,5,7,9,-0.013894603296
2,5,9,2,-0.020485618273
2,5,9,7,-0.013894603296
2,6,0,2, 0.066212120395
2,6,0,7, 0.016889926074
2,6,1,2, 0.047539616787
2,6,1,7, 0.020237427031
2,6,2,0, 0.066212120395
2,6,2,1, 0.047539616787
2,6,2,4, 0.007048575227
2,6,2,5, 0.019687395607
2,6,2,6, 0.032472759411
2,6,2,9,-0.027941658675
2,6,4,2, 0.007048575227
2,6,4,7, 0.020531963273
2,6,5,2, 0.019687395607
2,6,5,7, 0.030734776528
2,6,6,2, 0.032472759411
2,6,6,7, 0.024893753357
2,6,7,0, 0.016889926074
2,6,7,1, 0.020237427031
2,6,7,4, 0.020531963273
2,6,7,5, 0.030734776528
2,6,7,6, 0.024893753357
2,6,7,9,-0.015566708588
2,6,9,2,-0.027941658675
2,6,9,7,-0.015566708588
2,7,0,0, 0.161988576849
2,7,0,1, 0.100879314552
2,7,0,4, 0.032411947751
2,7,0,5, 0.064288349446
2,7,0,6, 0.074260583649
2,7,0,9,-0.080753261647
2,7,1,0, 0.100879314552
2,7,1,1, 0.114169671602
2,7,1,4, 0.024802217236
2,7,1,5, 0.074260583649
2,7,1,6, 0.096142720926
2,7,1,9,-0.045009447872
2,7,2,2, 0.161439869580
2,7,2,7, 0.048122779524
2,7,3,3, 0.146813249358
2,7,3,8, 0.042230194276
2,7,4,0, 0.032411947751
2,7,4,1, 0.024802217236
2,7,4,4, 0.160284120859
2,7,4,5, 0.080753261647
2,7,4,6, 0.045009447872
2,7,4,9,-0.094912027722
2,7,5,0, 0.064288349446
2,7,5,1, 0.074260583649
2,7,5,4, 0.080753261647
2,7,5,5, 0.161988576849
2,7,5,6, 0.100879314552
2,7,5,9,-0.032411947751
2,7,6,0, 0.074260583649
2,7,6,1, 0.096142720926
2,7,6,4, 0.045009447872
2,7,6,5, 0.100879314552
2,7,6,6, 0.114169671602
2,7,6,9,-0.024802217236
2,7,7,2, 0.048122779524
2,7,7,7, 0.161439869580
2,7,8,3, 0.042230194276
2,7,8,8, 0.146813249358
2,7,9,0,-0.080753261647
2,7,9,1,-0.045009447872
2,7,9,4,-0.094912027722
2,7,9,5,-0.032411947751
2,7,9,6,-0.024802217236
2,7,9,9, 0.160284120859
2,8,2,3, 0.007313310111
2,8,2,8, 0.002946292624
2,8,3,2, 0.007313310111
2,8,3,7, 0.002946292624
2,8,7,3, 0.002946292624
2,8,7,8, 0.007313310111
2,8,8,2, 0.002946292624
2,8,8,7, 0.007313310111
2,9,0,2,-0.055515118697
2,9,0,7,-0.018563093972
2,9,1,2,-0.037823180382
2,9,1,7,-0.020531963273
2,9,2,0,-0.055515118697
2,9,2,1,-0.037823180382
2,9,2,4,-0.020065675214
2,9,2,5,-0.020485618273
2,9,2,6,-0.027941658675
2,9,2,9, 0.030374737024
2,9,4,2,-0.020065675214
2,9,4,7,-0.024482151776
2,9,5,2,-0.020485618273
2,9,5,7,-0.032411947751
2,9,6,2,-0.027941658675
2,9,6,7,-0.024802217236
2,9,7,0,-0.018563093972
2,9,7,1,-0.020531963273
2,9,7,4,-0.024482151776
2,9,7,5,-0.032411947751
2,9,7,6,-0.024802217236
2,9,7,9, 0.020784181611
2,9,9,2, 0.030374737024
2,9,9,7, 0.020784181611
3,0,0,3, 0.152608082603
3,0,0,8, 0.029110955428
3,0,1,3, 0.101353944495
3,0,1,8, 0.030734776528
3,0,3,0, 0.152608082603
3,0,3,1, 0.101353944495
3,0,3,5, 0.037426162500
3,0,3,6, 0.066212120395
3,0,3,9,-0.055515118697
3,0,4,8, 0.032411947751
3,0,5,3, 0.037426162500
3,0,5,8, 0.042589670173
3,0,6,3, 0.066212120395
3,0,6,8, 0.035760471647
3,0,8,0, 0.029110955428
3,0,8,1, 0.030734776528
3,0,8,4, 0.032411947751
3,0,8,5, 0.042589670173
3,0,8,6, 0.035760471647
3,0,8,9,-0.026559714033
3,0,9,3,-0.055515118697
3,0,9,8,-0.026559714033
3,1,0,3, 0.101353944495
3,1,0,8, 0.021489746222
3,1,1,3, 0.072461555243
3,1,1,8, 0.024893753357
3,1,3,0, 0.101353944495
3,1,3,1, 0.072461555243
3,1,3,5, 0.026516633705
3,1,3,6, 0.047539616787
3,1,3,9,-0.037823180382
3,1,4,8, 0.024802217236
3,1,5,3, 0.026516633705
3,1,5,8, 0.035760471647
3,1,6,3, 0.047539616787
3,1,6,8, 0.029925413793
3,1,8,0, 0.021489746222
3,1,8,1, 0.024893753357
3,1,8,4, 0.024802217236
3,1,8,5, 0.035760471647
3,1,8,6, 0.029925413793
3,1,8,9,-0.019285862983
3,1,9,3,-0.037823180382
3,1,9,8,-0.019285862983
3,2,2,3, 0.048105227081
3,2,2,8, 0.007313310111
3,2,3,2, 0.048105227081
3,2,3,7, 0.007313310111
3,2,7,3, 0.007313310111
3,2,7,8, 0.007988627510
3,2,8,2, 0.007313310111
3,2,8,7, 0.007988627510
3,3,0,0, 0.775037038942
3,3,0,1, 0.462081934851
3,3,0,5, 0.225158289656
3,3,0,6, 0.310531873101
3,3,0,9,-0.303014486830
3,3,1,0, 0.462081934851
3,3,1,1, 0.491073083906
3,3,1,5, 0.236015602112
3,3,1,6, 0.364953405506
3,3,1,9,-0.165094538453
3,3,2,2, 0.689508254834
3,3,2,7, 0.146813249358
3,3,3,3, 0.785718708997
3,3,3,8, 0.161439869580
3,3,4,4, 0.689508254834
3,3,4,5, 0.240589053404
3,3,4,6, 0.110227935675
3,3,4,9,-0.303467244347
3,3,5,0, 0.225158289656
3,3,5,1, 0.236015602112
3,3,5,4, 0.240589053404
3,3,5,5, 0.458101518198
3,3,5,6, 0.304588717642
3,3,5,9,-0.110677559693
3,3,6,0, 0.310531873101
3,3,6,1, 0.364953405506
3,3,6,4, 0.110227935675
3,3,6,5, 0.304588717642
3,3,6,6, 0.389923620211
3,3,6,9,-0.096088716867
3,3,7,2, 0.146813249358
3,3,7,7, 0.429816109378
3,3,8,3, 0.161439869580
3,3,8,8, 0.445793364398
3,3,9,0,-0.303014486830
3,3,9,1,-0.165094538453
3,3,9,4,-0.303467244347
3,3,9,5,-0.110677559693
3,3,9,6,-0.096088716867
3,3,9,9, 0.493848371021
3,4,0,8, 0.013894603296
3,4,1,8, 0.015566708588
3,4,3,4, 0.048105227081
3,4,3,5, 0.012786183819
3,4,3,6, 0.007048575227
3,4,3,9,-0.020065675214
3,4,4,3, 0.048105227081
3,4,4,8, 0.020784181611
3,4,5,3, 0.012786183819
3,4,5,8, 0.026559714033
3,4,6,3, 0.007048575227
3,4,6,8, 0.019285862983
3,4,8,0, 0.013894603296
3,4,8,1, 0.015566708588
3,4,8,4, 0.020784181611
3,4,8,5, 0.026559714033
3,4,8,6, 0.019285862983
3,4,8,9,-0.017223046919
3,4,9,3,-0.020065675214
3,4,9,8,-0.017223046919
3,5,0,3, 0.037426162500
3,5,0,8, 0.013791061795
3,5,1,3, 0.026516633705
3,5,1,8, 0.016889926074
3,5,3,0, 0.037426162500
3,5,3,1, 0.026516633705
3,5,3,4, 0.012786183819
3,5,3,5, 0.014477959878
3,5,3,6, 0.019687395607
3,5,3,9,-0.020485618273
3,5,4,3, 0.012786183819
3,5,4,8, 0.018563093972
3,5,5,3, 0.014477959878
3,5,5,8, 0.029110955428
3,5,6,3, 0.019687395607
3,5,6,8, 0.021489746222
3,5,8,0, 0.013791061795
3,5,8,1, 0.016889926074
3,5,8,4, 0.018563093972
3,5,8,5, 0.029110955428
3,5,8,6, 0.021489746222
3,5,8,9,-0.013894603296
3,5,9,3,-0.020485618273
3,5,9,8,-0.013894603296
3,6,0,3, 0.066212120395
3,6,0,8, 0.016889926074
3,6,1,3, 0.047539616787
3,6,1,8, 0.020237427031
3,6,3,0, 0.066212120395
3,6,3,1, 0.047539616787
3,6,3,4, 0.007048575227
3,6,3,5, 0.019687395607
3,6,3,6, 0.032472759411
3,6,3,9,-0.027941658675
3,6,4,3, 0.007048575227
3,6,4,8, 0.020531963273
3,6,5,3, 0.019687395607
3,6,5,8, 0.030734776528
3,6,6,3, 0.032472759411
3,6,6,8, 0.024893753357
3,6,8,0, 0.016889926074
3,6,8,1, 0.020237427031
3,6,8,4, 0.020531963273
3,6,8,5, 0.030734776528
3,6,8,6, 0.024893753357
3,6,8,9,-0.015566708588
3,6,9,3,-0.027941658675
3,6,9,8,-0.015566708588
3,7,2,3, 0.007313310111
3,7,2,8, 0.002946292624
3,7,3,2, 0.007313310111
3,7,3,7, 0.002946292624
3,7,7,3, 0.002946292624
3,7,7,8, 0.007313310111
3,7,8,2, 0.002946292624
3,7,8,7, 0.007313310111
3,8,0,0, 0.161988576849
3,8,0,1, 0.100879314552
3,8,0,4, 0.032411947751
3,8,0,5, 0.064288349446
3,8,0,6, 0.074260583649
3,8,0,9,-0.080753261647
3,8,1,0, 0.100879314552
3,8,1,1, 0.114169671602
3,8,1,4, 0.024802217236
3,8,1,5, 0.074260583649
3,8,1,6, 0.096142720926
3,8,1,9,-0.045009447872
3,8,2,2, 0.146813249358
3,8,2,7, 0.042230194276
3,8,3,3, 0.161439869580
3,8,3,8, 0.048122779524
3,8,4,0, 0.032411947751
3,8,4,1, 0.024802217236
3,8,4,4, 0.160284120859
3,8,4,5, 0.080753261647
3,8,4,6, 0.045009447872
3,8,4,9,-0.094912027722
3,8,5,0, 0.064288349446
3,8,5,1, 0.074260583649
3,8,5,4, 0.080753261647
3,8,5,5, 0.161988576849
3,8,5,6, 0.100879314552
3,8,5,9,-0.032411947751
3,8,6,0, 0.074260583649
3,8,6,1, 0.096142720926
3,8,6,4, 0.045009447872
3,8,6,5, 0.100879314552
3,8,6,6, 0.114169671602
3,8,6,9,-0.024802217236
3,8,7,2, 0.042230194276
3,8,7,7, 0.146813249358
3,8,8,3, 0.048122779524
3,8,8,8, 0.161439869580
3,8,9,0,-0.080753261647
3,8,9,1,-0.045009447872
3,8,9,4,-0.094912027722
3,8,9,5,-0.032411947751
3,8,9,6,-0.024802217236
3,8,9,9, 0.160284120859
3,9,0,3,-0.055515118697
3,9,0,8,-0.018563093972
3,9,1,3,-0.037823180382
3,9,1,8,-0.020531963273
3,9,3,0,-0.055515118697
3,9,3,1,-0.037823180382
3,9,3,4,-0.020065675214
3,9,3,5,-0.020485618273
3,9,3,6,-0.027941658675
3,9,3,9, 0.030374737024
3,9,4,3,-0.020065675214
3,9,4,8,-0.024482151776
3,9,5,3,-0.020485618273
3,9,5,8,-0.032411947751
3,9,6,3,-0.027941658675
3,9,6,8,-0.024802217236
3,9,8,0,-0.018563093972
3,9,8,1,-0.020531963273
3,9,8,4,-0.024482151776
3,9,8,5,-0.032411947751
3,9,8,6,-0.024802217236
3,9,8,9, 0.020784181611
3,9,9,3, 0.030374737024
3,9,9,8, 0.020784181611
4,0,0,4, 0.152608082603
4,0,0,5, 0.047452855288
4,0,0,6, 0.021553810770
4,0,0,9,-0.064512723893
4,0,1,4, 0.101353944495
4,0,1,5, 0.052008466228
4,0,1,6, 0.030131145992
4,0,1,9,-0.037848719985
4,0,2,7, 0.032411947751
4,0,3,8, 0.032411947751
4,0,4,0, 0.152608082603
4,0,4,1, 0.101353944495
4,0,4,5, 0.081503824764
4,0,4,6, 0.071903868441
4,0,4,9,-0.102802577690
4,0,5,0, 0.047452855288
4,0,5,1, 0.052008466228
4,0,5,4, 0.081503824764
4,0,5,5, 0.130232703590
4,0,5,6, 0.071744515688
4,0,5,9,-0.045793384248
4,0,6,0, 0.021553810770
4,0,6,1, 0.030131145992
4,0,6,4, 0.071903868441
4,0,6,5, 0.071744515688
4,0,6,6, 0.054595304201
4,0,6,9,-0.028584942496
4,0,7,2, 0.032411947751
4,0,7,7, 0.110677559693
4,0,8,3, 0.032411947751
4,0,8,8, 0.110677559693
4,0,9,0,-0.064512723893
4,0,9,1,-0.037848719985
4,0,9,4,-0.102802577690
4,0,9,5,-0.045793384248
4,0,9,6,-0.028584942496
4,0,9,9, 0.137661816549
4,1,0,4, 0.101353944495
4,1,0,5, 0.035160892387
4,1,0,6, 0.016193457045
4,1,0,9,-0.043567563308
4,1,1,4, 0.072461555243
4,1,1,5, 0.042423525161
4,1,1,6, 0.025489578482
4,1,1,9,-0.025751271981
4,1,2,7, 0.024802217236
4,1,3,8, 0.024802217236
4,1,4,0, 0.101353944495
4,1,4,1, 0.072461555243
4,1,4,5, 0.060637454725
4,1,4,6, 0.052029391972
4,1,4,9,-0.071044971653
4,1,5,0, 0.035160892387
4,1,5,1, 0.042423525161
4,1,5,4, 0.060637454725
4,1,5,5, 0.109754732265
4,1,5,6, 0.060388080489
4,1,5,9,-0.028584942496
4,1,6,0, 0.016193457045
4,1,6,1, 0.025489578482
4,1,6,4, 0.052029391972
4,1,6,5, 0.060388080489
4,1,6,6, 0.047251339593
4,1,6,9,-0.017291066248
4,1,7,2, 0.024802217236
4,1,7,7, 0.096088716867
4,1,8,3, 0.024802217236
4,1,8,8, 0.096088716867
4,1,9,0,-0.043567563308
4,1,9,1,-0.025751271981
4,1,9,4,-0.071044971653
4,1,9,5,-0.028584942496
4,1,9,6,-0.017291066248
4,1,9,9, 0.105773325326
4,2,0,7, 0.013894603296
4,2,1,7, 0.015566708588
4,2,2,4, 0.048105227081
4,2,2,5, 0.012786183819
4,2,2,6, 0.007048575227
4,2,2,9,-0.020065675214
4,2,4,2, 0.048105227081
4,2,4,7, 0.020784181611
4,2,5,2, 0.012786183819
4,2,5,7, 0.026559714033
4,2,6,2, 0.007048575227
4,2,6,7, 0.019285862983
4,2,7,0, 0.013894603296
4,2,7,1, 0.015566708588
4,2,7,4, 0.020784181611
4,2,7,5, 0.026559714033
4,2,7,6, 0.019285862983
4,2,7,9,-0.017223046919
4,2,9,2,-0.020065675214
4,2,9,7,-0.017223046919
4,3,0,8, 0.013894603296
4,3,1,8, 0.015566708588
4,3,3,4, 0.048105227081
4,3,3,5, 0.012786183819
4,3,3,6, 0.007048575227
4,3,3,9,-0.020065675214
4,3,4,3, 0.048105227081
4,3,4,8, 0.020784181611
4,3,5,3, 0.012786183819
4,3,5,8, 0.026559714033
4,3,6,3, 0.007048575227
4,3,6,8, 0.019285862983
4,3,8,0, 0.013894603296
4,3,8,1, 0.015566708588
4,3,8,4, 0.020784181611
4,3,8,5, 0.026559714033
4,3,8,6, 0.019285862983
4,3,8,9,-0.017223046919
4,3,9,3,-0.020065675214
4,3,9,8,-0.017223046919
4,4,0,0, 0.775037038942
4,4,0,1, 0.462081934851
4,4,0,5, 0.243992144956
4,4,0,6, 0.313005722313
4,4,0,9,-0.323490377367
4,4,1,0, 0.462081934851
4,4,1,1, 0.491073083906
4,4,1,5, 0.258447588915
4,4,1,6, 0.369034957673
4,4,1,9,-0.176461187633
4,4,2,2, 0.689508254834
4,4,2,7, 0.160284120859
4,4,3,3, 0.689508254834
4,4,3,8, 0.160284120859
4,4,4,4, 0.785718708997
4,4,4,5, 0.283390861568
4,4,4,6, 0.124847507526
4,4,4,9,-0.352902730067
4,4,5,0, 0.243992144956
4,4,5,1, 0.258447588915
4,4,5,4, 0.283390861568
4,4,5,5, 0.539027336675
4,4,5,6, 0.339298213035
4,4,5,9,-0.137661816549
4,4,6,0, 0.313005722313
4,4,6,1, 0.369034957673
4,4,6,4, 0.124847507526
4,4,6,5, 0.339298213035
4,4,6,6, 0.403541714698
4,4,6,9,-0.105773325326
4,4,7,2, 0.160284120859
4,4,7,7, 0.493848371021
4,4,8,3, 0.160284120859
4,4,8,8, 0.493848371021
4,4,9,0,-0.323490377367
4,4,9,1,-0.176461187633
4,4,9,4,-0.352902730067
4,4,9,5,-0.137661816549
4,4,9,6,-0.105773325326
4,4,9,9, 0.567207577771
4,5,0,0, 0.264163216012
4,5,0,1, 0.164746736472
4,5,0,4, 0.081503824764
4,5,0,5, 0.122425072625
4,5,0,6, 0.126516507451
4,5,0,9,-0.148762332874
4,5,1,0, 0.164746736472
4,5,1,1, 0.186959397528
4,5,1,4, 0.060637454725
4,5,1,5, 0.143809814181
4,5,1,6, 0.165816413130
4,5,1,9,-0.081396633443
4,5,2,2, 0.240589053404
4,5,2,7, 0.080753261647
4,5,3,3, 0.240589053404
4,5,3,8, 0.080753261647
4,5,4,0, 0.081503824764
4,5,4,1, 0.060637454725
4,5,4,4, 0.283390861568
4,5,4,5, 0.166324465440
4,5,4,6, 0.092281041259
4,5,4,9,-0.188785260305
4,5,5,0, 0.122425072625
4,5,5,1, 0.143809814181
4,5,5,4, 0.166324465440
4,5,5,5, 0.345286335703
4,5,5,6, 0.199710395234
4,5,5,9,-0.064512723893
4,5,6,0, 0.126516507451
4,5,6,1, 0.165816413130
4,5,6,4, 0.092281041259
4,5,6,5, 0.199710395234
4,5,6,6, 0.205448045642
4,5,6,9,-0.043567563308
4,5,7,2, 0.080753261647
4,5,7,7, 0.303014486830
4,5,8,3, 0.080753261647
4,5,8,8, 0.303014486830
4,5,9,0,-0.148762332874
4,5,9,1,-0.081396633443
4,5,9,4,-0.188785260305
4,5,9,5,-0.064512723893
4,5,9,6,-0.043567563308
4,5,9,9, 0.323490377367
4,6,0,0, 0.119092648203
4,6,0,1, 0.074603729593
4,6,0,4, 0.071903868441
4,6,0,5, 0.065780644795
4,6,0,6, 0.062638753116
4,6,0,9,-0.081396633443
4,6,1,0, 0.074603729593
4,6,1,1, 0.085505483687
4,6,1,4, 0.052029391972
4,6,1,5, 0.077388907554
4,6,1,6, 0.084043192446
4,6,1,9,-0.045445180759
4,6,2,2, 0.110227935675
4,6,2,7, 0.045009447872
4,6,3,3, 0.110227935675
4,6,3,8, 0.045009447872
4,6,4,0, 0.071903868441
4,6,4,1, 0.052029391972
4,6,4,4, 0.124847507526
4,6,4,5, 0.092281041259
4,6,4,6, 0.058716428604
4,6,4,9,-0.107213354353
4,6,5,0, 0.065780644795
4,6,5,1, 0.077388907554
4,6,5,4, 0.092281041259
4,6,5,5, 0.182569807758
4,6,5,6, 0.107375209165
4,6,5,9,-0.037848719985
4,6,6,0, 0.062638753116
4,6,6,1, 0.084043192446
4,6,6,4, 0.058716428604
4,6,6,5, 0.107375209165
4,6,6,6, 0.108810395202
4,6,6,9,-0.025751271981
4,6,7,2, 0.045009447872
4,6,7,7, 0.165094538453
4,6,8,3, 0.045009447872
4,6,8,8, 0.165094538453
4,6,9,0,-0.081396633443
4,6,9,1,-0.045445180759
4,6,9,4,-0.107213354353
4,6,9,5,-0.037848719985
4,6,9,6,-0.025751271981
4,6,9,9, 0.176461187633
4,7,0,2, 0.032411947751
4,7,0,7, 0.020485618273
4,7,1,2, 0.024802217236
4,7,1,7, 0.027941658675
4,7,2,0, 0.032411947751
4,7,2,1, 0.024802217236
4,7,2,4, 0.020784181611
4,7,2,5, 0.018563093972
4,7,2,6, 0.020531963273
4,7,2,9,-0.024482151776
4,7,4,2, 0.020784181611
4,7,4,7, 0.030374737024
4,7,5,2, 0.018563093972
4,7,5,7, 0.055515118697
4,7,6,2, 0.020531963273
4,7,6,7, 0.037823180382
4,7,7,0, 0.020485618273
4,7,7,1, 0.027941658675
4,7,7,4, 0.030374737024
4,7,7,5, 0.055515118697
4,7,7,6, 0.037823180382
4,7,7,9,-0.020065675214
4,7,9,2,-0.024482151776
4,7,9,7,-0.020065675214
4,8,0,3, 0.032411947751
4,8,0,8, 0.020485618273
4,8,1,3, 0.024802217236
4,8,1,8, 0.027941658675
4,8,3,0, 0.032411947751
4,8,3,1, 0.024802217236
4,8,3,4, 0.020784181611
4,8,3,5, 0.018563093972
4,8,3,6, 0.020531963273
4,8,3,9,-0.024482151776
4,8,4,3, 0.020784181611
4,8,4,8, 0.030374737024
4,8,5,3, 0.018563093972
4,8,5,8, 0.055515118697
4,8,6,3, 0.020531963273
4,8,6,8, 0.037823180382
4,8,8,0, 0.020485618273
4,8,8,1, 0.027941658675
4,8,8,4, 0.030374737024
4,8,8,5, 0.055515118697
4,8,8,6, 0.037823180382
4,8,8,9,-0.020065675214
4,8,9,3,-0.024482151776
4,8,9,8,-0.020065675214
4,9,0,0,-0.340042103384
4,9,0,1,-0.204454222659
4,9,0,4,-0.102802577690
4,9,0,5,-0.143360679210
4,9,0,6,-0.153961281681
4,9,0,9, 0.188785260305
4,9,1,0,-0.204454222659
4,9,1,1,-0.218571406629
4,9,1,4,-0.071044971653
4,9,1,5,-0.153961281681
4,9,1,6,-0.185877445469
4,9,1,9, 0.107213354353
4,9,2,2,-0.303467244347
4,9,2,7,-0.094912027722
4,9,3,3,-0.303467244347
4,9,3,8,-0.094912027722
4,9,4,0,-0.102802577690
4,9,4,1,-0.071044971653
4,9,4,4,-0.352902730067
4,9,4,5,-0.188785260305
4,9,4,6,-0.107213354353
4,9,4,9, 0.233458402097
4,9,5,0,-0.143360679210
4,9,5,1,-0.153961281681
4,9,5,4,-0.188785260305
4,9,5,5,-0.340042103384
4,9,5,6,-0.204454222659
4,9,5,9, 0.102802577690
4,9,6,0,-0.153961281681
4,9,6,1,-0.185877445469
4,9,6,4,-0.107213354353
4,9,6,5,-0.204454222659
4,9,6,6,-0.218571406629
4,9,6,9, 0.071044971653
4,9,7,2,-0.094912027722
4,9,7,7,-0.303467244347
4,9,8,3,-0.094912027722
4,9,8,8,-0.303467244347
4,9,9,0, 0.188785260305
4,9,9,1, 0.107213354353
4,9,9,4, 0.233458402097
4,9,9,5, 0.102802577690
4,9,9,6, 0.071044971653
4,9,9,9,-0.352902730067
5,0,0,0, 0.249757959975
5,0,0,1, 0.150201512756
5,0,0,4, 0.047452855288
5,0,0,5, 0.096981505708
5,0,0,6, 0.110005925249
5,0,0,9,-0.122425072625
5,0,1,0, 0.150201512756
5,0,1,1, 0.164375309193
5,0,1,4, 0.035160892387
5,0,1,5, 0.110005925249
5,0,1,6, 0.138083486969
5,0,1,9,-0.065780644795
5,0,2,2, 0.225158289656
5,0,2,7, 0.064288349446
5,0,3,3, 0.225158289656
5,0,3,8, 0.064288349446
5,0,4,0, 0.047452855288
5,0,4,1, 0.035160892387
5,0,4,4, 0.243992144956
5,0,4,5, 0.122425072625
5,0,4,6, 0.065780644795
5,0,4,9,-0.143360679210
5,0,5,0, 0.096981505708
5,0,5,1, 0.110005925249
5,0,5,4, 0.122425072625
5,0,5,5, 0.249757959975
5,0,5,6, 0.150201512756
5,0,5,9,-0.047452855288
5,0,6,0, 0.110005925249
5,0,6,1, 0.138083486969
5,0,6,4, 0.065780644795
5,0,6,5, 0.150201512756
5,0,6,6, 0.164375309193
5,0,6,9,-0.035160892387
5,0,7,2, 0.064288349446
5,0,7,7, 0.225158289656
5,0,8,3, 0.064288349446
5,0,8,8, 0.225158289656
5,0,9,0,-0.122425072625
5,0,9,1,-0.065780644795
5,0,9,4,-0.143360679210
5,0,9,5,-0.047452855288
5,0,9,6,-0.035160892387
5,0,9,9, 0.243992144956
5,1,0,0, 0.250660226583
5,1,0,1, 0.160282418055
5,1,0,4, 0.052008466228
5,1,0,5, 0.110005925249
5,1,0,6, 0.120486631040
5,1,0,9,-0.126516507451
5,1,1,0, 0.160282418055
5,1,1,1, 0.193469153258
5,1,1,4, 0.042423525161
5,1,1,5, 0.140372813848
5,1,1,6, 0.172027653445
5,1,1,9,-0.062638753116
5,1,2,2, 0.236015602112
5,1,2,7, 0.074260583649
5,1,3,3, 0.236015602112
5,1,3,8, 0.074260583649
5,1,4,0, 0.052008466228
5,1,4,1, 0.042423525161
5,1,4,4, 0.258447588915
5,1,4,5, 0.143809814181
5,1,4,6, 0.077388907554
5,1,4,9,-0.153961281681
5,1,5,0, 0.110005925249
5,1,5,1, 0.140372813848
5,1,5,4, 0.143809814181
5,1,5,5, 0.338537635237
5,1,5,6, 0.202307051833
5,1,5,9,-0.021553810770
5,1,6,0, 0.120486631040
5,1,6,1, 0.172027653445
5,1,6,4, 0.077388907554
5,1,6,5, 0.202307051833
5,1,6,6, 0.220274578170
5,1,6,9,-0.016193457045
5,1,7,2, 0.074260583649
5,1,7,7, 0.310531873101
5,1,8,3, 0.074260583649
5,1,8,8, 0.310531873101
5,1,9,0,-0.126516507451
5,1,9,1,-0.062638753116
5,1,9,4,-0.153961281681
5,1,9,5,-0.021553810770
5,1,9,6,-0.016193457045
5,1,9,9, 0.313005722313
5,2,0,2, 0.037426162500
5,2,0,7, 0.013791061795
5,2,1,2, 0.026516633705
5,2,1,7, 0.016889926074
5,2,2,0, 0.037426162500
5,2,2,1, 0.026516633705
5,2,2,4, 0.012786183819
5,2,2,5, 0.014477959878
5,2,2,6, 0.019687395607
5,2,2,9,-0.020485618273
5,2,4,2, 0.012786183819
5,2,4,7, 0.018563093972
5,2,5,2, 0.014477959878
5,2,5,7, 0.029110955428
5,2,6,2, 0.019687395607
5,2,6,7, 0.021489746222
5,2,7,0, 0.013791061795
5,2,7,1, 0.016889926074
5,2,7,4, 0.018563093972
5,2,7,5, 0.029110955428
5,2,7,6, 0.021489746222
5,2,7,9,-0.013894603296
5,2,9,2,-0.020485618273
5,2,9,7,-0.013894603296
5,3,0,3, 0.037426162500
5,3,0,8, 0.013791061795
5,3,1,3, 0.026516633705
5,3,1,8, 0.016889926074
5,3,3,0, 0.037426162500
5,3,3,1, 0.026516633705
5,3,3,4, 0.012786183819
5,3,3,5, 0.014477959878
5,3,3,6, 0.019687395607
5,3,3,9,-0.020485618273
5,3,4,3, 0.012786183819
5,3,4,8, 0.018563093972
5,3,5,3, 0.014477959878
5,3,5,8, 0.029110955428
5,3,6,3, 0.019687395607
5,3,6,8, 0.021489746222
5,3,8,0, 0.013791061795
5,3,8,1, 0.016889926074
5,3,8,4, 0.018563093972
5,3,8,5, 0.029110955428
5,3,8,6, 0.021489746222
5,3,8,9,-0.013894603296
5,3,9,3,-0.020485618273
5,3,9,8,-0.013894603296
5,4,0,0, 0.264163216012
5,4,0,1, 0.164746736472
5,4,0,4, 0.081503824764
5,4,0,5, 0.122425072625
5,4,0,6, 0.126516507451
5,4,0,9,-0.148762332874
5,4,1,0, 0.164746736472
5,4,1,1, 0.186959397528
5,4,1,4, 0.060637454725
5,4,1,5, 0.143809814181
5,4,1,6, 0.165816413130
5,4,1,9,-0.081396633443
5,4,2,2, 0.240589053404
5,4,2,7, 0.080753261647
5,4,3,3, 0.240589053404
5,4,3,8, 0.080753261647
5,4,4,0, 0.081503824764
5,4,4,1, 0.060637454725
5,4,4,4, 0.283390861568
5,4,4,5, 0.166324465440
5,4,4,6, 0.092281041259
5,4,4,9,-0.188785260305
5,4,5,0, 0.122425072625
5,4,5,1, 0.143809814181
5,4,5,4, 0.166324465440
5,4,5,5, 0.345286335703
5,4,5,6, 0.199710395234
5,4,5,9,-0.064512723893
5,4,6,0, 0.126516507451
5,4,6,1, 0.165816413130
5,4,6,4, 0.092281041259
5,4,6,5, 0.199710395234
5,4,6,6, 0.205448045642
5,4,6,9,-0.043567563308
5,4,7,2, 0.080753261647
5,4,7,7, 0.303014486830
5,4,8,3, 0.080753261647
5,4,8,8, 0.303014486830
5,4,9,0,-0.148762332874
5,4,9,1,-0.081396633443
5,4,9,4,-0.188785260305
5,4,9,5,-0.064512723893
5,4,9,6,-0.043567563308
5,4,9,9, 0.323490377367
5,5,0,0, 0.490323043024
5,5,0,1, 0.321510094402
5,5,0,4, 0.130232703590
5,5,0,5, 0.249757959975
5,5,0,6, 0.250660226583
5,5,0,9,-0.264163216012
5,5,1,0, 0.321510094402
5,5,1,1, 0.401451248622
5,5,1,4, 0.109754732265
5,5,1,5, 0.338537635237
5,5,1,6, 0.376746899568
5,5,1,9,-0.119092648203
5,5,2,2, 0.458101518198
5,5,2,7, 0.161988576849
5,5,3,3, 0.458101518198
5,5,3,8, 0.161988576849
5,5,4,0, 0.130232703590
5,5,4,1, 0.109754732265
5,5,4,4, 0.539027336675
5,5,4,5, 0.345286335703
5,5,4,6, 0.182569807758
5,5,4,9,-0.340042103384
5,5,5,0, 0.249757959975
5,5,5,1, 0.338537635237
5,5,5,4, 0.345286335703
5,5,5,5, 0.897251802255
5,5,5,6, 0.504699283325
5,5,6,0, 0.250660226583
5,5,6,1, 0.376746899568
5,5,6,4, 0.182569807758
5,5,6,5, 0.504699283325
5,5,6,6, 0.507364877272
5,5,7,2, 0.161988576849
5,5,7,7, 0.775037038942
5,5,8,3, 0.161988576849
5,5,8,8, 0.775037038942
5,5,9,0,-0.264163216012
5,5,9,1,-0.119092648203
5,5,9,4,-0.340042103384
5,5,9,9, 0.775037038942
5,6,0,0, 0.321510094402
5,6,0,1, 0.209914315564
5,6,0,4, 0.071744515688
5,6,0,5, 0.150201512756
5,6,0,6, 0.160282418055
5,6,0,9,-0.164746736472
5,6,1,0, 0.209914315564
5,6,1,1, 0.263566402611
5,6,1,4, 0.060388080489
5,6,1,5, 0.202307051833
5,6,1,6, 0.242542010064
5,6,1,9,-0.074603729593
5,6,2,2, 0.304588717642
5,6,2,7, 0.100879314552
5,6,3,3, 0.304588717642
5,6,3,8, 0.100879314552
5,6,4,0, 0.071744515688
5,6,4,1, 0.060388080489
5,6,4,4, 0.339298213035
5,6,4,5, 0.199710395234
5,6,4,6, 0.107375209165
5,6,4,9,-0.204454222659
5,6,5,0, 0.150201512756
5,6,5,1, 0.202307051833
5,6,5,4, 0.199710395234
5,6,5,5, 0.504699283325
5,6,5,6, 0.300015949963
5,6,6,0, 0.160282418055
5,6,6,1, 0.242542010064
5,6,6,4, 0.107375209165
5,6,6,5, 0.300015949963
5,6,6,6, 0.324022459289
5,6,7,2, 0.100879314552
5,6,7,7, 0.462081934851
5,6,8,3, 0.100879314552
5,6,8,8, 0.462081934851
5,6,9,0,-0.164746736472
5,6,9,1,-0.074603729593
5,6,9,4,-0.204454222659
5,6,9,9, 0.462081934851
5,7,0,2, 0.042589670173
5,7,0,7, 0.037426162500
5,7,1,2, 0.035760471647
5,7,1,7, 0.066212120395
5,7,2,0, 0.042589670173
5,7,2,1, 0.035760471647
5,7,2,4, 0.026559714033
5,7,2,5, 0.029110955428
5,7,2,6, 0.030734776528
5,7,2,9,-0.032411947751
5,7,4,2, 0.026559714033
5,7,4,7, 0.055515118697
5,7,5,2, 0.029110955428
5,7,5,7, 0.152608082603
5,7,6,2, 0.030734776528
5,7,6,7, 0.101353944495
5,7,7,0, 0.037426162500
5,7,7,1, 0.066212120395
5,7,7,4, 0.055515118697
5,7,7,5, 0.152608082603
5,7,7,6, 0.101353944495
5,7,9,2,-0.032411947751
5,8,0,3, 0.042589670173
5,8,0,8, 0.037426162500
5,8,1,3, 0.035760471647
5,8,1,8, 0.066212120395
5,8,3,0, 0.042589670173
5,8,3,1, 0.035760471647
5,8,3,4, 0.026559714033
5,8,3,5, 0.029110955428
5,8,3,6, 0.030734776528
5,8,3,9,-0.032411947751
5,8,4,3, 0.026559714033
5,8,4,8, 0.055515118697
5,8,5,3, 0.029110955428
5,8,5,8, 0.152608082603
5,8,6,3, 0.030734776528
5,8,6,8, 0.101353944495
5,8,8,0, 0.037426162500
5,8,8,1, 0.066212120395
5,8,8,4, 0.055515118697
5,8,8,5, 0.152608082603
5,8,8,6, 0.101353944495
5,8,9,3,-0.032411947751
5,9,0,0,-0.130232703590
5,9,0,1,-0.071744515688
5,9,0,4,-0.045793384248
5,9,0,5,-0.047452855288
5,9,0,6,-0.052008466228
5,9,0,9, 0.081503824764
5,9,1,0,-0.071744515688
5,9,1,1,-0.054595304201
5,9,1,4,-0.028584942496
5,9,1,5,-0.021553810770
5,9,1,6,-0.030131145992
5,9,1,9, 0.071903868441
5,9,2,2,-0.110677559693
5,9,2,7,-0.032411947751
5,9,3,3,-0.110677559693
5,9,3,8,-0.032411947751
5,9,4,0,-0.045793384248
5,9,4,1,-0.028584942496
5,9,4,4,-0.137661816549
5,9,4,5,-0.064512723893
5,9,4,6,-0.037848719985
5,9,4,9, 0.102802577690
5,9,5,0,-0.047452855288
5,9,5,1,-0.021553810770
5,9,5,4,-0.064512723893
5,9,5,9, 0.152608082603
5,9,6,0,-0.052008466228
5,9,6,1,-0.030131145992
5,9,6,4,-0.037848719985
5,9,6,9, 0.101353944495
5,9,7,2,-0.032411947751
5,9,8,3,-0.032411947751
5,9,9,0, 0.081503824764
5,9,9,1, 0.071903868441
5,9,9,4, 0.102802577690
5,9,9,5, 0.152608082603
5,9,9,6, 0.101353944495
6,0,0,0, 0.338537635237
6,0,0,1, 0.202307051833
6,0,0,4, 0.021553810770
6,0,0,5, 0.110005925249
6,0,0,6, 0.140372813848
6,0,0,9,-0.143809814181
6,0,1,0, 0.202307051833
6,0,1,1, 0.220274578170
6,0,1,4, 0.016193457045
6,0,1,5, 0.120486631040
6,0,1,6, 0.172027653445
6,0,1,9,-0.077388907554
6,0,2,2, 0.310531873101
6,0,2,7, 0.074260583649
6,0,3,3, 0.310531873101
6,0,3,8, 0.074260583649
6,0,4,0, 0.021553810770
6,0,4,1, 0.016193457045
6,0,4,4, 0.313005722313
6,0,4,5, 0.126516507451
6,0,4,6, 0.062638753116
6,0,4,9,-0.153961281681
6,0,5,0, 0.110005925249
6,0,5,1, 0.120486631040
6,0,5,4, 0.126516507451
6,0,5,5, 0.250660226583
6,0,5,6, 0.160282418055
6,0,5,9,-0.052008466228
6,0,6,0, 0.140372813848
6,0,6,1, 0.172027653445
6,0,6,4, 0.062638753116
6,0,6,5, 0.160282418055
6,0,6,6, 0.193469153258
6,0,6,9,-0.042423525161
6,0,7,2, 0.074260583649
6,0,7,7, 0.236015602112
6,0,8,3, 0.074260583649
6,0,8,8, 0.236015602112
6,0,9,0,-0.143809814181
6,0,9,1,-0.077388907554
6,0,9,4,-0.153961281681
6,0,9,5,-0.052008466228
6,0,9,6,-0.042423525161
6,0,9,9, 0.258447588915
6,1,0,0, 0.376746899568
6,1,0,1, 0.242542010064
6,1,0,4, 0.030131145992
6,1,0,5, 0.138083486969
6,1,0,6, 0.172027653445
6,1,0,9,-0.165816413130
6,1,1,0, 0.242542010064
6,1,1,1, 0.300029888734
6,1,1,4, 0.025489578482
6,1,1,5, 0.172027653445
6,1,1,6, 0.246656134709
6,1,1,9,-0.084043192446
6,1,2,2, 0.364953405506
6,1,2,7, 0.096142720926
6,1,3,3, 0.364953405506
6,1,3,8, 0.096142720926
6,1,4,0, 0.030131145992
6,1,4,1, 0.025489578482
6,1,4,4, 0.369034957673
6,1,4,5, 0.165816413130
6,1,4,6, 0.084043192446
6,1,4,9,-0.185877445469
6,1,5,0, 0.138083486969
6,1,5,1, 0.172027653445
6,1,5,4, 0.165816413130
6,1,5,5, 0.376746899568
6,1,5,6, 0.242542010064
6,1,5,9,-0.030131145992
6,1,6,0, 0.172027653445
6,1,6,1, 0.246656134709
6,1,6,4, 0.084043192446
6,1,6,5, 0.242542010064
6,1,6,6, 0.300029888734
6,1,6,9,-0.025489578482
6,1,7,2, 0.096142720926
6,1,7,7, 0.364953405506
6,1,8,3, 0.096142720926
6,1,8,8, 0.364953405506
6,1,9,0,-0.165816413130
6,1,9,1,-0.084043192446
6,1,9,4,-0.185877445469
6,1,9,5,-0.030131145992
6,1,9,6,-0.025489578482
6,1,9,9, 0.369034957673
6,2,0,2, 0.066212120395
6,2,0,7, 0.016889926074
6,2,1,2, 0.047539616787
6,2,1,7, 0.020237427031
6,2,2,0, 0.066212120395
6,2,2,1, 0.047539616787
6,2,2,4, 0.007048575227
6,2,2,5, 0.019687395607
6,2,2,6, 0.032472759411
6,2,2,9,-0.027941658675
6,2,4,2, 0.007048575227
6,2,4,7, 0.020531963273
6,2,5,2, 0.019687395607
6,2,5,7, 0.030734776528
6,2,6,2, 0.032472759411
6,2,6,7, 0.024893753357
6,2,7,0, 0.016889926074
6,2,7,1, 0.020237427031
6,2,7,4, 0.020531963273
6,2,7,5, 0.030734776528
6,2,7,6, 0.024893753357
6,2,7,9,-0.015566708588
6,2,9,2,-0.027941658675
6,2,9,7,-0.015566708588
6,3,0,3, 0.066212120395
6,3,0,8, 0.016889926074
6,3,1,3, 0.047539616787
6,3,1,8, 0.020237427031
6,3,3,0, 0.066212120395
6,3,3,1, 0.047539616787
6,3,3,4, 0.007048575227
6,3,3,5, 0.019687395607
6,3,3,6, 0.032472759411
6,3,3,9,-0.027941658675
6,3,4,3, 0.007048575227
6,3,4,8, 0.020531963273
6,3,5,3, 0.019687395607
6,3,5,8, 0.030734776528
6,3,6,3, 0.032472759411
6,3,6,8, 0.024893753357
6,3,8,0, 0.016889926074
6,3,8,1, 0.020237427031
6,3,8,4, 0.020531963273
6,3,8,5, 0.030734776528
6,3,8,6, 0.024893753357
6,3,8,9,-0.015566708588
6,3,9,3,-0.027941658675
6,3,9,8,-0.015566708588
6,4,0,0, 0.119092648203
6,4,0,1, 0.074603729593
6,4,0,4, 0.071903868441
6,4,0,5, 0.065780644795
6,4,0,6, 0.062638753116
6,4,0,9,-0.081396633443
6,4,1,0, 0.074603729593
6,4,1,1, 0.085505483687
6,4,1,4, 0.052029391972
6,4,1,5, 0.077388907554
6,4,1,6, 0.084043192446
6,4,1,9,-0.045445180759
6,4,2,2, 0.110227935675
6,4,2,7, 0.045009447872
6,4,3,3, 0.110227935675
6,4,3,8, 0.045009447872
6,4,4,0, 0.071903868441
6,4,4,1, 0.052029391972
6,4,4,4, 0.124847507526
6,4,4,5, 0.092281041259
6,4,4,6, 0.058716428604
6,4,4,9,-0.107213354353
6,4,5,0, 0.065780644795
6,4,5,1, 0.077388907554
6,4,5,4, 0.092281041259
6,4,5,5, 0.182569807758
6,4,5,6, 0.107375209165
6,4,5,9,-0.037848719985
6,4,6,0, 0.062638753116
6,4,6,1, 0.084043192446
6,4,6,4, 0.058716428604
6,4,6,5, 0.107375209165
6,4,6,6, 0.108810395202
6,4,6,9,-0.025751271981
6,4,7,2, 0.045009447872
6,4,7,7, 0.165094538453
6,4,8,3, 0.045009447872
6,4,8,8, 0.165094538453
6,4,9,0,-0.081396633443
6,4,9,1,-0.045445180759
6,4,9,4,-0.107213354353
6,4,9,5,-0.037848719985
6,4,9,6,-0.025751271981
6,4,9,9, 0.176461187633
6,5,0,0, 0.321510094402
6,5,0,1, 0.209914315564
6,5,0,4, 0.071744515688
6,5,0,5, 0.150201512756
6,5,0,6, 0.160282418055
6,5,0,9,-0.164746736472
6,5,1,0, 0.209914315564
6,5,1,1, 0.263566402611
6,5,1,4, 0.060388080489
6,5,1,5, 0.202307051833
6,5,1,6, 0.242542010064
6,5,1,9,-0.074603729593
6,5,2,2, 0.304588717642
6,5,2,7, 0.100879314552
6,5,3,3, 0.304588717642
6,5,3,8, 0.100879314552
6,5,4,0, 0.071744515688
6,5,4,1, 0.060388080489
6,5,4,4, 0.339298213035
6,5,4,5, 0.199710395234
6,5,4,6, 0.107375209165
6,5,4,9,-0.204454222659
6,5,5,0, 0.150201512756
6,5,5,1, 0.202307051833
6,5,5,4, 0.199710395234
6,5,5,5, 0.504699283325
6,5,5,6, 0.300015949963
6,5,6,0, 0.160282418055
6,5,6,1, 0.242542010064
6,5,6,4, 0.107375209165
6,5,6,5, 0.300015949963
6,5,6,6, 0.324022459289
6,5,7,2, 0.100879314552
6,5,7,7, 0.462081934851
6,5,8,3, 0.100879314552
6,5,8,8, 0.462081934851
6,5,9,0,-0.164746736472
6,5,9,1,-0.074603729593
6,5,9,4,-0.204454222659
6,5,9,9, 0.462081934851
6,6,0,0, 0.401451248622
6,6,0,1, 0.263566402611
6,6,0,4, 0.054595304201
6,6,0,5, 0.164375309193
6,6,0,6, 0.193469153258
6,6,0,9,-0.186959397528
6,6,1,0, 0.263566402611
6,6,1,1, 0.340326436844
6,6,1,4, 0.047251339593
6,6,1,5, 0.220274578170
6,6,1,6, 0.300029888734
6,6,1,9,-0.085505483687
6,6,2,2, 0.389923620211
6,6,2,7, 0.114169671602
6,6,3,3, 0.389923620211
6,6,3,8, 0.114169671602
6,6,4,0, 0.054595304201
6,6,4,1, 0.047251339593
6,6,4,4, 0.403541714698
6,6,4,5, 0.205448045642
6,6,4,6, 0.108810395202
6,6,4,9,-0.218571406629
6,6,5,0, 0.164375309193
6,6,5,1, 0.220274578170
6,6,5,4, 0.205448045642
6,6,5,5, 0.507364877272
6,6,5,6, 0.324022459289
6,6,6,0, 0.193469153258
6,6,6,1, 0.300029888734
6,6,6,4, 0.108810395202
6,6,6,5, 0.324022459289
6,6,6,6, 0.394125899248
6,6,7,2, 0.114169671602
6,6,7,7, 0.491073083906
6,6,8,3, 0.114169671602
6,6,8,8, 0.491073083906
6,6,9,0,-0.186959397528
6,6,9,1,-0.085505483687
6,6,9,4,-0.218571406629
6,6,9,9, 0.491073083906
6,7,0,2, 0.035760471647
6,7,0,7, 0.026516633705
6,7,1,2, 0.029925413793
6,7,1,7, 0.047539616787
6,7,2,0, 0.035760471647
6,7,2,1, 0.029925413793
6,7,2,4, 0.019285862983
6,7,2,5, 0.021489746222
6,7,2,6, 0.024893753357
6,7,2,9,-0.024802217236
6,7,4,2, 0.019285862983
6,7,4,7, 0.037823180382
6,7,5,2, 0.021489746222
6,7,5,7, 0.101353944495
6,7,6,2, 0.024893753357
6,7,6,7, 0.072461555243
6,7,7,0, 0.026516633705
6,7,7,1, 0.047539616787
6,7,7,4, 0.037823180382
6,7,7,5, 0.101353944495
6,7,7,6, 0.072461555243
6,7,9,2,-0.024802217236
6,8,0,3, 0.035760471647
6,8,0,8, 0.026516633705
6,8,1,3, 0.029925413793
6,8,1,8, 0.047539616787
6,8,3,0, 0.035760471647
6,8,3,1, 0.029925413793
6,8,3,4, 0.019285862983
6,8,3,5, 0.021489746222
6,8,3,6, 0.024893753357
6,8,3,9,-0.024802217236
6,8,4,3, 0.019285862983
6,8,4,8, 0.037823180382
6,8,5,3, 0.021489746222
6,8,5,8, 0.101353944495
6,8,6,3, 0.024893753357
6,8,6,8, 0.072461555243
6,8,8,0, 0.026516633705
6,8,8,1, 0.047539616787
6,8,8,4, 0.037823180382
6,8,8,5, 0.101353944495
6,8,8,6, 0.072461555243
6,8,9,3,-0.024802217236
6,9,0,0,-0.109754732265
6,9,0,1,-0.060388080489
6,9,0,4,-0.028584942496
6,9,0,5,-0.035160892387
6,9,0,6,-0.042423525161
6,9,0,9, 0.060637454725
6,9,1,0,-0.060388080489
6,9,1,1,-0.047251339593
6,9,1,4,-0.017291066248
6,9,1,5,-0.016193457045
6,9,1,6,-0.025489578482
6,9,1,9, 0.052029391972
6,9,2,2,-0.096088716867
6,9,2,7,-0.024802217236
6,9,3,3,-0.096088716867
6,9,3,8,-0.024802217236
6,9,4,0,-0.028584942496
6,9,4,1,-0.017291066248
6,9,4,4,-0.105773325326
6,9,4,5,-0.043567563308
6,9,4,6,-0.025751271981
6,9,4,9, 0.071044971653
6,9,5,0,-0.035160892387
6,9,5,1,-0.016193457045
6,9,5,4,-0.043567563308
6,9,5,9, 0.101353944495
6,9,6,0,-0.042423525161
6,9,6,1,-0.025489578482
6,9,6,4,-0.025751271981
6,9,6,9, 0.072461555243
6,9,7,2,-0.024802217236
6,9,8,3,-0.024802217236
6,9,9,0, 0.060637454725
6,9,9,1, 0.052029391972
6,9,9,4, 0.071044971653
6,9,9,5, 0.101353944495
6,9,9,6, 0.072461555243
7,0,0,2, 0.029110955428
7,0,0,7, 0.014477959878
7,0,1,2, 0.021489746222
7,0,1,7, 0.019687395607
7,0,2,0, 0.029110955428
7,0,2,1, 0.021489746222
7,0,2,4, 0.013894603296
7,0,2,5, 0.013791061795
7,0,2,6, 0.016889926074
7,0,2,9,-0.018563093972
7,0,4,2, 0.013894603296
7,0,4,7, 0.020485618273
7,0,5,2, 0.013791061795
7,0,5,7, 0.037426162500
7,0,6,2, 0.016889926074
7,0,6,7, 0.026516633705
7,0,7,0, 0.014477959878
7,0,7,1, 0.019687395607
7,0,7,4, 0.020485618273
7,0,7,5, 0.037426162500
7,0,7,6, 0.026516633705
7,0,7,9,-0.012786183819
7,0,9,2,-0.018563093972
7,0,9,7,-0.012786183819
7,1,0,2, 0.030734776528
7,1,0,7, 0.019687395607
7,1,1,2, 0.024893753357
7,1,1,7, 0.032472759411
7,1,2,0, 0.030734776528
7,1,2,1, 0.024893753357
7,1,2,4, 0.015566708588
7,1,2,5, 0.016889926074
7,1,2,6, 0.020237427031
7,1,2,9,-0.020531963273
7,1,4,2, 0.015566708588
7,1,4,7, 0.027941658675
7,1,5,2, 0.016889926074
7,1,5,7, 0.066212120395
7,1,6,2, 0.020237427031
7,1,6,7, 0.047539616787
7,1,7,0, 0.019687395607
7,1,7,1, 0.032472759411
7,1,7,4, 0.027941658675
7,1,7,5, 0.066212120395
7,1,7,6, 0.047539616787
7,1,7,9,-0.007048575227
7,1,9,2,-0.020531963273
7,1,9,7,-0.007048575227
7,2,0,0, 0.161988576849
7,2,0,1, 0.100879314552
7,2,0,4, 0.032411947751
7,2,0,5, 0.064288349446
7,2,0,6, 0.074260583649
7,2,0,9,-0.080753261647
7,2,1,0, 0.100879314552
7,2,1,1, 0.114169671602
7,2,1,4, 0.024802217236
7,2,1,5, 0.074260583649
7,2,1,6, 0.096142720926
7,2,1,9,-0.045009447872
7,2,2,2, 0.161439869580
7,2,2,7, 0.048122779524
7,2,3,3, 0.146813249358
7,2,3,8, 0.042230194276
7,2,4,0, 0.032411947751
7,2,4,1, 0.024802217236
7,2,4,4, 0.160284120859
7,2,4,5, 0.080753261647
7,2,4,6, 0.045009447872
7,2,4,9,-0.094912027722
7,2,5,0, 0.064288349446
7,2,5,1, 0.074260583649
7,2,5,4, 0.080753261647
7,2,5,5, 0.161988576849
7,2,5,6, 0.100879314552
7,2,5,9,-0.032411947751
7,2,6,0, 0.074260583649
7,2,6,1, 0.096142720926
7,2,6,4, 0.045009447872
7,2,6,5, 0.100879314552
7,2,6,6, 0.114169671602
7,2,6,9,-0.024802217236
7,2,7,2, 0.048122779524
7,2,7,7, 0.161439869580
7,2,8,3, 0.042230194276
7,2,8,8, 0.146813249358
7,2,9,0,-0.080753261647
7,2,9,1,-0.045009447872
7,2,9,4,-0.094912027722
7,2,9,5,-0.032411947751
7,2,9,6,-0.024802217236
7,2,9,9, 0.160284120859
7,3,2,3, 0.007313310111
7,3,2,8, 0.002946292624
7,3,3,2, 0.007313310111
7,3,3,7, 0.002946292624
7,3,7,3, 0.002946292624
7,3,7,8, 0.007313310111
7,3,8,2, 0.002946292624
7,3,8,7, 0.007313310111
7,4,0,2, 0.032411947751
7,4,0,7, 0.020485618273
7,4,1,2, 0.024802217236
7,4,1,7, 0.027941658675
7,4,2,0, 0.032411947751
7,4,2,1, 0.024802217236
7,4,2,4, 0.020784181611
7,4,2,5, 0.018563093972
7,4,2,6, 0.020531963273
7,4,2,9,-0.024482151776
7,4,4,2, 0.020784181611
7,4,4,7, 0.030374737024
7,4,5,2, 0.018563093972
7,4,5,7, 0.055515118697
7,4,6,2, 0.020531963273
7,4,6,7, 0.037823180382
7,4,7,0, 0.020485618273
7,4,7,1, 0.027941658675
7,4,7,4, 0.030374737024
7,4,7,5, 0.055515118697
7,4,7,6, 0.037823180382
7,4,7,9,-0.020065675214
7,4,9,2,-0.024482151776
7,4,9,7,-0.020065675214
7,5,0,2, 0.042589670173
7,5,0,7, 0.037426162500
7,5,1,2, 0.035760471647
7,5,1,7, 0.066212120395
7,5,2,0, 0.042589670173
7,5,2,1, 0.035760471647
7,5,2,4, 0.026559714033
7,5,2,5, 0.029110955428
7,5,2,6, 0.030734776528
7,5,2,9,-0.032411947751
7,5,4,2, 0.026559714033
7,5,4,7, 0.055515118697
7,5,5,2, 0.029110955428
7,5,5,7, 0.152608082603
7,5,6,2, 0.030734776528
7,5,6,7, 0.101353944495
7,5,7,0, 0.037426162500
7,5,7,1, 0.066212120395
7,5,7,4, 0.055515118697
7,5,7,5, 0.152608082603
7,5,7,6, 0.101353944495
7,5,9,2,-0.032411947751
7,6,0,2, 0.035760471647
7,6,0,7, 0.026516633705
7,6,1,2, 0.029925413793
7,6,1,7, 0.047539616787
7,6,2,0, 0.035760471647
7,6,2,1, 0.029925413793
7,6,2,4, 0.019285862983
7,6,2,5, 0.021489746222
7,6,2,6, 0.024893753357
7,6,2,9,-0.024802217236
7,6,4,2, 0.019285862983
7,6,4,7, 0.037823180382
7,6,5,2, 0.021489746222
7,6,5,7, 0.101353944495
7,6,6,2, 0.024893753357
7,6,6,7, 0.072461555243
7,6,7,0, 0.026516633705
7,6,7,1, 0.047539616787
7,6,7,4, 0.037823180382
7,6,7,5, 0.101353944495
7,6,7,6, 0.072461555243
7,6,9,2,-0.024802217236
7,7,0,0, 0.458101518198
7,7,0,1, 0.304588717642
7,7,0,4, 0.110677559693
7,7,0,5, 0.225158289656
7,7,0,6, 0.236015602112
7,7,0,9,-0.240589053404
7,7,1,0, 0.304588717642
7,7,1,1, 0.389923620211
7,7,1,4, 0.096088716867
7,7,1,5, 0.310531873101
7,7,1,6, 0.364953405506
7,7,1,9,-0.110227935675
7,7,2,2, 0.445793364398
7,7,2,7, 0.161439869580
7,7,3,3, 0.429816109378
7,7,3,8, 0.146813249358
7,7,4,0, 0.110677559693
7,7,4,1, 0.096088716867
7,7,4,4, 0.493848371021
7,7,4,5, 0.303014486830
7,7,4,6, 0.165094538453
7,7,4,9,-0.303467244347
7,7,5,0, 0.225158289656
7,7,5,1, 0.310531873101
7,7,5,4, 0.303014486830
7,7,5,5, 0.775037038942
7,7,5,6, 0.462081934851
7,7,6,0, 0.236015602112
7,7,6,1, 0.364953405506
7,7,6,4, 0.165094538453
7,7,6,5, 0.462081934851
7,7,6,6, 0.491073083906
7,7,7,2, 0.161439869580
7,7,7,7, 0.785718708997
7,7,8,3, 0.146813249358
7,7,8,8, 0.689508254834
7,7,9,0,-0.240589053404
7,7,9,1,-0.110227935675
7,7,9,4,-0.303467244347
7,7,9,9, 0.689508254834
7,8,2,3, 0.007988627510
7,8,2,8, 0.007313310111
7,8,3,2, 0.007988627510
7,8,3,7, 0.007313310111
7,8,7,3, 0.007313310111
7,8,7,8, 0.048105227081
7,8,8,2, 0.007313310111
7,8,8,7, 0.048105227081
7,9,0,2,-0.026559714033
7,9,0,7,-0.012786183819
7,9,1,2,-0.019285862983
7,9,1,7,-0.007048575227
7,9,2,0,-0.026559714033
7,9,2,1,-0.019285862983
7,9,2,4,-0.017223046919
7,9,2,5,-0.013894603296
7,9,2,6,-0.015566708588
7,9,2,9, 0.020784181611
7,9,4,2,-0.017223046919
7,9,4,7,-0.020065675214
7,9,5,2,-0.013894603296
7,9,6,2,-0.015566708588
7,9,7,0,-0.012786183819
7,9,7,1,-0.007048575227
7,9,7,4,-0.020065675214
7,9,7,9, 0.048105227081
7,9,9,2, 0.020784181611
7,9,9,7, 0.048105227081
8,0,0,3, 0.029110955428
8,0,0,8, 0.014477959878
8,0,1,3, 0.021489746222
8,0,1,8, 0.019687395607
8,0,3,0, 0.029110955428
8,0,3,1, 0.021489746222
8,0,3,4, 0.013894603296
8,0,3,5, 0.013791061795
8,0,3,6, 0.016889926074
8,0,3,9,-0.018563093972
8,0,4,3, 0.013894603296
8,0,4,8, 0.020485618273
8,0,5,3, 0.013791061795
8,0,5,8, 0.037426162500
8,0,6,3, 0.016889926074
8,0,6,8, 0.026516633705
8,0,8,0, 0.014477959878
8,0,8,1, 0.019687395607
8,0,8,4, 0.020485618273
8,0,8,5, 0.037426162500
8,0,8,6, 0.026516633705
8,0,8,9,-0.012786183819
8,0,9,3,-0.018563093972
8,0,9,8,-0.012786183819
8,1,0,3, 0.030734776528
8,1,0,8, 0.019687395607
8,1,1,3, 0.024893753357
8,1,1,8, 0.032472759411
8,1,3,0, 0.030734776528
8,1,3,1, 0.024893753357
8,1,3,4, 0.015566708588
8,1,3,5, 0.016889926074
8,1,3,6, 0.020237427031
8,1,3,9,-0.020531963273
8,1,4,3, 0.015566708588
8,1,4,8, 0.027941658675
8,1,5,3, 0.016889926074
8,1,5,8, 0.066212120395
8,1,6,3, 0.020237427031
8,1,6,8, 0.047539616787
8,1,8,0, 0.019687395607
8,1,8,1, 0.032472759411
8,1,8,4, 0.027941658675
8,1,8,5, 0.066212120395
8,1,8,6, 0.047539616787
8,1,8,9,-0.007048575227
8,1,9,3,-0.020531963273
8,1,9,8,-0.007048575227
8,2,2,3, 0.007313310111
8,2,2,8, 0.002946292624
8,2,3,2, 0.007313310111
8,2,3,7, 0.002946292624
8,2,7,3, 0.002946292624
8,2,7,8, 0.007313310111
8,2,8,2, 0.002946292624
8,2,8,7, 0.007313310111
8,3,0,0, 0.161988576849
8,3,0,1, 0.100879314552
8,3,0,4, 0.032411947751
8,3,0,5, 0.064288349446
8,3,0,6, 0.074260583649
8,3,0,9,-0.080753261647
8,3,1,0, 0.100879314552
8,3,1,1, 0.114169671602
8,3,1,4, 0.024802217236
8,3,1,5, 0.074260583649
8,3,1,6, 0.096142720926
8,3,1,9,-0.045009447872
8,3,2,2, 0.146813249358
8,3,2,7, 0.042230194276
8,3,3,3, 0.161439869580
8,3,3,8, 0.048122779524
8,3,4,0, 0.032411947751
8,3,4,1, 0.024802217236
8,3,4,4, 0.160284120859
8,3,4,5, 0.080753261647
8,3,4,6, 0.045009447872
8,3,4,9,-0.094912027722
8,3,5,0, 0.064288349446
8,3,5,1, 0.074260583649
8,3,5,4, 0.080753261647
8,3,5,5, 0.161988576849
8,3,5,6, 0.100879314552
8,3,5,9,-0.032411947751
8,3,6,0, 0.074260583649
8,3,6,1, 0.096142720926
8,3,6,4, 0.045009447872
8,3,6,5, 0.100879314552
8,3,6,6, 0.114169671602
8,3,6,9,-0.024802217236
8,3,7,2, 0.042230194276
8,3,7,7, 0.146813249358
8,3,8,3, 0.048122779524
8,3,8,8, 0.161439869580
8,3,9,0,-0.080753261647
8,3,9,1,-0.045009447872
8,3,9,4,-0.094912027722
8,3,9,5,-0.032411947751
8,3,9,6,-0.024802217236
8,3,9,9, 0.160284120859
8,4,0,3, 0.032411947751
8,4,0,8, 0.020485618273
8,4,1,3, 0.024802217236
8,4,1,8, 0.027941658675
8,4,3,0, 0.032411947751
8,4,3,1, 0.024802217236
8,4,3,4, 0.020784181611
8,4,3,5, 0.018563093972
8,4,3,6, 0.020531963273
8,4,3,9,-0.024482151776
8,4,4,3, 0.020784181611
8,4,4,8, 0.030374737024
8,4,5,3, 0.018563093972
8,4,5,8, 0.055515118697
8,4,6,3, 0.020531963273
8,4,6,8, 0.037823180382
8,4,8,0, 0.020485618273
8,4,8,1, 0.027941658675
8,4,8,4, 0.030374737024
8,4,8,5, 0.055515118697
8,4,8,6, 0.037823180382
8,4,8,9,-0.020065675214
8,4,9,3,-0.024482151776
8,4,9,8,-0.020065675214
8,5,0,3, 0.042589670173
8,5,0,8, 0.037426162500
8,5,1,3, 0.035760471647
8,5,1,8, 0.066212120395
8,5,3,0, 0.042589670173
8,5,3,1, 0.035760471647
8,5,3,4, 0.026559714033
8,5,3,5, 0.029110955428
8,5,3,6, 0.030734776528
8,5,3,9,-0.032411947751
8,5,4,3, 0.026559714033
8,5,4,8, 0.055515118697
8,5,5,3, 0.029110955428
8,5,5,8, 0.152608082603
8,5,6,3, 0.030734776528
8,5,6,8, 0.101353944495
8,5,8,0, 0.037426162500
8,5,8,1, 0.066212120395
8,5,8,4, 0.055515118697
8,5,8,5, 0.152608082603
8,5,8,6, 0.101353944495
8,5,9,3,-0.032411947751
8,6,0,3, 0.035760471647
8,6,0,8, 0.026516633705
8,6,1,3, 0.029925413793
8,6,1,8, 0.047539616787
8,6,3,0, 0.035760471647
8,6,3,1, 0.029925413793
8,6,3,4, 0.019285862983
8,6,3,5, 0.021489746222
8,6,3,6, 0.024893753357
8,6,3,9,-0.024802217236
8,6,4,3, 0.019285862983
8,6,4,8, 0.037823180382
8,6,5,3, 0.021489746222
8,6,5,8, 0.101353944495
8,6,6,3, 0.024893753357
8,6,6,8, 0.072461555243
8,6,8,0, 0.026516633705
8,6,8,1, 0.047539616787
8,6,8,4, 0.037823180382
8,6,8,5, 0.101353944495
8,6,8,6, 0.072461555243
8,6,9,3,-0.024802217236
8,7,2,3, 0.007988627510
8,7,2,8, 0.007313310111
8,7,3,2, 0.007988627510
8,7,3,7, 0.007313310111
8,7,7,3, 0.007313310111
8,7,7,8, 0.048105227081
8,7,8,2, 0.007313310111
8,7,8,7, 0.048105227081
8,8,0,0, 0.458101518198
8,8,0,1, 0.304588717642
8,8,0,4, 0.110677559693
8,8,0,5, 0.225158289656
8,8,0,6, 0.236015602112
8,8,0,9,-0.240589053404
8,8,1,0, 0.304588717642
8,8,1,1, 0.389923620211
8,8,1,4, 0.096088716867
8,8,1,5, 0.310531873101
8,8,1,6, 0.364953405506
8,8,1,9,-0.110227935675
8,8,2,2, 0.429816109378
8,8,2,7, 0.146813249358
8,8,3,3, 0.445793364398
8,8,3,8, 0.161439869580
8,8,4,0, 0.110677559693
8,8,4,1, 0.096088716867
8,8,4,4, 0.493848371021
8,8,4,5, 0.303014486830
8,8,4,6, 0.165094538453
8,8,4,9,-0.303467244347
8,8,5,0, 0.225158289656
8,8,5,1, 0.310531873101
8,8,5,4, 0.303014486830
8,8,5,5, 0.775037038942
8,8,5,6, 0.462081934851
8,8,6,0, 0.236015602112
8,8,6,1, 0.364953405506
8,8,6,4, 0.165094538453
8,8,6,5, 0.462081934851
8,8,6,6, 0.491073083906
8,8,7,2, 0.146813249358
8,8,7,7, 0.689508254834
8,8,8,3, 0.161439869580
8,8,8,8, 0.785718708997
8,8,9,0,-0.240589053404
8,8,9,1,-0.110227935675
8,8,9,4,-0.303467244347
8,8,9,9, 0.689508254834
8,9,0,3,-0.026559714033
8,9,0,8,-0.012786183819
8,9,1,3,-0.019285862983
8,9,1,8,-0.007048575227
8,9,3,0,-0.026559714033
8,9,3,1,-0.019285862983
8,9,3,4,-0.017223046919
8,9,3,5,-0.013894603296
8,9,3,6,-0.015566708588
8,9,3,9, 0.020784181611
8,9,4,3,-0.017223046919
8,9,4,8,-0.020065675214
8,9,5,3,-0.013894603296
8,9,6,3,-0.015566708588
8,9,8,0,-0.012786183819
8,9,8,1,-0.007048575227
8,9,8,4,-0.020065675214
8,9,8,9, 0.048105227081
8,9,9,3, 0.020784181611
8,9,9,8, 0.048105227081
9,0,0,0,-0.345286335703
9,0,0,1,-0.199710395234
9,0,0,4,-0.064512723893
9,0,0,5,-0.122425072625
9,0,0,6,-0.143809814181
9,0,0,9, 0.166324465440
9,0,1,0,-0.199710395234
9,0,1,1,-0.205448045642
9,0,1,4,-0.043567563308
9,0,1,5,-0.126516507451
9,0,1,6,-0.165816413130
9,0,1,9, 0.092281041259
9,0,2,2,-0.303014486830
9,0,2,7,-0.080753261647
9,0,3,3,-0.303014486830
9,0,3,8,-0.080753261647
9,0,4,0,-0.064512723893
9,0,4,1,-0.043567563308
9,0,4,4,-0.323490377367
9,0,4,5,-0.148762332874
9,0,4,6,-0.081396633443
9,0,4,9, 0.188785260305
9,0,5,0,-0.122425072625
9,0,5,1,-0.126516507451
9,0,5,4,-0.148762332874
9,0,5,5,-0.264163216012
9,0,5,6,-0.164746736472
9,0,5,9, 0.081503824764
9,0,6,0,-0.143809814181
9,0,6,1,-0.165816413130
9,0,6,4,-0.081396633443
9,0,6,5,-0.164746736472
9,0,6,6,-0.186959397528
9,0,6,9, 0.060637454725
9,0,7,2,-0.080753261647
9,0,7,7,-0.240589053404
9,0,8,3,-0.080753261647
9,0,8,8,-0.240589053404
9,0,9,0, 0.166324465440
9,0,9,1, 0.092281041259
9,0,9,4, 0.188785260305
9,0,9,5, 0.081503824764
9,0,9,6, 0.060637454725
9,0,9,9,-0.283390861568
9,1,0,0,-0.182569807758
9,1,0,1,-0.107375209165
9,1,0,4,-0.037848719985
9,1,0,5,-0.065780644795
9,1,0,6,-0.077388907554
9,1,0,9, 0.092281041259
9,1,1,0,-0.107375209165
9,1,1,1,-0.108810395202
9,1,1,4,-0.025751271981
9,1,1,5,-0.062638753116
9,1,1,6,-0.084043192446
9,1,1,9, 0.058716428604
9,1,2,2,-0.165094538453
9,1,2,7,-0.045009447872
9,1,3,3,-0.165094538453
9,1,3,8,-0.045009447872
9,1,4,0,-0.037848719985
9,1,4,1,-0.025751271981
9,1,4,4,-0.176461187633
9,1,4,5,-0.081396633443
9,1,4,6,-0.045445180759
9,1,4,9, 0.107213354353
9,1,5,0,-0.065780644795
9,1,5,1,-0.062638753116
9,1,5,4,-0.081396633443
9,1,5,5,-0.119092648203
9,1,5,6,-0.074603729593
9,1,5,9, 0.071903868441
9,1,6,0,-0.077388907554
9,1,6,1,-0.084043192446
9,1,6,4,-0.045445180759
9,1,6,5,-0.074603729593
9,1,6,6,-0.085505483687
9,1,6,9, 0.052029391972
9,1,7,2,-0.045009447872
9,1,7,7,-0.110227935675
9,1,8,3,-0.045009447872
9,1,8,8,-0.110227935675
9,1,9,0, 0.092281041259
9,1,9,1, 0.058716428604
9,1,9,4, 0.107213354353
9,1,9,5, 0.071903868441
9,1,9,6, 0.052029391972
9,1,9,9,-0.124847507526
9,2,0,2,-0.055515118697
9,2,0,7,-0.018563093972
9,2,1,2,-0.037823180382
9,2,1,7,-0.020531963273
9,2,2,0,-0.055515118697
9,2,2,1,-0.037823180382
9,2,2,4,-0.020065675214
9,2,2,5,-0.020485618273
9,2,2,6,-0.027941658675
9,2,2,9, 0.030374737024
9,2,4,2,-0.020065675214
9,2,4,7,-0.024482151776
9,2,5,2,-0.020485618273
9,2,5,7,-0.032411947751
9,2,6,2,-0.027941658675
9,2,6,7,-0.024802217236
9,2,7,0,-0.018563093972
9,2,7,1,-0.020531963273
9,2,7,4,-0.024482151776
9,2,7,5,-0.032411947751
9,2,7,6,-0.024802217236
9,2,7,9, 0.020784181611
9,2,9,2, 0.030374737024
9,2,9,7, 0.020784181611
9,3,0,3,-0.055515118697
9,3,0,8,-0.018563093972
9,3,1,3,-0.037823180382
9,3,1,8,-0.020531963273
9,3,3,0,-0.055515118697
9,3,3,1,-0.037823180382
9,3,3,4,-0.020065675214
9,3,3,5,-0.020485618273
9,3,3,6,-0.027941658675
9,3,3,9, 0.030374737024
9,3,4,3,-0.020065675214
9,3,4,8,-0.024482151776
9,3,5,3,-0.020485618273
9,3,5,8,-0.032411947751
9,3,6,3,-0.027941658675
9,3,6,8,-0.024802217236
9,3,8,0,-0.018563093972
9,3,8,1,-0.020531963273
9,3,8,4,-0.024482151776
9,3,8,5,-0.032411947751
9,3,8,6,-0.024802217236
9,3,8,9, 0.020784181611
9,3,9,3, 0.030374737024
9,3,9,8, 0.020784181611
9,4,0,0,-0.340042103384
9,4,0,1,-0.204454222659
9,4,0,4,-0.102802577690
9,4,0,5,-0.143360679210
9,4,0,6,-0.153961281681
9,4,0,9, 0.188785260305
9,4,1,0,-0.204454222659
9,4,1,1,-0.218571406629
9,4,1,4,-0.071044971653
9,4,1,5,-0.153961281681
9,4,1,6,-0.185877445469
9,4,1,9, 0.107213354353
9,4,2,2,-0.303467244347
9,4,2,7,-0.094912027722
9,4,3,3,-0.303467244347
9,4,3,8,-0.094912027722
9,4,4,0,-0.102802577690
9,4,4,1,-0.071044971653
9,4,4,4,-0.352902730067
9,4,4,5,-0.188785260305
9,4,4,6,-0.107213354353
9,4,4,9, 0.233458402097
9,4,5,0,-0.143360679210
9,4,5,1,-0.153961281681
9,4,5,4,-0.188785260305
9,4,5,5,-0.340042103384
9,4,5,6,-0.204454222659
9,4,5,9, 0.102802577690
9,4,6,0,-0.153961281681
9,4,6,1,-0.185877445469
9,4,6,4,-0.107213354353
9,4,6,5,-0.204454222659
9,4,6,6,-0.218571406629
9,4,6,9, 0.071044971653
9,4,7,2,-0.094912027722
9,4,7,7,-0.303467244347
9,4,8,3,-0.094912027722
9,4,8,8,-0.303467244347
9,4,9,0, 0.188785260305
9,4,9,1, 0.107213354353
9,4,9,4, 0.233458402097
9,4,9,5, 0.102802577690
9,4,9,6, 0.071044971653
9,4,9,9,-0.352902730067
9,5,0,0,-0.130232703590
9,5,0,1,-0.071744515688
9,5,0,4,-0.045793384248
9,5,0,5,-0.047452855288
9,5,0,6,-0.052008466228
9,5,0,9, 0.081503824764
9,5,1,0,-0.071744515688
9,5,1,1,-0.054595304201
9,5,1,4,-0.028584942496
9,5,1,5,-0.021553810770
9,5,1,6,-0.030131145992
9,5,1,9, 0.071903868441
9,5,2,2,-0.110677559693
9,5,2,7,-0.032411947751
9,5,3,3,-0.110677559693
9,5,3,8,-0.032411947751
9,5,4,0,-0.045793384248
9,5,4,1,-0.028584942496
9,5,4,4,-0.137661816549
9,5,4,5,-0.064512723893
9,5,4,6,-0.037848719985
9,5,4,9, 0.102802577690
9,5,5,0,-0.047452855288
9,5,5,1,-0.021553810770
9,5,5,4,-0.064512723893
9,5,5,9, 0.152608082603
9,5,6,0,-0.052008466228
9,5,6,1,-0.030131145992
9,5,6,4,-0.037848719985
9,5,6,9, 0.101353944495
9,5,7,2,-0.032411947751
9,5,8,3,-0.032411947751
9,5,9,0, 0.081503824764
9,5,9,1, 0.071903868441
9,5,9,4, 0.102802577690
9,5,9,5, 0.152608082603
9,5,9,6, 0.101353944495
9,6,0,0,-0.109754732265
9,6,0,1,-0.060388080489
9,6,0,4,-0.028584942496
9,6,0,5,-0.035160892387
9,6,0,6,-0.042423525161
9,6,0,9, 0.060637454725
9,6,1,0,-0.060388080489
9,6,1,1,-0.047251339593
9,6,1,4,-0.017291066248
9,6,1,5,-0.016193457045
9,6,1,6,-0.025489578482
9,6,1,9, 0.052029391972
9,6,2,2,-0.096088716867
9,6,2,7,-0.024802217236
9,6,3,3,-0.096088716867
9,6,3,8,-0.024802217236
9,6,4,0,-0.028584942496
9,6,4,1,-0.017291066248
9,6,4,4,-0.105773325326
9,6,4,5,-0.043567563308
9,6,4,6,-0.025751271981
9,6,4,9, 0.071044971653
9,6,5,0,-0.035160892387
9,6,5,1,-0.016193457045
9,6,5,4,-0.043567563308
9,6,5,9, 0.101353944495
9,6,6,0,-0.042423525161
9,6,6,1,-0.025489578482
9,6,6,4,-0.025751271981
9,6,6,9, 0.072461555243
9,6,7,2,-0.024802217236
9,6,8,3,-0.024802217236
9,6,9,0, 0.060637454725
9,6,9,1, 0.052029391972
9,6,9,4, 0.071044971653
9,6,9,5, 0.101353944495
9,6,9,6, 0.072461555243
9,7,0,2,-0.026559714033
9,7,0,7,-0.012786183819
9,7,1,2,-0.019285862983
9,7,1,7,-0.007048575227
9,7,2,0,-0.026559714033
9,7,2,1,-0.019285862983
9,7,2,4,-0.017223046919
9,7,2,5,-0.013894603296
9,7,2,6,-0.015566708588
9,7,2,9, 0.020784181611
9,7,4,2,-0.017223046919
9,7,4,7,-0.020065675214
9,7,5,2,-0.013894603296
9,7,6,2,-0.015566708588
9,7,7,0,-0.012786183819
9,7,7,1,-0.007048575227
9,7,7,4,-0.020065675214
9,7,7,9, 0.048105227081
9,7,9,2, 0.020784181611
9,7,9,7, 0.048105227081
9,8,0,3,-0.026559714033
9,8,0,8,-0.012786183819
9,8,1,3,-0.019285862983
9,8,1,8,-0.007048575227
9,8,3,0,-0.026559714033
9,8,3,1,-0.019285862983
9,8,3,4,-0.017223046919
9,8,3,5,-0.013894603296
9,8,3,6,-0.015566708588
9,8,3,9, 0.020784181611
9,8,4,3,-0.017223046919
9,8,4,8,-0.020065675214
9,8,5,3,-0.013894603296
9,8,6,3,-0.015566708588
9,8,8,0,-0.012786183819
9,8,8,1,-0.007048575227
9,8,8,4,-0.020065675214
9,8,8,9, 0.048105227081
9,8,9,3, 0.020784181611
9,8,9,8, 0.048105227081
9,9,0,0, 0.539027336675
9,9,0,1, 0.339298213035
9,9,0,4, 0.137661816549
9,9,0,5, 0.243992144956
9,9,0,6, 0.258447588915
9,9,0,9,-0.283390861568
9,9,1,0, 0.339298213035
9,9,1,1, 0.403541714698
9,9,1,4, 0.105773325326
9,9,1,5, 0.313005722313
9,9,1,6, 0.369034957673
9,9,1,9,-0.124847507526
9,9,2,2, 0.493848371021
9,9,2,7, 0.160284120859
9,9,3,3, 0.493848371021
9,9,3,8, 0.160284120859
9,9,4,0, 0.137661816549
9,9,4,1, 0.105773325326
9,9,4,4, 0.567207577771
9,9,4,5, 0.323490377367
9,9,4,6, 0.176461187633
9,9,4,9,-0.352902730067
9,9,5,0, 0.243992144956
9,9,5,1, 0.313005722313
9,9,5,4, 0.323490377367
9,9,5,5, 0.775037038942
9,9,5,6, 0.462081934851
9,9,6,0, 0.258447588915
9,9,6,1, 0.369034957673
9,9,6,4, 0.176461187633
9,9,6,5, 0.462081934851
9,9,6,6, 0.491073083906
9,9,7,2, 0.160284120859
9,9,7,7, 0.689508254834
9,9,8,3, 0.160284120859
9,9,8,8, 0.689508254834
9,9,9,0,-0.283390861568
9,9,9,1,-0.124847507526
9,9,9,4,-0.352902730067
9,9,9,9, 0.785718708997
