0,0,0,0, 0.897251802255
0,0,0,1, 0.504699283325
0,0,0,5, 0.191422723130
0,0,0,6, 0.307992024887
0,0,0,9,-0.270463576732
0,0,1,0, 0.504699283325
0,0,1,1, 0.507364877272
0,0,1,5, 0.216234111216
0,0,1,6, 0.351247094805
0,0,1,9,-0.164912640329
0,0,2,2, 0.775037038942
0,0,2,7, 0.112273051063
0,0,3,3, 0.775037038942
0,0,3,8, 0.112273051063
0,0,4,4, 0.775037038942
0,0,4,5, 0.215729756703
0,0,4,6, 0.120138702818
0,0,4,9,-0.316326342205
0,0,5,0, 0.191422723130
0,0,5,1, 0.216234111216
0,0,5,4, 0.215729756703
0,0,5,5, 0.448272037391
0,0,5,6, 0.297681022584
0,0,5,9,-0.114722451949
0,0,6,0, 0.307992024887
0,0,6,1, 0.351247094805
0,0,6,4, 0.120138702818
0,0,6,5, 0.297681022584
0,0,6,6, 0.382448008837
0,0,6,9,-0.099392218953
0,0,7,2, 0.112273051063
0,0,7,7, 0.422135243166
0,0,8,3, 0.112273051063
0,0,8,8, 0.422135243166
0,0,9,0,-0.270463576732
0,0,9,1,-0.164912640329
0,0,9,4,-0.316326342205
0,0,9,5,-0.114722451949
0,0,9,6,-0.099392218953
0,0,9,9, 0.492488179189
0,1,0,0, 0.504699283325
0,1,0,1, 0.300015949963
0,1,0,5, 0.116149624739
0,1,0,6, 0.184280424899
0,1,0,9,-0.159365958343
0,1,1,0, 0.300015949963
0,1,1,1, 0.324022459289
0,1,1,5, 0.139620417473
0,1,1,6, 0.226530034365
0,1,1,9,-0.099549588478
0,1,2,2, 0.462081934851
0,1,2,7, 0.070496393550
0,1,3,3, 0.462081934851
0,1,3,8, 0.070496393550
0,1,4,4, 0.462081934851
0,1,4,5, 0.135190278345
0,1,4,6, 0.075297109201
0,1,4,9,-0.192826259045
0,1,5,0, 0.116149624739
0,1,5,1, 0.139620417473
0,1,5,4, 0.135190278345
0,1,5,5, 0.297681022584
0,1,5,6, 0.196437292052
0,1,5,9,-0.066309010703
0,1,6,0, 0.184280424899
0,1,6,1, 0.226530034365
0,1,6,4, 0.075297109201
0,1,6,5, 0.196437292052
0,1,6,6, 0.252340746926
0,1,6,9,-0.056923993407
0,1,7,2, 0.070496393550
0,1,7,7, 0.283290532355
0,1,8,3, 0.070496393550
0,1,8,8, 0.283290532355
0,1,9,0,-0.159365958343
0,1,9,1,-0.099549588478
0,1,9,4,-0.192826259045
0,1,9,5,-0.066309010703
0,1,9,6,-0.056923993407
0,1,9,9, 0.316086353599
0,2,0,2, 0.152608082603
0,2,0,7, 0.019935032862
0,2,1,2, 0.101353944495
0,2,1,7, 0.023691986535
0,2,2,0, 0.152608082603
0,2,2,1, 0.101353944495
0,2,2,5, 0.027507729306
0,2,2,6, 0.059855883184
0,2,2,9,-0.040498621406
0,2,4,7, 0.023945453490
0,2,5,2, 0.027507729306
0,2,5,7, 0.033685313701
0,2,6,2, 0.059855883184
0,2,6,7, 0.029111798989
0,2,7,0, 0.019935032862
0,2,7,1, 0.023691986535
0,2,7,4, 0.023945453490
0,2,7,5, 0.033685313701
0,2,7,6, 0.029111798989
0,2,7,9,-0.020913771746
0,2,9,2,-0.040498621406
0,2,9,7,-0.020913771746
0,3,0,3, 0.152608082603
0,3,0,8, 0.019935032862
0,3,1,3, 0.101353944495
0,3,1,8, 0.023691986535
0,3,3,0, 0.152608082603
0,3,3,1, 0.101353944495
0,3,3,5, 0.027507729306
0,3,3,6, 0.059855883184
0,3,3,9,-0.040498621406
0,3,4,8, 0.023945453490
0,3,5,3, 0.027507729306
0,3,5,8, 0.033685313701
0,3,6,3, 0.059855883184
0,3,6,8, 0.029111798989
0,3,8,0, 0.019935032862
0,3,8,1, 0.023691986535
0,3,8,4, 0.023945453490
0,3,8,5, 0.033685313701
0,3,8,6, 0.029111798989
0,3,8,9,-0.020913771746
0,3,9,3,-0.040498621406
0,3,9,8,-0.020913771746
0,4,0,4, 0.152608082603
0,4,0,5, 0.038595774935
0,4,0,6, 0.021738181484
0,4,0,9,-0.058296310196
0,4,1,4, 0.101353944495
0,4,1,5, 0.046217800623
0,4,1,6, 0.030850711748
0,4,1,9,-0.039606491211
0,4,2,7, 0.023945453490
0,4,3,8, 0.023945453490
0,4,4,0, 0.152608082603
0,4,4,1, 0.101353944495
0,4,4,5, 0.064866584210
0,4,4,6, 0.066225440860
0,4,4,9,-0.094617043197
0,4,5,0, 0.038595774935
0,4,5,1, 0.046217800623
0,4,5,4, 0.064866584210
0,4,5,5, 0.114722451949
0,4,5,6, 0.066309010703
0,4,5,9,-0.044865620097
0,4,6,0, 0.021738181484
0,4,6,1, 0.030850711748
0,4,6,4, 0.066225440860
0,4,6,5, 0.066309010703
0,4,6,6, 0.054938264566
0,4,6,9,-0.031105525143
0,4,7,2, 0.023945453490
0,4,7,7, 0.098713694599
0,4,8,3, 0.023945453490
0,4,8,8, 0.098713694599
0,4,9,0,-0.058296310196
0,4,9,1,-0.039606491211
0,4,9,4,-0.094617043197
0,4,9,5,-0.044865620097
0,4,9,6,-0.031105525143
0,4,9,9, 0.129637235093
0,5,0,0, 0.191422723130
0,5,0,1, 0.116149624739
0,5,0,4, 0.038595774935
0,5,0,5, 0.060685296322
0,5,0,6, 0.078872275407
0,5,0,9,-0.080449082400
0,5,1,0, 0.116149624739
0,5,1,1, 0.128844788875
0,5,1,4, 0.028968829958
0,5,1,5, 0.078872275407
0,5,1,6, 0.103762733302
0,5,1,9,-0.051476918746
0,5,2,2, 0.173353349293
0,5,2,7, 0.036569382670
0,5,3,3, 0.173353349293
0,5,3,8, 0.036569382670
0,5,4,0, 0.038595774935
0,5,4,1, 0.028968829958
0,5,4,4, 0.189356610101
0,5,4,5, 0.080449082400
0,5,4,6, 0.051476918746
0,5,4,9,-0.109233489774
0,5,5,0, 0.060685296322
0,5,5,1, 0.078872275407
0,5,5,4, 0.080449082400
0,5,5,5, 0.191422723130
0,5,5,6, 0.116149624739
0,5,5,9,-0.038595774935
0,5,6,0, 0.078872275407
0,5,6,1, 0.103762733302
0,5,6,4, 0.051476918746
0,5,6,5, 0.116149624739
0,5,6,6, 0.128844788875
0,5,6,9,-0.028968829958
0,5,7,2, 0.036569382670
0,5,7,7, 0.173353349293
0,5,8,3, 0.036569382670
0,5,8,8, 0.173353349293
0,5,9,0,-0.080449082400
0,5,9,1,-0.051476918746
0,5,9,4,-0.109233489774
0,5,9,5,-0.038595774935
0,5,9,6,-0.028968829958
0,5,9,9, 0.189356610101
0,6,0,0, 0.307992024887
0,6,0,1, 0.184280424899
0,6,0,4, 0.021738181484
0,6,0,5, 0.078872275407
0,6,0,6, 0.117271038045
0,6,0,9,-0.107159901386
0,6,1,0, 0.184280424899
0,6,1,1, 0.201029389032
0,6,1,4, 0.016355007515
0,6,1,5, 0.097656642622
0,6,1,6, 0.148087327833
0,6,1,9,-0.067598978553
0,6,2,2, 0.282636828092
0,6,2,7, 0.048202169437
0,6,3,3, 0.282636828092
0,6,3,8, 0.048202169437
0,6,4,0, 0.021738181484
0,6,4,1, 0.016355007515
0,6,4,4, 0.285406494000
0,6,4,5, 0.096005503681
0,6,4,6, 0.057905389459
0,6,4,9,-0.134775053321
0,6,5,0, 0.078872275407
0,6,5,1, 0.097656642622
0,6,5,4, 0.096005503681
0,6,5,5, 0.216234111216
0,6,5,6, 0.139620417473
0,6,5,9,-0.046217800623
0,6,6,0, 0.117271038045
0,6,6,1, 0.148087327833
0,6,6,4, 0.057905389459
0,6,6,5, 0.139620417473
0,6,6,6, 0.171703019772
0,6,6,9,-0.038306418820
0,6,7,2, 0.048202169437
0,6,7,7, 0.204323061921
0,6,8,3, 0.048202169437
0,6,8,8, 0.204323061921
0,6,9,0,-0.107159901386
0,6,9,1,-0.067598978553
0,6,9,4,-0.134775053321
0,6,9,5,-0.046217800623
0,6,9,6,-0.038306418820
0,6,9,9, 0.225005738997
0,7,0,2, 0.019935032862
0,7,0,7, 0.008528565264
0,7,1,2, 0.015038743867
0,7,1,7, 0.013569503572
0,7,2,0, 0.019935032862
0,7,2,1, 0.015038743867
0,7,2,4, 0.010255897564
0,7,2,5, 0.007977081977
0,7,2,6, 0.011138738897
0,7,2,9,-0.011274643797
0,7,4,2, 0.010255897564
0,7,4,7, 0.012522799410
0,7,5,2, 0.007977081977
0,7,5,7, 0.027507729306
0,7,6,2, 0.011138738897
0,7,6,7, 0.019668173512
0,7,7,0, 0.008528565264
0,7,7,1, 0.013569503572
0,7,7,4, 0.012522799410
0,7,7,5, 0.027507729306
0,7,7,6, 0.019668173512
0,7,7,9,-0.010170445252
0,7,9,2,-0.011274643797
0,7,9,7,-0.010170445252
0,8,0,3, 0.019935032862
0,8,0,8, 0.008528565264
0,8,1,3, 0.015038743867
0,8,1,8, 0.013569503572
0,8,3,0, 0.019935032862
0,8,3,1, 0.015038743867
0,8,3,4, 0.010255897564
0,8,3,5, 0.007977081977
0,8,3,6, 0.011138738897
0,8,3,9,-0.011274643797
0,8,4,3, 0.010255897564
0,8,4,8, 0.012522799410
0,8,5,3, 0.007977081977
0,8,5,8, 0.027507729306
0,8,6,3, 0.011138738897
0,8,6,8, 0.019668173512
0,8,8,0, 0.008528565264
0,8,8,1, 0.013569503572
0,8,8,4, 0.012522799410
0,8,8,5, 0.027507729306
0,8,8,6, 0.019668173512
0,8,8,9,-0.010170445252
0,8,9,3,-0.011274643797
0,8,9,8,-0.010170445252
0,9,0,0,-0.270463576732
0,9,0,1,-0.159365958343
0,9,0,4,-0.058296310196
0,9,0,5,-0.080449082400
0,9,0,6,-0.107159901386
0,9,0,9, 0.112613784797
0,9,1,0,-0.159365958343
0,9,1,1,-0.167999821481
0,9,1,4,-0.040681891568
0,9,1,5,-0.096005503681
0,9,1,6,-0.130929566359
0,9,1,9, 0.073235276068
0,9,2,2,-0.239486124507
0,9,2,7,-0.048328625676
0,9,3,3,-0.239486124507
0,9,3,8,-0.048328625676
0,9,4,0,-0.058296310196
0,9,4,1,-0.040681891568
0,9,4,4,-0.262670352383
0,9,4,5,-0.105141942959
0,9,4,6,-0.069151858149
0,9,4,9, 0.150669871950
0,9,5,0,-0.080449082400
0,9,5,1,-0.096005503681
0,9,5,4,-0.105141942959
0,9,5,5,-0.215729756703
0,9,5,6,-0.135190278345
0,9,5,9, 0.064866584210
0,9,6,0,-0.107159901386
0,9,6,1,-0.130929566359
0,9,6,4,-0.069151858149
0,9,6,5,-0.135190278345
0,9,6,6,-0.154716329432
0,9,6,9, 0.048877205838
0,9,7,2,-0.048328625676
0,9,7,7,-0.197069308414
0,9,8,3,-0.048328625676
0,9,8,8,-0.197069308414
0,9,9,0, 0.112613784797
0,9,9,1, 0.073235276068
0,9,9,4, 0.150669871950
0,9,9,5, 0.064866584210
0,9,9,6, 0.048877205838
0,9,9,9,-0.232003357238
1,0,0,0, 0.504699283325
1,0,0,1, 0.300015949963
1,0,0,5, 0.116149624739
1,0,0,6, 0.184280424899
1,0,0,9,-0.159365958343
1,0,1,0, 0.300015949963
1,0,1,1, 0.324022459289
1,0,1,5, 0.139620417473
1,0,1,6, 0.226530034365
1,0,1,9,-0.099549588478
1,0,2,2, 0.462081934851
1,0,2,7, 0.070496393550
1,0,3,3, 0.462081934851
1,0,3,8, 0.070496393550
1,0,4,4, 0.462081934851
1,0,4,5, 0.135190278345
1,0,4,6, 0.075297109201
1,0,4,9,-0.192826259045
1,0,5,0, 0.116149624739
1,0,5,1, 0.139620417473
1,0,5,4, 0.135190278345
1,0,5,5, 0.297681022584
1,0,5,6, 0.196437292052
1,0,5,9,-0.066309010703
1,0,6,0, 0.184280424899
1,0,6,1, 0.226530034365
1,0,6,4, 0.075297109201
1,0,6,5, 0.196437292052
1,0,6,6, 0.252340746926
1,0,6,9,-0.056923993407
1,0,7,2, 0.070496393550
1,0,7,7, 0.283290532355
1,0,8,3, 0.070496393550
1,0,8,8, 0.283290532355
1,0,9,0,-0.159365958343
1,0,9,1,-0.099549588478
1,0,9,4,-0.192826259045
1,0,9,5,-0.066309010703
1,0,9,6,-0.056923993407
1,0,9,9, 0.316086353599
1,1,0,0, 0.507364877272
1,1,0,1, 0.324022459289
1,1,0,5, 0.128844788875
1,1,0,6, 0.201029389032
1,1,0,9,-0.167999821481
1,1,1,0, 0.324022459289
1,1,1,1, 0.394125899248
1,1,1,5, 0.171703019772
1,1,1,6, 0.281289108404
1,1,1,9,-0.105154990045
1,1,2,2, 0.491073083906
1,1,2,7, 0.080825122079
1,1,3,3, 0.491073083906
1,1,3,8, 0.080825122079
1,1,4,4, 0.491073083906
1,1,4,5, 0.154716329432
1,1,4,6, 0.086375496158
1,1,4,9,-0.210427233492
1,1,5,0, 0.128844788875
1,1,5,1, 0.171703019772
1,1,5,4, 0.154716329432
1,1,5,5, 0.382448008837
1,1,5,6, 0.252340746926
1,1,5,9,-0.054938264566
1,1,6,0, 0.201029389032
1,1,6,1, 0.281289108404
1,1,6,4, 0.086375496158
1,1,6,5, 0.252340746926
1,1,6,6, 0.329563532148
1,1,6,9,-0.047856237642
1,1,7,2, 0.080825122079
1,1,7,7, 0.371790164239
1,1,8,3, 0.080825122079
1,1,8,8, 0.371790164239
1,1,9,0,-0.167999821481
1,1,9,1,-0.105154990045
1,1,9,4,-0.210427233492
1,1,9,5,-0.054938264566
1,1,9,6,-0.047856237642
1,1,9,9, 0.386617996498
1,2,0,2, 0.101353944495
1,2,0,7, 0.015038743867
1,2,1,2, 0.072461555243
1,2,1,7, 0.019615962338
1,2,2,0, 0.101353944495
1,2,2,1, 0.072461555243
1,2,2,5, 0.019668173512
1,2,2,6, 0.043019076463
1,2,2,9,-0.028141965515
1,2,4,7, 0.018577888416
1,2,5,2, 0.019668173512
1,2,5,7, 0.029111798989
1,2,6,2, 0.043019076463
1,2,6,7, 0.024952754733
1,2,7,0, 0.015038743867
1,2,7,1, 0.019615962338
1,2,7,4, 0.018577888416
1,2,7,5, 0.029111798989
1,2,7,6, 0.024952754733
1,2,7,9,-0.016054545559
1,2,9,2,-0.028141965515
1,2,9,7,-0.016054545559
1,3,0,3, 0.101353944495
1,3,0,8, 0.015038743867
1,3,1,3, 0.072461555243
1,3,1,8, 0.019615962338
1,3,3,0, 0.101353944495
1,3,3,1, 0.072461555243
1,3,3,5, 0.019668173512
1,3,3,6, 0.043019076463
1,3,3,9,-0.028141965515
1,3,4,8, 0.018577888416
1,3,5,3, 0.019668173512
1,3,5,8, 0.029111798989
1,3,6,3, 0.043019076463
1,3,6,8, 0.024952754733
1,3,8,0, 0.015038743867
1,3,8,1, 0.019615962338
1,3,8,4, 0.018577888416
1,3,8,5, 0.029111798989
1,3,8,6, 0.024952754733
1,3,8,9,-0.016054545559
1,3,9,3,-0.028141965515
1,3,9,8,-0.016054545559
1,4,0,4, 0.101353944495
1,4,0,5, 0.028968829958
1,4,0,6, 0.016355007515
1,4,0,9,-0.040681891568
1,4,1,4, 0.072461555243
1,4,1,5, 0.038306418820
1,4,1,6, 0.026148855889
1,4,1,9,-0.028567306525
1,4,2,7, 0.018577888416
1,4,3,8, 0.018577888416
1,4,4,0, 0.101353944495
1,4,4,1, 0.072461555243
1,4,4,5, 0.048877205838
1,4,4,6, 0.048047141867
1,4,4,9,-0.067528506076
1,4,5,0, 0.028968829958
1,4,5,1, 0.038306418820
1,4,5,4, 0.048877205838
1,4,5,5, 0.099392218953
1,4,5,6, 0.056923993407
1,4,5,9,-0.031105525143
1,4,6,0, 0.016355007515
1,4,6,1, 0.026148855889
1,4,6,4, 0.048047141867
1,4,6,5, 0.056923993407
1,4,6,6, 0.047856237642
1,4,6,9,-0.020992991834
1,4,7,2, 0.018577888416
1,4,7,7, 0.087636691925
1,4,8,3, 0.018577888416
1,4,8,8, 0.087636691925
1,4,9,0,-0.040681891568
1,4,9,1,-0.028567306525
1,4,9,4,-0.067528506076
1,4,9,5,-0.031105525143
1,4,9,6,-0.020992991834
1,4,9,9, 0.102916701800
1,5,0,0, 0.216234111216
1,5,0,1, 0.139620417473
1,5,0,4, 0.046217800623
1,5,0,5, 0.078872275407
1,5,0,6, 0.097656642622
1,5,0,9,-0.096005503681
1,5,1,0, 0.139620417473
1,5,1,1, 0.171703019772
1,5,1,4, 0.038306418820
1,5,1,5, 0.117271038045
1,5,1,6, 0.148087327833
1,5,1,9,-0.057905389459
1,5,2,2, 0.204323061921
1,5,2,7, 0.048202169437
1,5,3,3, 0.204323061921
1,5,3,8, 0.048202169437
1,5,4,0, 0.046217800623
1,5,4,1, 0.038306418820
1,5,4,4, 0.225005738997
1,5,4,5, 0.107159901386
1,5,4,6, 0.067598978553
1,5,4,9,-0.134775053321
1,5,5,0, 0.078872275407
1,5,5,1, 0.117271038045
1,5,5,4, 0.107159901386
1,5,5,5, 0.307992024887
1,5,5,6, 0.184280424899
1,5,5,9,-0.021738181484
1,5,6,0, 0.097656642622
1,5,6,1, 0.148087327833
1,5,6,4, 0.067598978553
1,5,6,5, 0.184280424899
1,5,6,6, 0.201029389032
1,5,6,9,-0.016355007515
1,5,7,2, 0.048202169437
1,5,7,7, 0.282636828092
1,5,8,3, 0.048202169437
1,5,8,8, 0.282636828092
1,5,9,0,-0.096005503681
1,5,9,1,-0.057905389459
1,5,9,4,-0.134775053321
1,5,9,5,-0.021738181484
1,5,9,6,-0.016355007515
1,5,9,9, 0.285406494000
1,6,0,0, 0.351247094805
1,6,0,1, 0.226530034365
1,6,0,4, 0.030850711748
1,6,0,5, 0.103762733302
1,6,0,6, 0.148087327833
1,6,0,9,-0.130929566359
1,6,1,0, 0.226530034365
1,6,1,1, 0.281289108404
1,6,1,4, 0.026148855889
1,6,1,5, 0.148087327833
1,6,1,6, 0.220716174864
1,6,1,9,-0.079758311656
1,6,2,2, 0.340320844869
1,6,2,7, 0.065313526826
1,6,3,3, 0.340320844869
1,6,3,8, 0.065313526826
1,6,4,0, 0.030850711748
1,6,4,1, 0.026148855889
1,6,4,4, 0.344939898667
1,6,4,5, 0.130929566359
1,6,4,6, 0.079758311656
1,6,4,9,-0.171697054607
1,6,5,0, 0.103762733302
1,6,5,1, 0.148087327833
1,6,5,4, 0.130929566359
1,6,5,5, 0.351247094805
1,6,5,6, 0.226530034365
1,6,5,9,-0.030850711748
1,6,6,0, 0.148087327833
1,6,6,1, 0.220716174864
1,6,6,4, 0.079758311656
1,6,6,5, 0.226530034365
1,6,6,6, 0.281289108404
1,6,6,9,-0.026148855889
1,6,7,2, 0.065313526826
1,6,7,7, 0.340320844869
1,6,8,3, 0.065313526826
1,6,8,8, 0.340320844869
1,6,9,0,-0.130929566359
1,6,9,1,-0.079758311656
1,6,9,4,-0.171697054607
1,6,9,5,-0.030850711748
1,6,9,6,-0.026148855889
1,6,9,9, 0.344939898667
1,7,0,2, 0.023691986535
1,7,0,7, 0.013569503572
1,7,1,2, 0.019615962338
1,7,1,7, 0.026845580931
1,7,2,0, 0.023691986535
1,7,2,1, 0.019615962338
1,7,2,4, 0.012571216523
1,7,2,5, 0.011138738897
1,7,2,6, 0.015063729064
1,7,2,9,-0.014404716257
1,7,4,2, 0.012571216523
1,7,4,7, 0.019557382957
1,7,5,2, 0.011138738897
1,7,5,7, 0.059855883184
1,7,6,2, 0.015063729064
1,7,6,7, 0.043019076463
1,7,7,0, 0.013569503572
1,7,7,1, 0.026845580931
1,7,7,4, 0.019557382957
1,7,7,5, 0.059855883184
1,7,7,6, 0.043019076463
1,7,7,9,-0.007077189132
1,7,9,2,-0.014404716257
1,7,9,7,-0.007077189132
1,8,0,3, 0.023691986535
1,8,0,8, 0.013569503572
1,8,1,3, 0.019615962338
1,8,1,8, 0.026845580931
1,8,3,0, 0.023691986535
1,8,3,1, 0.019615962338
1,8,3,4, 0.012571216523
1,8,3,5, 0.011138738897
1,8,3,6, 0.015063729064
1,8,3,9,-0.014404716257
1,8,4,3, 0.012571216523
1,8,4,8, 0.019557382957
1,8,5,3, 0.011138738897
1,8,5,8, 0.059855883184
1,8,6,3, 0.015063729064
1,8,6,8, 0.043019076463
1,8,8,0, 0.013569503572
1,8,8,1, 0.026845580931
1,8,8,4, 0.019557382957
1,8,8,5, 0.059855883184
1,8,8,6, 0.043019076463
1,8,8,9,-0.007077189132
1,8,9,3,-0.014404716257
1,8,9,8,-0.007077189132
1,9,0,0,-0.164912640329
1,9,0,1,-0.099549588478
1,9,0,4,-0.039606491211
1,9,0,5,-0.051476918746
1,9,0,6,-0.067598978553
1,9,0,9, 0.073235276068
1,9,1,0,-0.099549588478
1,9,1,1,-0.105154990045
1,9,1,4,-0.028567306525
1,9,1,5,-0.057905389459
1,9,1,6,-0.079758311656
1,9,1,9, 0.053685364583
1,9,2,2,-0.150213628428
1,9,2,7,-0.031976757353
1,9,3,3,-0.150213628428
1,9,3,8,-0.031976757353
1,9,4,0,-0.039606491211
1,9,4,1,-0.028567306525
1,9,4,4,-0.166596150724
1,9,4,5,-0.069151858149
1,9,4,6,-0.046031105835
1,9,4,9, 0.100172524817
1,9,5,0,-0.051476918746
1,9,5,1,-0.057905389459
1,9,5,4,-0.069151858149
1,9,5,5,-0.120138702818
1,9,5,6,-0.075297109201
1,9,5,9, 0.066225440860
1,9,6,0,-0.067598978553
1,9,6,1,-0.079758311656
1,9,6,4,-0.046031105835
1,9,6,5,-0.075297109201
1,9,6,6,-0.086375496158
1,9,6,9, 0.048047141867
1,9,7,2,-0.031976757353
1,9,7,7,-0.111213908006
1,9,8,3,-0.031976757353
1,9,8,8,-0.111213908006
1,9,9,0, 0.073235276068
1,9,9,1, 0.053685364583
1,9,9,4, 0.100172524817
1,9,9,5, 0.066225440860
1,9,9,6, 0.048047141867
1,9,9,9,-0.126017534398
2,0,0,2, 0.152608082603
2,0,0,7, 0.019935032862
2,0,1,2, 0.101353944495
2,0,1,7, 0.023691986535
2,0,2,0, 0.152608082603
2,0,2,1, 0.101353944495
2,0,2,5, 0.027507729306
2,0,2,6, 0.059855883184
2,0,2,9,-0.040498621406
2,0,4,7, 0.023945453490
2,0,5,2, 0.027507729306
2,0,5,7, 0.033685313701
2,0,6,2, 0.059855883184
2,0,6,7, 0.029111798989
2,0,7,0, 0.019935032862
2,0,7,1, 0.023691986535
2,0,7,4, 0.023945453490
2,0,7,5, 0.033685313701
2,0,7,6, 0.029111798989
2,0,7,9,-0.020913771746
2,0,9,2,-0.040498621406
2,0,9,7,-0.020913771746
2,1,0,2, 0.101353944495
2,1,0,7, 0.015038743867
2,1,1,2, 0.072461555243
2,1,1,7, 0.019615962338
2,1,2,0, 0.101353944495
2,1,2,1, 0.072461555243
2,1,2,5, 0.019668173512
2,1,2,6, 0.043019076463
2,1,2,9,-0.028141965515
2,1,4,7, 0.018577888416
2,1,5,2, 0.019668173512
2,1,5,7, 0.029111798989
2,1,6,2, 0.043019076463
2,1,6,7, 0.024952754733
2,1,7,0, 0.015038743867
2,1,7,1, 0.019615962338
2,1,7,4, 0.018577888416
2,1,7,5, 0.029111798989
2,1,7,6, 0.024952754733
2,1,7,9,-0.016054545559
2,1,9,2,-0.028141965515
2,1,9,7,-0.016054545559
2,2,0,0, 0.775037038942
2,2,0,1, 0.462081934851
2,2,0,5, 0.173353349293
2,2,0,6, 0.282636828092
2,2,0,9,-0.239486124507
2,2,1,0, 0.462081934851
2,2,1,1, 0.491073083906
2,2,1,5, 0.204323061921
2,2,1,6, 0.340320844869
2,2,1,9,-0.150213628428
2,2,2,2, 0.785718708997
2,2,2,7, 0.111522608317
2,2,3,3, 0.689508254834
2,2,3,8, 0.102131742482
2,2,4,4, 0.689508254834
2,2,4,5, 0.197069308414
2,2,4,6, 0.111213908006
2,2,4,9,-0.283936141509
2,2,5,0, 0.173353349293
2,2,5,1, 0.204323061921
2,2,5,4, 0.197069308414
2,2,5,5, 0.422135243166
2,2,5,6, 0.283290532355
2,2,5,9,-0.098713694599
2,2,6,0, 0.282636828092
2,2,6,1, 0.340320844869
2,2,6,4, 0.111213908006
2,2,6,5, 0.283290532355
2,2,6,6, 0.371790164239
2,2,6,9,-0.087636691925
2,2,7,2, 0.111522608317
2,2,7,7, 0.410066253182
2,2,8,3, 0.102131742482
2,2,8,8, 0.398932980172
2,2,9,0,-0.239486124507
2,2,9,1,-0.150213628428
2,2,9,4,-0.283936141509
2,2,9,5,-0.098713694599
2,2,9,6,-0.087636691925
2,2,9,9, 0.455628210110
2,3,2,3, 0.048105227081
2,3,2,8, 0.004695432918
2,3,3,2, 0.048105227081
2,3,3,7, 0.004695432918
2,3,7,3, 0.004695432918
2,3,7,8, 0.005566636505
2,3,8,2, 0.004695432918
2,3,8,7, 0.005566636505
2,4,0,7, 0.010255897564
2,4,1,7, 0.012571216523
2,4,2,4, 0.048105227081
2,4,2,5, 0.010170445252
2,4,2,6, 0.007077189132
2,4,2,9,-0.016982618638
2,4,4,2, 0.048105227081
2,4,4,7, 0.015462773989
2,4,5,2, 0.010170445252
2,4,5,7, 0.020913771746
2,4,6,2, 0.007077189132
2,4,6,7, 0.016054545559
2,4,7,0, 0.010255897564
2,4,7,1, 0.012571216523
2,4,7,4, 0.015462773989
2,4,7,5, 0.020913771746
2,4,7,6, 0.016054545559
2,4,7,9,-0.014668934267
2,4,9,2,-0.016982618638
2,4,9,7,-0.014668934267
2,5,0,2, 0.027507729306
2,5,0,7, 0.007977081977
2,5,1,2, 0.019668173512
2,5,1,7, 0.011138738897
2,5,2,0, 0.027507729306
2,5,2,1, 0.019668173512
2,5,2,4, 0.010170445252
2,5,2,5, 0.008528565264
2,5,2,6, 0.013569503572
2,5,2,9,-0.012522799410
2,5,4,2, 0.010170445252
2,5,4,7, 0.011274643797
2,5,5,2, 0.008528565264
2,5,5,7, 0.019935032862
2,5,6,2, 0.013569503572
2,5,6,7, 0.015038743867
2,5,7,0, 0.007977081977
2,5,7,1, 0.011138738897
2,5,7,4, 0.011274643797
2,5,7,5, 0.019935032862
2,5,7,6, 0.015038743867
2,5,7,9,-0.010255897564
2,5,9,2,-0.012522799410
2,5,9,7,-0.010255897564
2,6,0,2, 0.059855883184
2,6,0,7, 0.011138738897
2,6,1,2, 0.043019076463
2,6,1,7, 0.015063729064
2,6,2,0, 0.059855883184
2,6,2,1, 0.043019076463
2,6,2,4, 0.007077189132
2,6,2,5, 0.013569503572
2,6,2,6, 0.026845580931
2,6,2,9,-0.019557382957
2,6,4,2, 0.007077189132
2,6,4,7, 0.014404716257
2,6,5,2, 0.013569503572
2,6,5,7, 0.023691986535
2,6,6,2, 0.026845580931
2,6,6,7, 0.019615962338
2,6,7,0, 0.011138738897
2,6,7,1, 0.015063729064
2,6,7,4, 0.014404716257
2,6,7,5, 0.023691986535
2,6,7,6, 0.019615962338
2,6,7,9,-0.012571216523
2,6,9,2,-0.019557382957
2,6,9,7,-0.012571216523
2,7,0,0, 0.112273051063
2,7,0,1, 0.070496393550
2,7,0,4, 0.023945453490
2,7,0,5, 0.036569382670
2,7,0,6, 0.048202169437
2,7,0,9,-0.048328625676
2,7,1,0, 0.070496393550
2,7,1,1, 0.080825122079
2,7,1,4, 0.018577888416
2,7,1,5, 0.048202169437
2,7,1,6, 0.065313526826
2,7,1,9,-0.031976757353
2,7,2,2, 0.111522608317
2,7,2,7, 0.024818865057
2,7,3,3, 0.102131742482
2,7,3,8, 0.021779820356
2,7,4,0, 0.023945453490
2,7,4,1, 0.018577888416
2,7,4,4, 0.112899083554
2,7,4,5, 0.048328625676
2,7,4,6, 0.031976757353
2,7,4,9,-0.065719209964
2,7,5,0, 0.036569382670
2,7,5,1, 0.048202169437
2,7,5,4, 0.048328625676
2,7,5,5, 0.112273051063
2,7,5,6, 0.070496393550
2,7,5,9,-0.023945453490
2,7,6,0, 0.048202169437
2,7,6,1, 0.065313526826
2,7,6,4, 0.031976757353
2,7,6,5, 0.070496393550
2,7,6,6, 0.080825122079
2,7,6,9,-0.018577888416
2,7,7,2, 0.024818865057
2,7,7,7, 0.111522608317
2,7,8,3, 0.021779820356
2,7,8,8, 0.102131742482
2,7,9,0,-0.048328625676
2,7,9,1,-0.031976757353
2,7,9,4,-0.065719209964
2,7,9,5,-0.023945453490
2,7,9,6,-0.018577888416
2,7,9,9, 0.112899083554
2,8,2,3, 0.004695432918
2,8,2,8, 0.001519522350
2,8,3,2, 0.004695432918
2,8,3,7, 0.001519522350
2,8,7,3, 0.001519522350
2,8,7,8, 0.004695432918
2,8,8,2, 0.001519522350
2,8,8,7, 0.004695432918
2,9,0,2,-0.040498621406
2,9,0,7,-0.011274643797
2,9,1,2,-0.028141965515
2,9,1,7,-0.014404716257
2,9,2,0,-0.040498621406
2,9,2,1,-0.028141965515
2,9,2,4,-0.016982618638
2,9,2,5,-0.012522799410
2,9,2,6,-0.019557382957
2,9,2,9, 0.019019328415
2,9,4,2,-0.016982618638
2,9,4,7,-0.015980283714
2,9,5,2,-0.012522799410
2,9,5,7,-0.023945453490
2,9,6,2,-0.019557382957
2,9,6,7,-0.018577888416
2,9,7,0,-0.011274643797
2,9,7,1,-0.014404716257
2,9,7,4,-0.015980283714
2,9,7,5,-0.023945453490
2,9,7,6,-0.018577888416
2,9,7,9, 0.015462773989
2,9,9,2, 0.019019328415
2,9,9,7, 0.015462773989
3,0,0,3, 0.152608082603
3,0,0,8, 0.019935032862
3,0,1,3, 0.101353944495
3,0,1,8, 0.023691986535
3,0,3,0, 0.152608082603
3,0,3,1, 0.101353944495
3,0,3,5, 0.027507729306
3,0,3,6, 0.059855883184
3,0,3,9,-0.040498621406
3,0,4,8, 0.023945453490
3,0,5,3, 0.027507729306
3,0,5,8, 0.033685313701
3,0,6,3, 0.059855883184
3,0,6,8, 0.029111798989
3,0,8,0, 0.019935032862
3,0,8,1, 0.023691986535
3,0,8,4, 0.023945453490
3,0,8,5, 0.033685313701
3,0,8,6, 0.029111798989
3,0,8,9,-0.020913771746
3,0,9,3,-0.040498621406
3,0,9,8,-0.020913771746
3,1,0,3, 0.101353944495
3,1,0,8, 0.015038743867
3,1,1,3, 0.072461555243
3,1,1,8, 0.019615962338
3,1,3,0, 0.101353944495
3,1,3,1, 0.072461555243
3,1,3,5, 0.019668173512
3,1,3,6, 0.043019076463
3,1,3,9,-0.028141965515
3,1,4,8, 0.018577888416
3,1,5,3, 0.019668173512
3,1,5,8, 0.029111798989
3,1,6,3, 0.043019076463
3,1,6,8, 0.024952754733
3,1,8,0, 0.015038743867
3,1,8,1, 0.019615962338
3,1,8,4, 0.018577888416
3,1,8,5, 0.029111798989
3,1,8,6, 0.024952754733
3,1,8,9,-0.016054545559
3,1,9,3,-0.028141965515
3,1,9,8,-0.016054545559
3,2,2,3, 0.048105227081
3,2,2,8, 0.004695432918
3,2,3,2, 0.048105227081
3,2,3,7, 0.004695432918
3,2,7,3, 0.004695432918
3,2,7,8, 0.005566636505
3,2,8,2, 0.004695432918
3,2,8,7, 0.005566636505
3,3,0,0, 0.775037038942
3,3,0,1, 0.462081934851
3,3,0,5, 0.173353349293
3,3,0,6, 0.282636828092
3,3,0,9,-0.239486124507
3,3,1,0, 0.462081934851
3,3,1,1, 0.491073083906
3,3,1,5, 0.204323061921
3,3,1,6, 0.340320844869
3,3,1,9,-0.150213628428
3,3,2,2, 0.689508254834
3,3,2,7, 0.102131742482
3,3,3,3, 0.785718708997
3,3,3,8, 0.111522608317
3,3,4,4, 0.689508254834
3,3,4,5, 0.197069308414
3,3,4,6, 0.111213908006
3,3,4,9,-0.283936141509
3,3,5,0, 0.173353349293
3,3,5,1, 0.204323061921
3,3,5,4, 0.197069308414
3,3,5,5, 0.422135243166
3,3,5,6, 0.283290532355
3,3,5,9,-0.098713694599
3,3,6,0, 0.282636828092
3,3,6,1, 0.340320844869
3,3,6,4, 0.111213908006
3,3,6,5, 0.283290532355
3,3,6,6, 0.371790164239
3,3,6,9,-0.087636691925
3,3,7,2, 0.102131742482
3,3,7,7, 0.398932980172
3,3,8,3, 0.111522608317
3,3,8,8, 0.410066253182
3,3,9,0,-0.239486124507
3,3,9,1,-0.150213628428
3,3,9,4,-0.283936141509
3,3,9,5,-0.098713694599
3,3,9,6,-0.087636691925
3,3,9,9, 0.455628210110
3,4,0,8, 0.010255897564
3,4,1,8, 0.012571216523
3,4,3,4, 0.048105227081
3,4,3,5, 0.010170445252
3,4,3,6, 0.007077189132
3,4,3,9,-0.016982618638
3,4,4,3, 0.048105227081
3,4,4,8, 0.015462773989
3,4,5,3, 0.010170445252
3,4,5,8, 0.020913771746
3,4,6,3, 0.007077189132
3,4,6,8, 0.016054545559
3,4,8,0, 0.010255897564
3,4,8,1, 0.012571216523
3,4,8,4, 0.015462773989
3,4,8,5, 0.020913771746
3,4,8,6, 0.016054545559
3,4,8,9,-0.014668934267
3,4,9,3,-0.016982618638
3,4,9,8,-0.014668934267
3,5,0,3, 0.027507729306
3,5,0,8, 0.007977081977
3,5,1,3, 0.019668173512
3,5,1,8, 0.011138738897
3,5,3,0, 0.027507729306
3,5,3,1, 0.019668173512
3,5,3,4, 0.010170445252
3,5,3,5, 0.008528565264
3,5,3,6, 0.013569503572
3,5,3,9,-0.012522799410
3,5,4,3, 0.010170445252
3,5,4,8, 0.011274643797
3,5,5,3, 0.008528565264
3,5,5,8, 0.019935032862
3,5,6,3, 0.013569503572
3,5,6,8, 0.015038743867
3,5,8,0, 0.007977081977
3,5,8,1, 0.011138738897
3,5,8,4, 0.011274643797
3,5,8,5, 0.019935032862
3,5,8,6, 0.015038743867
3,5,8,9,-0.010255897564
3,5,9,3,-0.012522799410
3,5,9,8,-0.010255897564
3,6,0,3, 0.059855883184
3,6,0,8, 0.011138738897
3,6,1,3, 0.043019076463
3,6,1,8, 0.015063729064
3,6,3,0, 0.059855883184
3,6,3,1, 0.043019076463
3,6,3,4, 0.007077189132
3,6,3,5, 0.013569503572
3,6,3,6, 0.026845580931
3,6,3,9,-0.019557382957
3,6,4,3, 0.007077189132
3,6,4,8, 0.014404716257
3,6,5,3, 0.013569503572
3,6,5,8, 0.023691986535
3,6,6,3, 0.026845580931
3,6,6,8, 0.019615962338
3,6,8,0, 0.011138738897
3,6,8,1, 0.015063729064
3,6,8,4, 0.014404716257
3,6,8,5, 0.023691986535
3,6,8,6, 0.019615962338
3,6,8,9,-0.012571216523
3,6,9,3,-0.019557382957
3,6,9,8,-0.012571216523
3,7,2,3, 0.004695432918
3,7,2,8, 0.001519522350
3,7,3,2, 0.004695432918
3,7,3,7, 0.001519522350
3,7,7,3, 0.001519522350
3,7,7,8, 0.004695432918
3,7,8,2, 0.001519522350
3,7,8,7, 0.004695432918
3,8,0,0, 0.112273051063
3,8,0,1, 0.070496393550
3,8,0,4, 0.023945453490
3,8,0,5, 0.036569382670
3,8,0,6, 0.048202169437
3,8,0,9,-0.048328625676
3,8,1,0, 0.070496393550
3,8,1,1, 0.080825122079
3,8,1,4, 0.018577888416
3,8,1,5, 0.048202169437
3,8,1,6, 0.065313526826
3,8,1,9,-0.031976757353
3,8,2,2, 0.102131742482
3,8,2,7, 0.021779820356
3,8,3,3, 0.111522608317
3,8,3,8, 0.024818865057
3,8,4,0, 0.023945453490
3,8,4,1, 0.018577888416
3,8,4,4, 0.112899083554
3,8,4,5, 0.048328625676
3,8,4,6, 0.031976757353
3,8,4,9,-0.065719209964
3,8,5,0, 0.036569382670
3,8,5,1, 0.048202169437
3,8,5,4, 0.048328625676
3,8,5,5, 0.112273051063
3,8,5,6, 0.070496393550
3,8,5,9,-0.023945453490
3,8,6,0, 0.048202169437
3,8,6,1, 0.065313526826
3,8,6,4, 0.031976757353
3,8,6,5, 0.070496393550
3,8,6,6, 0.080825122079
3,8,6,9,-0.018577888416
3,8,7,2, 0.021779820356
3,8,7,7, 0.102131742482
3,8,8,3, 0.024818865057
3,8,8,8, 0.111522608317
3,8,9,0,-0.048328625676
3,8,9,1,-0.031976757353
3,8,9,4,-0.065719209964
3,8,9,5,-0.023945453490
3,8,9,6,-0.018577888416
3,8,9,9, 0.112899083554
3,9,0,3,-0.040498621406
3,9,0,8,-0.011274643797
3,9,1,3,-0.028141965515
3,9,1,8,-0.014404716257
3,9,3,0,-0.040498621406
3,9,3,1,-0.028141965515
3,9,3,4,-0.016982618638
3,9,3,5,-0.012522799410
3,9,3,6,-0.019557382957
3,9,3,9, 0.019019328415
3,9,4,3,-0.016982618638
3,9,4,8,-0.015980283714
3,9,5,3,-0.012522799410
3,9,5,8,-0.023945453490
3,9,6,3,-0.019557382957
3,9,6,8,-0.018577888416
3,9,8,0,-0.011274643797
3,9,8,1,-0.014404716257
3,9,8,4,-0.015980283714
3,9,8,5,-0.023945453490
3,9,8,6,-0.018577888416
3,9,8,9, 0.015462773989
3,9,9,3, 0.019019328415
3,9,9,8, 0.015462773989
4,0,0,4, 0.152608082603
4,0,0,5, 0.038595774935
4,0,0,6, 0.021738181484
4,0,0,9,-0.058296310196
4,0,1,4, 0.101353944495
4,0,1,5, 0.046217800623
4,0,1,6, 0.030850711748
4,0,1,9,-0.039606491211
4,0,2,7, 0.023945453490
4,0,3,8, 0.023945453490
4,0,4,0, 0.152608082603
4,0,4,1, 0.101353944495
4,0,4,5, 0.064866584210
4,0,4,6, 0.066225440860
4,0,4,9,-0.094617043197
4,0,5,0, 0.038595774935
4,0,5,1, 0.046217800623
4,0,5,4, 0.064866584210
4,0,5,5, 0.114722451949
4,0,5,6, 0.066309010703
4,0,5,9,-0.044865620097
4,0,6,0, 0.021738181484
4,0,6,1, 0.030850711748
4,0,6,4, 0.066225440860
4,0,6,5, 0.066309010703
4,0,6,6, 0.054938264566
4,0,6,9,-0.031105525143
4,0,7,2, 0.023945453490
4,0,7,7, 0.098713694599
4,0,8,3, 0.023945453490
4,0,8,8, 0.098713694599
4,0,9,0,-0.058296310196
4,0,9,1,-0.039606491211
4,0,9,4,-0.094617043197
4,0,9,5,-0.044865620097
4,0,9,6,-0.031105525143
4,0,9,9, 0.129637235093
4,1,0,4, 0.101353944495
4,1,0,5, 0.028968829958
4,1,0,6, 0.016355007515
4,1,0,9,-0.040681891568
4,1,1,4, 0.072461555243
4,1,1,5, 0.038306418820
4,1,1,6, 0.026148855889
4,1,1,9,-0.028567306525
4,1,2,7, 0.018577888416
4,1,3,8, 0.018577888416
4,1,4,0, 0.101353944495
4,1,4,1, 0.072461555243
4,1,4,5, 0.048877205838
4,1,4,6, 0.048047141867
4,1,4,9,-0.067528506076
4,1,5,0, 0.028968829958
4,1,5,1, 0.038306418820
4,1,5,4, 0.048877205838
4,1,5,5, 0.099392218953
4,1,5,6, 0.056923993407
4,1,5,9,-0.031105525143
4,1,6,0, 0.016355007515
4,1,6,1, 0.026148855889
4,1,6,4, 0.048047141867
4,1,6,5, 0.056923993407
4,1,6,6, 0.047856237642
4,1,6,9,-0.020992991834
4,1,7,2, 0.018577888416
4,1,7,7, 0.087636691925
4,1,8,3, 0.018577888416
4,1,8,8, 0.087636691925
4,1,9,0,-0.040681891568
4,1,9,1,-0.028567306525
4,1,9,4,-0.067528506076
4,1,9,5,-0.031105525143
4,1,9,6,-0.020992991834
4,1,9,9, 0.102916701800
4,2,0,7, 0.010255897564
4,2,1,7, 0.012571216523
4,2,2,4, 0.048105227081
4,2,2,5, 0.010170445252
4,2,2,6, 0.007077189132
4,2,2,9,-0.016982618638
4,2,4,2, 0.048105227081
4,2,4,7, 0.015462773989
4,2,5,2, 0.010170445252
4,2,5,7, 0.020913771746
4,2,6,2, 0.007077189132
4,2,6,7, 0.016054545559
4,2,7,0, 0.010255897564
4,2,7,1, 0.012571216523
4,2,7,4, 0.015462773989
4,2,7,5, 0.020913771746
4,2,7,6, 0.016054545559
4,2,7,9,-0.014668934267
4,2,9,2,-0.016982618638
4,2,9,7,-0.014668934267
4,3,0,8, 0.010255897564
4,3,1,8, 0.012571216523
4,3,3,4, 0.048105227081
4,3,3,5, 0.010170445252
4,3,3,6, 0.007077189132
4,3,3,9,-0.016982618638
4,3,4,3, 0.048105227081
4,3,4,8, 0.015462773989
4,3,5,3, 0.010170445252
4,3,5,8, 0.020913771746
4,3,6,3, 0.007077189132
4,3,6,8, 0.016054545559
4,3,8,0, 0.010255897564
4,3,8,1, 0.012571216523
4,3,8,4, 0.015462773989
4,3,8,5, 0.020913771746
4,3,8,6, 0.016054545559
4,3,8,9,-0.014668934267
4,3,9,3,-0.016982618638
4,3,9,8,-0.014668934267
4,4,0,0, 0.775037038942
4,4,0,1, 0.462081934851
4,4,0,5, 0.189356610101
4,4,0,6, 0.285406494000
4,4,0,9,-0.262670352383
4,4,1,0, 0.462081934851
4,4,1,1, 0.491073083906
4,4,1,5, 0.225005738997
4,4,1,6, 0.344939898667
4,4,1,9,-0.166596150724
4,4,2,2, 0.689508254834
4,4,2,7, 0.112899083554
4,4,3,3, 0.689508254834
4,4,3,8, 0.112899083554
4,4,4,4, 0.785718708997
4,4,4,5, 0.232003357238
4,4,4,6, 0.126017534398
4,4,4,9,-0.334593829070
4,4,5,0, 0.189356610101
4,4,5,1, 0.225005738997
4,4,5,4, 0.232003357238
4,4,5,5, 0.492488179189
4,4,5,6, 0.316086353599
4,4,5,9,-0.129637235093
4,4,6,0, 0.285406494000
4,4,6,1, 0.344939898667
4,4,6,4, 0.126017534398
4,4,6,5, 0.316086353599
4,4,6,6, 0.386617996498
4,4,6,9,-0.102916701800
4,4,7,2, 0.112899083554
4,4,7,7, 0.455628210110
4,4,8,3, 0.112899083554
4,4,8,8, 0.455628210110
4,4,9,0,-0.262670352383
4,4,9,1,-0.166596150724
4,4,9,4,-0.334593829070
4,4,9,5,-0.129637235093
4,4,9,6,-0.102916701800
4,4,9,9, 0.531664007178
4,5,0,0, 0.215729756703
4,5,0,1, 0.135190278345
4,5,0,4, 0.064866584210
4,5,0,5, 0.080449082400
4,5,0,6, 0.096005503681
4,5,0,9,-0.105141942959
4,5,1,0, 0.135190278345
4,5,1,1, 0.154716329432
4,5,1,4, 0.048877205838
4,5,1,5, 0.107159901386
4,5,1,6, 0.130929566359
4,5,1,9,-0.069151858149
4,5,2,2, 0.197069308414
4,5,2,7, 0.048328625676
4,5,3,3, 0.197069308414
4,5,3,8, 0.048328625676
4,5,4,0, 0.064866584210
4,5,4,1, 0.048877205838
4,5,4,4, 0.232003357238
4,5,4,5, 0.112613784797
4,5,4,6, 0.073235276068
4,5,4,9,-0.150669871950
4,5,5,0, 0.080449082400
4,5,5,1, 0.107159901386
4,5,5,4, 0.112613784797
4,5,5,5, 0.270463576732
4,5,5,6, 0.159365958343
4,5,5,9,-0.058296310196
4,5,6,0, 0.096005503681
4,5,6,1, 0.130929566359
4,5,6,4, 0.073235276068
4,5,6,5, 0.159365958343
4,5,6,6, 0.167999821481
4,5,6,9,-0.040681891568
4,5,7,2, 0.048328625676
4,5,7,7, 0.239486124507
4,5,8,3, 0.048328625676
4,5,8,8, 0.239486124507
4,5,9,0,-0.105141942959
4,5,9,1,-0.069151858149
4,5,9,4,-0.150669871950
4,5,9,5,-0.058296310196
4,5,9,6,-0.040681891568
4,5,9,9, 0.262670352383
4,6,0,0, 0.120138702818
4,6,0,1, 0.075297109201
4,6,0,4, 0.066225440860
4,6,0,5, 0.051476918746
4,6,0,6, 0.057905389459
4,6,0,9,-0.069151858149
4,6,1,0, 0.075297109201
4,6,1,1, 0.086375496158
4,6,1,4, 0.048047141867
4,6,1,5, 0.067598978553
4,6,1,6, 0.079758311656
4,6,1,9,-0.046031105835
4,6,2,2, 0.111213908006
4,6,2,7, 0.031976757353
4,6,3,3, 0.111213908006
4,6,3,8, 0.031976757353
4,6,4,0, 0.066225440860
4,6,4,1, 0.048047141867
4,6,4,4, 0.126017534398
4,6,4,5, 0.073235276068
4,6,4,6, 0.053685364583
4,6,4,9,-0.100172524817
4,6,5,0, 0.051476918746
4,6,5,1, 0.067598978553
4,6,5,4, 0.073235276068
4,6,5,5, 0.164912640329
4,6,5,6, 0.099549588478
4,6,5,9,-0.039606491211
4,6,6,0, 0.057905389459
4,6,6,1, 0.079758311656
4,6,6,4, 0.053685364583
4,6,6,5, 0.099549588478
4,6,6,6, 0.105154990045
4,6,6,9,-0.028567306525
4,6,7,2, 0.031976757353
4,6,7,7, 0.150213628428
4,6,8,3, 0.031976757353
4,6,8,8, 0.150213628428
4,6,9,0,-0.069151858149
4,6,9,1,-0.046031105835
4,6,9,4,-0.100172524817
4,6,9,5,-0.039606491211
4,6,9,6,-0.028567306525
4,6,9,9, 0.166596150724
4,7,0,2, 0.023945453490
4,7,0,7, 0.012522799410
4,7,1,2, 0.018577888416
4,7,1,7, 0.019557382957
4,7,2,0, 0.023945453490
4,7,2,1, 0.018577888416
4,7,2,4, 0.015462773989
4,7,2,5, 0.011274643797
4,7,2,6, 0.014404716257
4,7,2,9,-0.015980283714
4,7,4,2, 0.015462773989
4,7,4,7, 0.019019328415
4,7,5,2, 0.011274643797
4,7,5,7, 0.040498621406
4,7,6,2, 0.014404716257
4,7,6,7, 0.028141965515
4,7,7,0, 0.012522799410
4,7,7,1, 0.019557382957
4,7,7,4, 0.019019328415
4,7,7,5, 0.040498621406
4,7,7,6, 0.028141965515
4,7,7,9,-0.016982618638
4,7,9,2,-0.015980283714
4,7,9,7,-0.016982618638
4,8,0,3, 0.023945453490
4,8,0,8, 0.012522799410
4,8,1,3, 0.018577888416
4,8,1,8, 0.019557382957
4,8,3,0, 0.023945453490
4,8,3,1, 0.018577888416
4,8,3,4, 0.015462773989
4,8,3,5, 0.011274643797
4,8,3,6, 0.014404716257
4,8,3,9,-0.015980283714
4,8,4,3, 0.015462773989
4,8,4,8, 0.019019328415
4,8,5,3, 0.011274643797
4,8,5,8, 0.040498621406
4,8,6,3, 0.014404716257
4,8,6,8, 0.028141965515
4,8,8,0, 0.012522799410
4,8,8,1, 0.019557382957
4,8,8,4, 0.019019328415
4,8,8,5, 0.040498621406
4,8,8,6, 0.028141965515
4,8,8,9,-0.016982618638
4,8,9,3,-0.015980283714
4,8,9,8,-0.016982618638
4,9,0,0,-0.316326342205
4,9,0,1,-0.192826259045
4,9,0,4,-0.094617043197
4,9,0,5,-0.109233489774
4,9,0,6,-0.134775053321
4,9,0,9, 0.150669871950
4,9,1,0,-0.192826259045
4,9,1,1,-0.210427233492
4,9,1,4,-0.067528506076
4,9,1,5,-0.134775053321
4,9,1,6,-0.171697054607
4,9,1,9, 0.100172524817
4,9,2,2,-0.283936141509
4,9,2,7,-0.065719209964
4,9,3,3,-0.283936141509
4,9,3,8,-0.065719209964
4,9,4,0,-0.094617043197
4,9,4,1,-0.067528506076
4,9,4,4,-0.334593829070
4,9,4,5,-0.150669871950
4,9,4,6,-0.100172524817
4,9,4,9, 0.212591238131
4,9,5,0,-0.109233489774
4,9,5,1,-0.134775053321
4,9,5,4,-0.150669871950
4,9,5,5,-0.316326342205
4,9,5,6,-0.192826259045
4,9,5,9, 0.094617043197
4,9,6,0,-0.134775053321
4,9,6,1,-0.171697054607
4,9,6,4,-0.100172524817
4,9,6,5,-0.192826259045
4,9,6,6,-0.210427233492
4,9,6,9, 0.067528506076
4,9,7,2,-0.065719209964
4,9,7,7,-0.283936141509
4,9,8,3,-0.065719209964
4,9,8,8,-0.283936141509
4,9,9,0, 0.150669871950
4,9,9,1, 0.100172524817
4,9,9,4, 0.212591238131
4,9,9,5, 0.094617043197
4,9,9,6, 0.067528506076
4,9,9,9,-0.334593829070
5,0,0,0, 0.191422723130
5,0,0,1, 0.116149624739
5,0,0,4, 0.038595774935
5,0,0,5, 0.060685296322
5,0,0,6, 0.078872275407
5,0,0,9,-0.080449082400
5,0,1,0, 0.116149624739
5,0,1,1, 0.128844788875
5,0,1,4, 0.028968829958
5,0,1,5, 0.078872275407
5,0,1,6, 0.103762733302
5,0,1,9,-0.051476918746
5,0,2,2, 0.173353349293
5,0,2,7, 0.036569382670
5,0,3,3, 0.173353349293
5,0,3,8, 0.036569382670
5,0,4,0, 0.038595774935
5,0,4,1, 0.028968829958
5,0,4,4, 0.189356610101
5,0,4,5, 0.080449082400
5,0,4,6, 0.051476918746
5,0,4,9,-0.109233489774
5,0,5,0, 0.060685296322
5,0,5,1, 0.078872275407
5,0,5,4, 0.080449082400
5,0,5,5, 0.191422723130
5,0,5,6, 0.116149624739
5,0,5,9,-0.038595774935
5,0,6,0, 0.078872275407
5,0,6,1, 0.103762733302
5,0,6,4, 0.051476918746
5,0,6,5, 0.116149624739
5,0,6,6, 0.128844788875
5,0,6,9,-0.028968829958
5,0,7,2, 0.036569382670
5,0,7,7, 0.173353349293
5,0,8,3, 0.036569382670
5,0,8,8, 0.173353349293
5,0,9,0,-0.080449082400
5,0,9,1,-0.051476918746
5,0,9,4,-0.109233489774
5,0,9,5,-0.038595774935
5,0,9,6,-0.028968829958
5,0,9,9, 0.189356610101
5,1,0,0, 0.216234111216
5,1,0,1, 0.139620417473
5,1,0,4, 0.046217800623
5,1,0,5, 0.078872275407
5,1,0,6, 0.097656642622
5,1,0,9,-0.096005503681
5,1,1,0, 0.139620417473
5,1,1,1, 0.171703019772
5,1,1,4, 0.038306418820
5,1,1,5, 0.117271038045
5,1,1,6, 0.148087327833
5,1,1,9,-0.057905389459
5,1,2,2, 0.204323061921
5,1,2,7, 0.048202169437
5,1,3,3, 0.204323061921
5,1,3,8, 0.048202169437
5,1,4,0, 0.046217800623
5,1,4,1, 0.038306418820
5,1,4,4, 0.225005738997
5,1,4,5, 0.107159901386
5,1,4,6, 0.067598978553
5,1,4,9,-0.134775053321
5,1,5,0, 0.078872275407
5,1,5,1, 0.117271038045
5,1,5,4, 0.107159901386
5,1,5,5, 0.307992024887
5,1,5,6, 0.184280424899
5,1,5,9,-0.021738181484
5,1,6,0, 0.097656642622
5,1,6,1, 0.148087327833
5,1,6,4, 0.067598978553
5,1,6,5, 0.184280424899
5,1,6,6, 0.201029389032
5,1,6,9,-0.016355007515
5,1,7,2, 0.048202169437
5,1,7,7, 0.282636828092
5,1,8,3, 0.048202169437
5,1,8,8, 0.282636828092
5,1,9,0,-0.096005503681
5,1,9,1,-0.057905389459
5,1,9,4,-0.134775053321
5,1,9,5,-0.021738181484
5,1,9,6,-0.016355007515
5,1,9,9, 0.285406494000
5,2,0,2, 0.027507729306
5,2,0,7, 0.007977081977
5,2,1,2, 0.019668173512
5,2,1,7, 0.011138738897
5,2,2,0, 0.027507729306
5,2,2,1, 0.019668173512
5,2,2,4, 0.010170445252
5,2,2,5, 0.008528565264
5,2,2,6, 0.013569503572
5,2,2,9,-0.012522799410
5,2,4,2, 0.010170445252
5,2,4,7, 0.011274643797
5,2,5,2, 0.008528565264
5,2,5,7, 0.019935032862
5,2,6,2, 0.013569503572
5,2,6,7, 0.015038743867
5,2,7,0, 0.007977081977
5,2,7,1, 0.011138738897
5,2,7,4, 0.011274643797
5,2,7,5, 0.019935032862
5,2,7,6, 0.015038743867
5,2,7,9,-0.010255897564
5,2,9,2,-0.012522799410
5,2,9,7,-0.010255897564
5,3,0,3, 0.027507729306
5,3,0,8, 0.007977081977
5,3,1,3, 0.019668173512
5,3,1,8, 0.011138738897
5,3,3,0, 0.027507729306
5,3,3,1, 0.019668173512
5,3,3,4, 0.010170445252
5,3,3,5, 0.008528565264
5,3,3,6, 0.013569503572
5,3,3,9,-0.012522799410
5,3,4,3, 0.010170445252
5,3,4,8, 0.011274643797
5,3,5,3, 0.008528565264
5,3,5,8, 0.019935032862
5,3,6,3, 0.013569503572
5,3,6,8, 0.015038743867
5,3,8,0, 0.007977081977
5,3,8,1, 0.011138738897
5,3,8,4, 0.011274643797
5,3,8,5, 0.019935032862
5,3,8,6, 0.015038743867
5,3,8,9,-0.010255897564
5,3,9,3,-0.012522799410
5,3,9,8,-0.010255897564
5,4,0,0, 0.215729756703
5,4,0,1, 0.135190278345
5,4,0,4, 0.064866584210
5,4,0,5, 0.080449082400
5,4,0,6, 0.096005503681
5,4,0,9,-0.105141942959
5,4,1,0, 0.135190278345
5,4,1,1, 0.154716329432
5,4,1,4, 0.048877205838
5,4,1,5, 0.107159901386
5,4,1,6, 0.130929566359
5,4,1,9,-0.069151858149
5,4,2,2, 0.197069308414
5,4,2,7, 0.048328625676
5,4,3,3, 0.197069308414
5,4,3,8, 0.048328625676
5,4,4,0, 0.064866584210
5,4,4,1, 0.048877205838
5,4,4,4, 0.232003357238
5,4,4,5, 0.112613784797
5,4,4,6, 0.073235276068
5,4,4,9,-0.150669871950
5,4,5,0, 0.080449082400
5,4,5,1, 0.107159901386
5,4,5,4, 0.112613784797
5,4,5,5, 0.270463576732
5,4,5,6, 0.159365958343
5,4,5,9,-0.058296310196
5,4,6,0, 0.096005503681
5,4,6,1, 0.130929566359
5,4,6,4, 0.073235276068
5,4,6,5, 0.159365958343
5,4,6,6, 0.167999821481
5,4,6,9,-0.040681891568
5,4,7,2, 0.048328625676
5,4,7,7, 0.239486124507
5,4,8,3, 0.048328625676
5,4,8,8, 0.239486124507
5,4,9,0,-0.105141942959
5,4,9,1,-0.069151858149
5,4,9,4,-0.150669871950
5,4,9,5,-0.058296310196
5,4,9,6,-0.040681891568
5,4,9,9, 0.262670352383
5,5,0,0, 0.448272037391
5,5,0,1, 0.297681022584
5,5,0,4, 0.114722451949
5,5,0,5, 0.191422723130
5,5,0,6, 0.216234111216
5,5,0,9,-0.215729756703
5,5,1,0, 0.297681022584
5,5,1,1, 0.382448008837
5,5,1,4, 0.099392218953
5,5,1,5, 0.307992024887
5,5,1,6, 0.351247094805
5,5,1,9,-0.120138702818
5,5,2,2, 0.422135243166
5,5,2,7, 0.112273051063
5,5,3,3, 0.422135243166
5,5,3,8, 0.112273051063
5,5,4,0, 0.114722451949
5,5,4,1, 0.099392218953
5,5,4,4, 0.492488179189
5,5,4,5, 0.270463576732
5,5,4,6, 0.164912640329
5,5,4,9,-0.316326342205
5,5,5,0, 0.191422723130
5,5,5,1, 0.307992024887
5,5,5,4, 0.270463576732
5,5,5,5, 0.897251802255
5,5,5,6, 0.504699283325
5,5,6,0, 0.216234111216
5,5,6,1, 0.351247094805
5,5,6,4, 0.164912640329
5,5,6,5, 0.504699283325
5,5,6,6, 0.507364877272
5,5,7,2, 0.112273051063
5,5,7,7, 0.775037038942
5,5,8,3, 0.112273051063
5,5,8,8, 0.775037038942
5,5,9,0,-0.215729756703
5,5,9,1,-0.120138702818
5,5,9,4,-0.316326342205
5,5,9,9, 0.775037038942
5,6,0,0, 0.297681022584
5,6,0,1, 0.196437292052
5,6,0,4, 0.066309010703
5,6,0,5, 0.116149624739
5,6,0,6, 0.139620417473
5,6,0,9,-0.135190278345
5,6,1,0, 0.196437292052
5,6,1,1, 0.252340746926
5,6,1,4, 0.056923993407
5,6,1,5, 0.184280424899
5,6,1,6, 0.226530034365
5,6,1,9,-0.075297109201
5,6,2,2, 0.283290532355
5,6,2,7, 0.070496393550
5,6,3,3, 0.283290532355
5,6,3,8, 0.070496393550
5,6,4,0, 0.066309010703
5,6,4,1, 0.056923993407
5,6,4,4, 0.316086353599
5,6,4,5, 0.159365958343
5,6,4,6, 0.099549588478
5,6,4,9,-0.192826259045
5,6,5,0, 0.116149624739
5,6,5,1, 0.184280424899
5,6,5,4, 0.159365958343
5,6,5,5, 0.504699283325
5,6,5,6, 0.300015949963
5,6,6,0, 0.139620417473
5,6,6,1, 0.226530034365
5,6,6,4, 0.099549588478
5,6,6,5, 0.300015949963
5,6,6,6, 0.324022459289
5,6,7,2, 0.070496393550
5,6,7,7, 0.462081934851
5,6,8,3, 0.070496393550
5,6,8,8, 0.462081934851
5,6,9,0,-0.135190278345
5,6,9,1,-0.075297109201
5,6,9,4,-0.192826259045
5,6,9,9, 0.462081934851
5,7,0,2, 0.033685313701
5,7,0,7, 0.027507729306
5,7,1,2, 0.029111798989
5,7,1,7, 0.059855883184
5,7,2,0, 0.033685313701
5,7,2,1, 0.029111798989
5,7,2,4, 0.020913771746
5,7,2,5, 0.019935032862
5,7,2,6, 0.023691986535
5,7,2,9,-0.023945453490
5,7,4,2, 0.020913771746
5,7,4,7, 0.040498621406
5,7,5,2, 0.019935032862
5,7,5,7, 0.152608082603
5,7,6,2, 0.023691986535
5,7,6,7, 0.101353944495
5,7,7,0, 0.027507729306
5,7,7,1, 0.059855883184
5,7,7,4, 0.040498621406
5,7,7,5, 0.152608082603
5,7,7,6, 0.101353944495
5,7,9,2,-0.023945453490
5,8,0,3, 0.033685313701
5,8,0,8, 0.027507729306
5,8,1,3, 0.029111798989
5,8,1,8, 0.059855883184
5,8,3,0, 0.033685313701
5,8,3,1, 0.029111798989
5,8,3,4, 0.020913771746
5,8,3,5, 0.019935032862
5,8,3,6, 0.023691986535
5,8,3,9,-0.023945453490
5,8,4,3, 0.020913771746
5,8,4,8, 0.040498621406
5,8,5,3, 0.019935032862
5,8,5,8, 0.152608082603
5,8,6,3, 0.023691986535
5,8,6,8, 0.101353944495
5,8,8,0, 0.027507729306
5,8,8,1, 0.059855883184
5,8,8,4, 0.040498621406
5,8,8,5, 0.152608082603
5,8,8,6, 0.101353944495
5,8,9,3,-0.023945453490
5,9,0,0,-0.114722451949
5,9,0,1,-0.066309010703
5,9,0,4,-0.044865620097
5,9,0,5,-0.038595774935
5,9,0,6,-0.046217800623
5,9,0,9, 0.064866584210
5,9,1,0,-0.066309010703
5,9,1,1,-0.054938264566
5,9,1,4,-0.031105525143
5,9,1,5,-0.021738181484
5,9,1,6,-0.030850711748
5,9,1,9, 0.066225440860
5,9,2,2,-0.098713694599
5,9,2,7,-0.023945453490
5,9,3,3,-0.098713694599
5,9,3,8,-0.023945453490
5,9,4,0,-0.044865620097
5,9,4,1,-0.031105525143
5,9,4,4,-0.129637235093
5,9,4,5,-0.058296310196
5,9,4,6,-0.039606491211
5,9,4,9, 0.094617043197
5,9,5,0,-0.038595774935
5,9,5,1,-0.021738181484
5,9,5,4,-0.058296310196
5,9,5,9, 0.152608082603
5,9,6,0,-0.046217800623
5,9,6,1,-0.030850711748
5,9,6,4,-0.039606491211
5,9,6,9, 0.101353944495
5,9,7,2,-0.023945453490
5,9,8,3,-0.023945453490
5,9,9,0, 0.064866584210
5,9,9,1, 0.066225440860
5,9,9,4, 0.094617043197
5,9,9,5, 0.152608082603
5,9,9,6, 0.101353944495
6,0,0,0, 0.307992024887
6,0,0,1, 0.184280424899
6,0,0,4, 0.021738181484
6,0,0,5, 0.078872275407
6,0,0,6, 0.117271038045
6,0,0,9,-0.107159901386
6,0,1,0, 0.184280424899
6,0,1,1, 0.201029389032
6,0,1,4, 0.016355007515
6,0,1,5, 0.097656642622
6,0,1,6, 0.148087327833
6,0,1,9,-0.067598978553
6,0,2,2, 0.282636828092
6,0,2,7, 0.048202169437
6,0,3,3, 0.282636828092
6,0,3,8, 0.048202169437
6,0,4,0, 0.021738181484
6,0,4,1, 0.016355007515
6,0,4,4, 0.285406494000
6,0,4,5, 0.096005503681
6,0,4,6, 0.057905389459
6,0,4,9,-0.134775053321
6,0,5,0, 0.078872275407
6,0,5,1, 0.097656642622
6,0,5,4, 0.096005503681
6,0,5,5, 0.216234111216
6,0,5,6, 0.139620417473
6,0,5,9,-0.046217800623
6,0,6,0, 0.117271038045
6,0,6,1, 0.148087327833
6,0,6,4, 0.057905389459
6,0,6,5, 0.139620417473
6,0,6,6, 0.171703019772
6,0,6,9,-0.038306418820
6,0,7,2, 0.048202169437
6,0,7,7, 0.204323061921
6,0,8,3, 0.048202169437
6,0,8,8, 0.204323061921
6,0,9,0,-0.107159901386
6,0,9,1,-0.067598978553
6,0,9,4,-0.134775053321
6,0,9,5,-0.046217800623
6,0,9,6,-0.038306418820
6,0,9,9, 0.225005738997
6,1,0,0, 0.351247094805
6,1,0,1, 0.226530034365
6,1,0,4, 0.030850711748
6,1,0,5, 0.103762733302
6,1,0,6, 0.148087327833
6,1,0,9,-0.130929566359
6,1,1,0, 0.226530034365
6,1,1,1, 0.281289108404
6,1,1,4, 0.026148855889
6,1,1,5, 0.148087327833
6,1,1,6, 0.220716174864
6,1,1,9,-0.079758311656
6,1,2,2, 0.340320844869
6,1,2,7, 0.065313526826
6,1,3,3, 0.340320844869
6,1,3,8, 0.065313526826
6,1,4,0, 0.030850711748
6,1,4,1, 0.026148855889
6,1,4,4, 0.344939898667
6,1,4,5, 0.130929566359
6,1,4,6, 0.079758311656
6,1,4,9,-0.171697054607
6,1,5,0, 0.103762733302
6,1,5,1, 0.148087327833
6,1,5,4, 0.130929566359
6,1,5,5, 0.351247094805
6,1,5,6, 0.226530034365
6,1,5,9,-0.030850711748
6,1,6,0, 0.148087327833
6,1,6,1, 0.220716174864
6,1,6,4, 0.079758311656
6,1,6,5, 0.226530034365
6,1,6,6, 0.281289108404
6,1,6,9,-0.026148855889
6,1,7,2, 0.065313526826
6,1,7,7, 0.340320844869
6,1,8,3, 0.065313526826
6,1,8,8, 0.340320844869
6,1,9,0,-0.130929566359
6,1,9,1,-0.079758311656
6,1,9,4,-0.171697054607
6,1,9,5,-0.030850711748
6,1,9,6,-0.026148855889
6,1,9,9, 0.344939898667
6,2,0,2, 0.059855883184
6,2,0,7, 0.011138738897
6,2,1,2, 0.043019076463
6,2,1,7, 0.015063729064
6,2,2,0, 0.059855883184
6,2,2,1, 0.043019076463
6,2,2,4, 0.007077189132
6,2,2,5, 0.013569503572
6,2,2,6, 0.026845580931
6,2,2,9,-0.019557382957
6,2,4,2, 0.007077189132
6,2,4,7, 0.014404716257
6,2,5,2, 0.013569503572
6,2,5,7, 0.023691986535
6,2,6,2, 0.026845580931
6,2,6,7, 0.019615962338
6,2,7,0, 0.011138738897
6,2,7,1, 0.015063729064
6,2,7,4, 0.014404716257
6,2,7,5, 0.023691986535
6,2,7,6, 0.019615962338
6,2,7,9,-0.012571216523
6,2,9,2,-0.019557382957
6,2,9,7,-0.012571216523
6,3,0,3, 0.059855883184
6,3,0,8, 0.011138738897
6,3,1,3, 0.043019076463
6,3,1,8, 0.015063729064
6,3,3,0, 0.059855883184
6,3,3,1, 0.043019076463
6,3,3,4, 0.007077189132
6,3,3,5, 0.013569503572
6,3,3,6, 0.026845580931
6,3,3,9,-0.019557382957
6,3,4,3, 0.007077189132
6,3,4,8, 0.014404716257
6,3,5,3, 0.013569503572
6,3,5,8, 0.023691986535
6,3,6,3, 0.026845580931
6,3,6,8, 0.019615962338
6,3,8,0, 0.011138738897
6,3,8,1, 0.015063729064
6,3,8,4, 0.014404716257
6,3,8,5, 0.023691986535
6,3,8,6, 0.019615962338
6,3,8,9,-0.012571216523
6,3,9,3,-0.019557382957
6,3,9,8,-0.012571216523
6,4,0,0, 0.120138702818
6,4,0,1, 0.075297109201
6,4,0,4, 0.066225440860
6,4,0,5, 0.051476918746
6,4,0,6, 0.057905389459
6,4,0,9,-0.069151858149
6,4,1,0, 0.075297109201
6,4,1,1, 0.086375496158
6,4,1,4, 0.048047141867
6,4,1,5, 0.067598978553
6,4,1,6, 0.079758311656
6,4,1,9,-0.046031105835
6,4,2,2, 0.111213908006
6,4,2,7, 0.031976757353
6,4,3,3, 0.111213908006
6,4,3,8, 0.031976757353
6,4,4,0, 0.066225440860
6,4,4,1, 0.048047141867
6,4,4,4, 0.126017534398
6,4,4,5, 0.073235276068
6,4,4,6, 0.053685364583
6,4,4,9,-0.100172524817
6,4,5,0, 0.051476918746
6,4,5,1, 0.067598978553
6,4,5,4, 0.073235276068
6,4,5,5, 0.164912640329
6,4,5,6, 0.099549588478
6,4,5,9,-0.039606491211
6,4,6,0, 0.057905389459
6,4,6,1, 0.079758311656
6,4,6,4, 0.053685364583
6,4,6,5, 0.099549588478
6,4,6,6, 0.105154990045
6,4,6,9,-0.028567306525
6,4,7,2, 0.031976757353
6,4,7,7, 0.150213628428
6,4,8,3, 0.031976757353
6,4,8,8, 0.150213628428
6,4,9,0,-0.069151858149
6,4,9,1,-0.046031105835
6,4,9,4,-0.100172524817
6,4,9,5,-0.039606491211
6,4,9,6,-0.028567306525
6,4,9,9, 0.166596150724
6,5,0,0, 0.297681022584
6,5,0,1, 0.196437292052
6,5,0,4, 0.066309010703
6,5,0,5, 0.116149624739
6,5,0,6, 0.139620417473
6,5,0,9,-0.135190278345
6,5,1,0, 0.196437292052
6,5,1,1, 0.252340746926
6,5,1,4, 0.056923993407
6,5,1,5, 0.184280424899
6,5,1,6, 0.226530034365
6,5,1,9,-0.075297109201
6,5,2,2, 0.283290532355
6,5,2,7, 0.070496393550
6,5,3,3, 0.283290532355
6,5,3,8, 0.070496393550
6,5,4,0, 0.066309010703
6,5,4,1, 0.056923993407
6,5,4,4, 0.316086353599
6,5,4,5, 0.159365958343
6,5,4,6, 0.099549588478
6,5,4,9,-0.192826259045
6,5,5,0, 0.116149624739
6,5,5,1, 0.184280424899
6,5,5,4, 0.159365958343
6,5,5,5, 0.504699283325
6,5,5,6, 0.300015949963
6,5,6,0, 0.139620417473
6,5,6,1, 0.226530034365
6,5,6,4, 0.099549588478
6,5,6,5, 0.300015949963
6,5,6,6, 0.324022459289
6,5,7,2, 0.070496393550
6,5,7,7, 0.462081934851
6,5,8,3, 0.070496393550
6,5,8,8, 0.462081934851
6,5,9,0,-0.135190278345
6,5,9,1,-0.075297109201
6,5,9,4,-0.192826259045
6,5,9,9, 0.462081934851
6,6,0,0, 0.382448008837
6,6,0,1, 0.252340746926
6,6,0,4, 0.054938264566
6,6,0,5, 0.128844788875
6,6,0,6, 0.171703019772
6,6,0,9,-0.154716329432
6,6,1,0, 0.252340746926
6,6,1,1, 0.329563532148
6,6,1,4, 0.047856237642
6,6,1,5, 0.201029389032
6,6,1,6, 0.281289108404
6,6,1,9,-0.086375496158
6,6,2,2, 0.371790164239
6,6,2,7, 0.080825122079
6,6,3,3, 0.371790164239
6,6,3,8, 0.080825122079
6,6,4,0, 0.054938264566
6,6,4,1, 0.047856237642
6,6,4,4, 0.386617996498
6,6,4,5, 0.167999821481
6,6,4,6, 0.105154990045
6,6,4,9,-0.210427233492
6,6,5,0, 0.128844788875
6,6,5,1, 0.201029389032
6,6,5,4, 0.167999821481
6,6,5,5, 0.507364877272
6,6,5,6, 0.324022459289
6,6,6,0, 0.171703019772
6,6,6,1, 0.281289108404
6,6,6,4, 0.105154990045
6,6,6,5, 0.324022459289
6,6,6,6, 0.394125899248
6,6,7,2, 0.080825122079
6,6,7,7, 0.491073083906
6,6,8,3, 0.080825122079
6,6,8,8, 0.491073083906
6,6,9,0,-0.154716329432
6,6,9,1,-0.086375496158
6,6,9,4,-0.210427233492
6,6,9,9, 0.491073083906
6,7,0,2, 0.029111798989
6,7,0,7, 0.019668173512
6,7,1,2, 0.024952754733
6,7,1,7, 0.043019076463
6,7,2,0, 0.029111798989
6,7,2,1, 0.024952754733
6,7,2,4, 0.016054545559
6,7,2,5, 0.015038743867
6,7,2,6, 0.019615962338
6,7,2,9,-0.018577888416
6,7,4,2, 0.016054545559
6,7,4,7, 0.028141965515
6,7,5,2, 0.015038743867
6,7,5,7, 0.101353944495
6,7,6,2, 0.019615962338
6,7,6,7, 0.072461555243
6,7,7,0, 0.019668173512
6,7,7,1, 0.043019076463
6,7,7,4, 0.028141965515
6,7,7,5, 0.101353944495
6,7,7,6, 0.072461555243
6,7,9,2,-0.018577888416
6,8,0,3, 0.029111798989
6,8,0,8, 0.019668173512
6,8,1,3, 0.024952754733
6,8,1,8, 0.043019076463
6,8,3,0, 0.029111798989
6,8,3,1, 0.024952754733
6,8,3,4, 0.016054545559
6,8,3,5, 0.015038743867
6,8,3,6, 0.019615962338
6,8,3,9,-0.018577888416
6,8,4,3, 0.016054545559
6,8,4,8, 0.028141965515
6,8,5,3, 0.015038743867
6,8,5,8, 0.101353944495
6,8,6,3, 0.019615962338
6,8,6,8, 0.072461555243
6,8,8,0, 0.019668173512
6,8,8,1, 0.043019076463
6,8,8,4, 0.028141965515
6,8,8,5, 0.101353944495
6,8,8,6, 0.072461555243
6,8,9,3,-0.018577888416
6,9,0,0,-0.099392218953
6,9,0,1,-0.056923993407
6,9,0,4,-0.031105525143
6,9,0,5,-0.028968829958
6,9,0,6,-0.038306418820
6,9,0,9, 0.048877205838
6,9,1,0,-0.056923993407
6,9,1,1,-0.047856237642
6,9,1,4,-0.020992991834
6,9,1,5,-0.016355007515
6,9,1,6,-0.026148855889
6,9,1,9, 0.048047141867
6,9,2,2,-0.087636691925
6,9,2,7,-0.018577888416
6,9,3,3,-0.087636691925
6,9,3,8,-0.018577888416
6,9,4,0,-0.031105525143
6,9,4,1,-0.020992991834
6,9,4,4,-0.102916701800
6,9,4,5,-0.040681891568
6,9,4,6,-0.028567306525
6,9,4,9, 0.067528506076
6,9,5,0,-0.028968829958
6,9,5,1,-0.016355007515
6,9,5,4,-0.040681891568
6,9,5,9, 0.101353944495
6,9,6,0,-0.038306418820
6,9,6,1,-0.026148855889
6,9,6,4,-0.028567306525
6,9,6,9, 0.072461555243
6,9,7,2,-0.018577888416
6,9,8,3,-0.018577888416
6,9,9,0, 0.048877205838
6,9,9,1, 0.048047141867
6,9,9,4, 0.067528506076
6,9,9,5, 0.101353944495
6,9,9,6, 0.072461555243
7,0,0,2, 0.019935032862
7,0,0,7, 0.008528565264
7,0,1,2, 0.015038743867
7,0,1,7, 0.013569503572
7,0,2,0, 0.019935032862
7,0,2,1, 0.015038743867
7,0,2,4, 0.010255897564
7,0,2,5, 0.007977081977
7,0,2,6, 0.011138738897
7,0,2,9,-0.011274643797
7,0,4,2, 0.010255897564
7,0,4,7, 0.012522799410
7,0,5,2, 0.007977081977
7,0,5,7, 0.027507729306
7,0,6,2, 0.011138738897
7,0,6,7, 0.019668173512
7,0,7,0, 0.008528565264
7,0,7,1, 0.013569503572
7,0,7,4, 0.012522799410
7,0,7,5, 0.027507729306
7,0,7,6, 0.019668173512
7,0,7,9,-0.010170445252
7,0,9,2,-0.011274643797
7,0,9,7,-0.010170445252
7,1,0,2, 0.023691986535
7,1,0,7, 0.013569503572
7,1,1,2, 0.019615962338
7,1,1,7, 0.026845580931
7,1,2,0, 0.023691986535
7,1,2,1, 0.019615962338
7,1,2,4, 0.012571216523
7,1,2,5, 0.011138738897
7,1,2,6, 0.015063729064
7,1,2,9,-0.014404716257
7,1,4,2, 0.012571216523
7,1,4,7, 0.019557382957
7,1,5,2, 0.011138738897
7,1,5,7, 0.059855883184
7,1,6,2, 0.015063729064
7,1,6,7, 0.043019076463
7,1,7,0, 0.013569503572
7,1,7,1, 0.026845580931
7,1,7,4, 0.019557382957
7,1,7,5, 0.059855883184
7,1,7,6, 0.043019076463
7,1,7,9,-0.007077189132
7,1,9,2,-0.014404716257
7,1,9,7,-0.007077189132
7,2,0,0, 0.112273051063
7,2,0,1, 0.070496393550
7,2,0,4, 0.023945453490
7,2,0,5, 0.036569382670
7,2,0,6, 0.048202169437
7,2,0,9,-0.048328625676
7,2,1,0, 0.070496393550
7,2,1,1, 0.080825122079
7,2,1,4, 0.018577888416
7,2,1,5, 0.048202169437
7,2,1,6, 0.065313526826
7,2,1,9,-0.031976757353
7,2,2,2, 0.111522608317
7,2,2,7, 0.024818865057
7,2,3,3, 0.102131742482
7,2,3,8, 0.021779820356
7,2,4,0, 0.023945453490
7,2,4,1, 0.018577888416
7,2,4,4, 0.112899083554
7,2,4,5, 0.048328625676
7,2,4,6, 0.031976757353
7,2,4,9,-0.065719209964
7,2,5,0, 0.036569382670
7,2,5,1, 0.048202169437
7,2,5,4, 0.048328625676
7,2,5,5, 0.112273051063
7,2,5,6, 0.070496393550
7,2,5,9,-0.023945453490
7,2,6,0, 0.048202169437
7,2,6,1, 0.065313526826
7,2,6,4, 0.031976757353
7,2,6,5, 0.070496393550
7,2,6,6, 0.080825122079
7,2,6,9,-0.018577888416
7,2,7,2, 0.024818865057
7,2,7,7, 0.111522608317
7,2,8,3, 0.021779820356
7,2,8,8, 0.102131742482
7,2,9,0,-0.048328625676
7,2,9,1,-0.031976757353
7,2,9,4,-0.065719209964
7,2,9,5,-0.023945453490
7,2,9,6,-0.018577888416
7,2,9,9, 0.112899083554
7,3,2,3, 0.004695432918
7,3,2,8, 0.001519522350
7,3,3,2, 0.004695432918
7,3,3,7, 0.001519522350
7,3,7,3, 0.001519522350
7,3,7,8, 0.004695432918
7,3,8,2, 0.001519522350
7,3,8,7, 0.004695432918
7,4,0,2, 0.023945453490
7,4,0,7, 0.012522799410
7,4,1,2, 0.018577888416
7,4,1,7, 0.019557382957
7,4,2,0, 0.023945453490
7,4,2,1, 0.018577888416
7,4,2,4, 0.015462773989
7,4,2,5, 0.011274643797
7,4,2,6, 0.014404716257
7,4,2,9,-0.015980283714
7,4,4,2, 0.015462773989
7,4,4,7, 0.019019328415
7,4,5,2, 0.011274643797
7,4,5,7, 0.040498621406
7,4,6,2, 0.014404716257
7,4,6,7, 0.028141965515
7,4,7,0, 0.012522799410
7,4,7,1, 0.019557382957
7,4,7,4, 0.019019328415
7,4,7,5, 0.040498621406
7,4,7,6, 0.028141965515
7,4,7,9,-0.016982618638
7,4,9,2,-0.015980283714
7,4,9,7,-0.016982618638
7,5,0,2, 0.033685313701
7,5,0,7, 0.027507729306
7,5,1,2, 0.029111798989
7,5,1,7, 0.059855883184
7,5,2,0, 0.033685313701
7,5,2,1, 0.029111798989
7,5,2,4, 0.020913771746
7,5,2,5, 0.019935032862
7,5,2,6, 0.023691986535
7,5,2,9,-0.023945453490
7,5,4,2, 0.020913771746
7,5,4,7, 0.040498621406
7,5,5,2, 0.019935032862
7,5,5,7, 0.152608082603
7,5,6,2, 0.023691986535
7,5,6,7, 0.101353944495
7,5,7,0, 0.027507729306
7,5,7,1, 0.059855883184
7,5,7,4, 0.040498621406
7,5,7,5, 0.152608082603
7,5,7,6, 0.101353944495
7,5,9,2,-0.023945453490
7,6,0,2, 0.029111798989
7,6,0,7, 0.019668173512
7,6,1,2, 0.024952754733
7,6,1,7, 0.043019076463
7,6,2,0, 0.029111798989
7,6,2,1, 0.024952754733
7,6,2,4, 0.016054545559
7,6,2,5, 0.015038743867
7,6,2,6, 0.019615962338
7,6,2,9,-0.018577888416
7,6,4,2, 0.016054545559
7,6,4,7, 0.028141965515
7,6,5,2, 0.015038743867
7,6,5,7, 0.101353944495
7,6,6,2, 0.019615962338
7,6,6,7, 0.072461555243
7,6,7,0, 0.019668173512
7,6,7,1, 0.043019076463
7,6,7,4, 0.028141965515
7,6,7,5, 0.101353944495
7,6,7,6, 0.072461555243
7,6,9,2,-0.018577888416
7,7,0,0, 0.422135243166
7,7,0,1, 0.283290532355
7,7,0,4, 0.098713694599
7,7,0,5, 0.173353349293
7,7,0,6, 0.204323061921
7,7,0,9,-0.197069308414
7,7,1,0, 0.283290532355
7,7,1,1, 0.371790164239
7,7,1,4, 0.087636691925
7,7,1,5, 0.282636828092
7,7,1,6, 0.340320844869
7,7,1,9,-0.111213908006
7,7,2,2, 0.410066253182
7,7,2,7, 0.111522608317
7,7,3,3, 0.398932980172
7,7,3,8, 0.102131742482
7,7,4,0, 0.098713694599
7,7,4,1, 0.087636691925
7,7,4,4, 0.455628210110
7,7,4,5, 0.239486124507
7,7,4,6, 0.150213628428
7,7,4,9,-0.283936141509
7,7,5,0, 0.173353349293
7,7,5,1, 0.282636828092
7,7,5,4, 0.239486124507
7,7,5,5, 0.775037038942
7,7,5,6, 0.462081934851
7,7,6,0, 0.204323061921
7,7,6,1, 0.340320844869
7,7,6,4, 0.150213628428
7,7,6,5, 0.462081934851
7,7,6,6, 0.491073083906
7,7,7,2, 0.111522608317
7,7,7,7, 0.785718708997
7,7,8,3, 0.102131742482
7,7,8,8, 0.689508254834
7,7,9,0,-0.197069308414
7,7,9,1,-0.111213908006
7,7,9,4,-0.283936141509
7,7,9,9, 0.689508254834
7,8,2,3, 0.005566636505
7,8,2,8, 0.004695432918
7,8,3,2, 0.005566636505
7,8,3,7, 0.004695432918
7,8,7,3, 0.004695432918
7,8,7,8, 0.048105227081
7,8,8,2, 0.004695432918
7,8,8,7, 0.048105227081
7,9,0,2,-0.020913771746
7,9,0,7,-0.010170445252
7,9,1,2,-0.016054545559
7,9,1,7,-0.007077189132
7,9,2,0,-0.020913771746
7,9,2,1,-0.016054545559
7,9,2,4,-0.014668934267
7,9,2,5,-0.010255897564
7,9,2,6,-0.012571216523
7,9,2,9, 0.015462773989
7,9,4,2,-0.014668934267
7,9,4,7,-0.016982618638
7,9,5,2,-0.010255897564
7,9,6,2,-0.012571216523
7,9,7,0,-0.010170445252
7,9,7,1,-0.007077189132
7,9,7,4,-0.016982618638
7,9,7,9, 0.048105227081
7,9,9,2, 0.015462773989
7,9,9,7, 0.048105227081
8,0,0,3, 0.019935032862
8,0,0,8, 0.008528565264
8,0,1,3, 0.015038743867
8,0,1,8, 0.013569503572
8,0,3,0, 0.019935032862
8,0,3,1, 0.015038743867
8,0,3,4, 0.010255897564
8,0,3,5, 0.007977081977
8,0,3,6, 0.011138738897
8,0,3,9,-0.011274643797
8,0,4,3, 0.010255897564
8,0,4,8, 0.012522799410
8,0,5,3, 0.007977081977
8,0,5,8, 0.027507729306
8,0,6,3, 0.011138738897
8,0,6,8, 0.019668173512
8,0,8,0, 0.008528565264
8,0,8,1, 0.013569503572
8,0,8,4, 0.012522799410
8,0,8,5, 0.027507729306
8,0,8,6, 0.019668173512
8,0,8,9,-0.010170445252
8,0,9,3,-0.011274643797
8,0,9,8,-0.010170445252
8,1,0,3, 0.023691986535
8,1,0,8, 0.013569503572
8,1,1,3, 0.019615962338
8,1,1,8, 0.026845580931
8,1,3,0, 0.023691986535
8,1,3,1, 0.019615962338
8,1,3,4, 0.012571216523
8,1,3,5, 0.011138738897
8,1,3,6, 0.015063729064
8,1,3,9,-0.014404716257
8,1,4,3, 0.012571216523
8,1,4,8, 0.019557382957
8,1,5,3, 0.011138738897
8,1,5,8, 0.059855883184
8,1,6,3, 0.015063729064
8,1,6,8, 0.043019076463
8,1,8,0, 0.013569503572
8,1,8,1, 0.026845580931
8,1,8,4, 0.019557382957
8,1,8,5, 0.059855883184
8,1,8,6, 0.043019076463
8,1,8,9,-0.007077189132
8,1,9,3,-0.014404716257
8,1,9,8,-0.007077189132
8,2,2,3, 0.004695432918
8,2,2,8, 0.001519522350
8,2,3,2, 0.004695432918
8,2,3,7, 0.001519522350
8,2,7,3, 0.001519522350
8,2,7,8, 0.004695432918
8,2,8,2, 0.001519522350
8,2,8,7, 0.004695432918
8,3,0,0, 0.112273051063
8,3,0,1, 0.070496393550
8,3,0,4, 0.023945453490
8,3,0,5, 0.036569382670
8,3,0,6, 0.048202169437
8,3,0,9,-0.048328625676
8,3,1,0, 0.070496393550
8,3,1,1, 0.080825122079
8,3,1,4, 0.018577888416
8,3,1,5, 0.048202169437
8,3,1,6, 0.065313526826
8,3,1,9,-0.031976757353
8,3,2,2, 0.102131742482
8,3,2,7, 0.021779820356
8,3,3,3, 0.111522608317
8,3,3,8, 0.024818865057
8,3,4,0, 0.023945453490
8,3,4,1, 0.018577888416
8,3,4,4, 0.112899083554
8,3,4,5, 0.048328625676
8,3,4,6, 0.031976757353
8,3,4,9,-0.065719209964
8,3,5,0, 0.036569382670
8,3,5,1, 0.048202169437
8,3,5,4, 0.048328625676
8,3,5,5, 0.112273051063
8,3,5,6, 0.070496393550
8,3,5,9,-0.023945453490
8,3,6,0, 0.048202169437
8,3,6,1, 0.065313526826
8,3,6,4, 0.031976757353
8,3,6,5, 0.070496393550
8,3,6,6, 0.080825122079
8,3,6,9,-0.018577888416
8,3,7,2, 0.021779820356
8,3,7,7, 0.102131742482
8,3,8,3, 0.024818865057
8,3,8,8, 0.111522608317
8,3,9,0,-0.048328625676
8,3,9,1,-0.031976757353
8,3,9,4,-0.065719209964
8,3,9,5,-0.023945453490
8,3,9,6,-0.018577888416
8,3,9,9, 0.112899083554
8,4,0,3, 0.023945453490
8,4,0,8, 0.012522799410
8,4,1,3, 0.018577888416
8,4,1,8, 0.019557382957
8,4,3,0, 0.023945453490
8,4,3,1, 0.018577888416
8,4,3,4, 0.015462773989
8,4,3,5, 0.011274643797
8,4,3,6, 0.014404716257
8,4,3,9,-0.015980283714
8,4,4,3, 0.015462773989
8,4,4,8, 0.019019328415
8,4,5,3, 0.011274643797
8,4,5,8, 0.040498621406
8,4,6,3, 0.014404716257
8,4,6,8, 0.028141965515
8,4,8,0, 0.012522799410
8,4,8,1, 0.019557382957
8,4,8,4, 0.019019328415
8,4,8,5, 0.040498621406
8,4,8,6, 0.028141965515
8,4,8,9,-0.016982618638
8,4,9,3,-0.015980283714
8,4,9,8,-0.016982618638
8,5,0,3, 0.033685313701
8,5,0,8, 0.027507729306
8,5,1,3, 0.029111798989
8,5,1,8, 0.059855883184
8,5,3,0, 0.033685313701
8,5,3,1, 0.029111798989
8,5,3,4, 0.020913771746
8,5,3,5, 0.019935032862
8,5,3,6, 0.023691986535
8,5,3,9,-0.023945453490
8,5,4,3, 0.020913771746
8,5,4,8, 0.040498621406
8,5,5,3, 0.019935032862
8,5,5,8, 0.152608082603
8,5,6,3, 0.023691986535
8,5,6,8, 0.101353944495
8,5,8,0, 0.027507729306
8,5,8,1, 0.059855883184
8,5,8,4, 0.040498621406
8,5,8,5, 0.152608082603
8,5,8,6, 0.101353944495
8,5,9,3,-0.023945453490
8,6,0,3, 0.029111798989
8,6,0,8, 0.019668173512
8,6,1,3, 0.024952754733
8,6,1,8, 0.043019076463
8,6,3,0, 0.029111798989
8,6,3,1, 0.024952754733
8,6,3,4, 0.016054545559
8,6,3,5, 0.015038743867
8,6,3,6, 0.019615962338
8,6,3,9,-0.018577888416
8,6,4,3, 0.016054545559
8,6,4,8, 0.028141965515
8,6,5,3, 0.015038743867
8,6,5,8, 0.101353944495
8,6,6,3, 0.019615962338
8,6,6,8, 0.072461555243
8,6,8,0, 0.019668173512
8,6,8,1, 0.043019076463
8,6,8,4, 0.028141965515
8,6,8,5, 0.101353944495
8,6,8,6, 0.072461555243
8,6,9,3,-0.018577888416
8,7,2,3, 0.005566636505
8,7,2,8, 0.004695432918
8,7,3,2, 0.005566636505
8,7,3,7, 0.004695432918
8,7,7,3, 0.004695432918
8,7,7,8, 0.048105227081
8,7,8,2, 0.004695432918
8,7,8,7, 0.048105227081
8,8,0,0, 0.422135243166
8,8,0,1, 0.283290532355
8,8,0,4, 0.098713694599
8,8,0,5, 0.173353349293
8,8,0,6, 0.204323061921
8,8,0,9,-0.197069308414
8,8,1,0, 0.283290532355
8,8,1,1, 0.371790164239
8,8,1,4, 0.087636691925
8,8,1,5, 0.282636828092
8,8,1,6, 0.340320844869
8,8,1,9,-0.111213908006
8,8,2,2, 0.398932980172
8,8,2,7, 0.102131742482
8,8,3,3, 0.410066253182
8,8,3,8, 0.111522608317
8,8,4,0, 0.098713694599
8,8,4,1, 0.087636691925
8,8,4,4, 0.455628210110
8,8,4,5, 0.239486124507
8,8,4,6, 0.150213628428
8,8,4,9,-0.283936141509
8,8,5,0, 0.173353349293
8,8,5,1, 0.282636828092
8,8,5,4, 0.239486124507
8,8,5,5, 0.775037038942
8,8,5,6, 0.462081934851
8,8,6,0, 0.204323061921
8,8,6,1, 0.340320844869
8,8,6,4, 0.150213628428
8,8,6,5, 0.462081934851
8,8,6,6, 0.491073083906
8,8,7,2, 0.102131742482
8,8,7,7, 0.689508254834
8,8,8,3, 0.111522608317
8,8,8,8, 0.785718708997
8,8,9,0,-0.197069308414
8,8,9,1,-0.111213908006
8,8,9,4,-0.283936141509
8,8,9,9, 0.689508254834
8,9,0,3,-0.020913771746
8,9,0,8,-0.010170445252
8,9,1,3,-0.016054545559
8,9,1,8,-0.007077189132
8,9,3,0,-0.020913771746
8,9,3,1,-0.016054545559
8,9,3,4,-0.014668934267
8,9,3,5,-0.010255897564
8,9,3,6,-0.012571216523
8,9,3,9, 0.015462773989
8,9,4,3,-0.014668934267
8,9,4,8,-0.016982618638
8,9,5,3,-0.010255897564
8,9,6,3,-0.012571216523
8,9,8,0,-0.010170445252
8,9,8,1,-0.007077189132
8,9,8,4,-0.016982618638
8,9,8,9, 0.048105227081
8,9,9,3, 0.015462773989
8,9,9,8, 0.048105227081
9,0,0,0,-0.270463576732
9,0,0,1,-0.159365958343
9,0,0,4,-0.058296310196
9,0,0,5,-0.080449082400
9,0,0,6,-0.107159901386
9,0,0,9, 0.112613784797
9,0,1,0,-0.159365958343
9,0,1,1,-0.167999821481
9,0,1,4,-0.040681891568
9,0,1,5,-0.096005503681
9,0,1,6,-0.130929566359
9,0,1,9, 0.073235276068
9,0,2,2,-0.239486124507
9,0,2,7,-0.048328625676
9,0,3,3,-0.239486124507
9,0,3,8,-0.048328625676
9,0,4,0,-0.058296310196
9,0,4,1,-0.040681891568
9,0,4,4,-0.262670352383
9,0,4,5,-0.105141942959
9,0,4,6,-0.069151858149
9,0,4,9, 0.150669871950
9,0,5,0,-0.080449082400
9,0,5,1,-0.096005503681
9,0,5,4,-0.105141942959
9,0,5,5,-0.215729756703
9,0,5,6,-0.135190278345
9,0,5,9, 0.064866584210
9,0,6,0,-0.107159901386
9,0,6,1,-0.130929566359
9,0,6,4,-0.069151858149
9,0,6,5,-0.135190278345
9,0,6,6,-0.154716329432
9,0,6,9, 0.048877205838
9,0,7,2,-0.048328625676
9,0,7,7,-0.197069308414
9,0,8,3,-0.048328625676
9,0,8,8,-0.197069308414
9,0,9,0, 0.112613784797
9,0,9,1, 0.073235276068
9,0,9,4, 0.150669871950
9,0,9,5, 0.064866584210
9,0,9,6, 0.048877205838
9,0,9,9,-0.232003357238
9,1,0,0,-0.164912640329
9,1,0,1,-0.099549588478
9,1,0,4,-0.039606491211
9,1,0,5,-0.051476918746
9,1,0,6,-0.067598978553
9,1,0,9, 0.073235276068
9,1,1,0,-0.099549588478
9,1,1,1,-0.105154990045
9,1,1,4,-0.028567306525
9,1,1,5,-0.057905389459
9,1,1,6,-0.079758311656
9,1,1,9, 0.053685364583
9,1,2,2,-0.150213628428
9,1,2,7,-0.031976757353
9,1,3,3,-0.150213628428
9,1,3,8,-0.031976757353
9,1,4,0,-0.039606491211
9,1,4,1,-0.028567306525
9,1,4,4,-0.166596150724
9,1,4,5,-0.069151858149
9,1,4,6,-0.046031105835
9,1,4,9, 0.100172524817
9,1,5,0,-0.051476918746
9,1,5,1,-0.057905389459
9,1,5,4,-0.069151858149
9,1,5,5,-0.120138702818
9,1,5,6,-0.075297109201
9,1,5,9, 0.066225440860
9,1,6,0,-0.067598978553
9,1,6,1,-0.079758311656
9,1,6,4,-0.046031105835
9,1,6,5,-0.075297109201
9,1,6,6,-0.086375496158
9,1,6,9, 0.048047141867
9,1,7,2,-0.031976757353
9,1,7,7,-0.111213908006
9,1,8,3,-0.031976757353
9,1,8,8,-0.111213908006
9,1,9,0, 0.073235276068
9,1,9,1, 0.053685364583
9,1,9,4, 0.100172524817
9,1,9,5, 0.066225440860
9,1,9,6, 0.048047141867
9,1,9,9,-0.126017534398
9,2,0,2,-0.040498621406
9,2,0,7,-0.011274643797
9,2,1,2,-0.028141965515
9,2,1,7,-0.014404716257
9,2,2,0,-0.040498621406
9,2,2,1,-0.028141965515
9,2,2,4,-0.016982618638
9,2,2,5,-0.012522799410
9,2,2,6,-0.019557382957
9,2,2,9, 0.019019328415
9,2,4,2,-0.016982618638
9,2,4,7,-0.015980283714
9,2,5,2,-0.012522799410
9,2,5,7,-0.023945453490
9,2,6,2,-0.019557382957
9,2,6,7,-0.018577888416
9,2,7,0,-0.011274643797
9,2,7,1,-0.014404716257
9,2,7,4,-0.015980283714
9,2,7,5,-0.023945453490
9,2,7,6,-0.018577888416
9,2,7,9, 0.015462773989
9,2,9,2, 0.019019328415
9,2,9,7, 0.015462773989
9,3,0,3,-0.040498621406
9,3,0,8,-0.011274643797
9,3,1,3,-0.028141965515
9,3,1,8,-0.014404716257
9,3,3,0,-0.040498621406
9,3,3,1,-0.028141965515
9,3,3,4,-0.016982618638
9,3,3,5,-0.012522799410
9,3,3,6,-0.019557382957
9,3,3,9, 0.019019328415
9,3,4,3,-0.016982618638
9,3,4,8,-0.015980283714
9,3,5,3,-0.012522799410
9,3,5,8,-0.023945453490
9,3,6,3,-0.019557382957
9,3,6,8,-0.018577888416
9,3,8,0,-0.011274643797
9,3,8,1,-0.014404716257
9,3,8,4,-0.015980283714
9,3,8,5,-0.023945453490
9,3,8,6,-0.018577888416
9,3,8,9, 0.015462773989
9,3,9,3, 0.019019328415
9,3,9,8, 0.015462773989
9,4,0,0,-0.316326342205
9,4,0,1,-0.192826259045
9,4,0,4,-0.094617043197
9,4,0,5,-0.109233489774
9,4,0,6,-0.134775053321
9,4,0,9, 0.150669871950
9,4,1,0,-0.192826259045
9,4,1,1,-0.210427233492
9,4,1,4,-0.067528506076
9,4,1,5,-0.134775053321
9,4,1,6,-0.171697054607
9,4,1,9, 0.100172524817
9,4,2,2,-0.283936141509
9,4,2,7,-0.065719209964
9,4,3,3,-0.283936141509
9,4,3,8,-0.065719209964
9,4,4,0,-0.094617043197
9,4,4,1,-0.067528506076
9,4,4,4,-0.334593829070
9,4,4,5,-0.150669871950
9,4,4,6,-0.100172524817
9,4,4,9, 0.212591238131
9,4,5,0,-0.109233489774
9,4,5,1,-0.134775053321
9,4,5,4,-0.150669871950
9,4,5,5,-0.316326342205
9,4,5,6,-0.192826259045
9,4,5,9, 0.094617043197
9,4,6,0,-0.134775053321
9,4,6,1,-0.171697054607
9,4,6,4,-0.100172524817
9,4,6,5,-0.192826259045
9,4,6,6,-0.210427233492
9,4,6,9, 0.067528506076
9,4,7,2,-0.065719209964
9,4,7,7,-0.283936141509
9,4,8,3,-0.065719209964
9,4,8,8,-0.283936141509
9,4,9,0, 0.150669871950
9,4,9,1, 0.100172524817
9,4,9,4, 0.212591238131
9,4,9,5, 0.094617043197
9,4,9,6, 0.067528506076
9,4,9,9,-0.334593829070
9,5,0,0,-0.114722451949
9,5,0,1,-0.066309010703
9,5,0,4,-0.044865620097
9,5,0,5,-0.038595774935
9,5,0,6,-0.046217800623
9,5,0,9, 0.064866584210
9,5,1,0,-0.066309010703
9,5,1,1,-0.054938264566
9,5,1,4,-0.031105525143
9,5,1,5,-0.021738181484
9,5,1,6,-0.030850711748
9,5,1,9, 0.066225440860
9,5,2,2,-0.098713694599
9,5,2,7,-0.023945453490
9,5,3,3,-0.098713694599
9,5,3,8,-0.023945453490
9,5,4,0,-0.044865620097
9,5,4,1,-0.031105525143
9,5,4,4,-0.129637235093
9,5,4,5,-0.058296310196
9,5,4,6,-0.039606491211
9,5,4,9, 0.094617043197
9,5,5,0,-0.038595774935
9,5,5,1,-0.021738181484
9,5,5,4,-0.058296310196
9,5,5,9, 0.152608082603
9,5,6,0,-0.046217800623
9,5,6,1,-0.030850711748
9,5,6,4,-0.039606491211
9,5,6,9, 0.101353944495
9,5,7,2,-0.023945453490
9,5,8,3,-0.023945453490
9,5,9,0, 0.064866584210
9,5,9,1, 0.066225440860
9,5,9,4, 0.094617043197
9,5,9,5, 0.152608082603
9,5,9,6, 0.101353944495
9,6,0,0,-0.099392218953
9,6,0,1,-0.056923993407
9,6,0,4,-0.031105525143
9,6,0,5,-0.028968829958
9,6,0,6,-0.038306418820
9,6,0,9, 0.048877205838
9,6,1,0,-0.056923993407
9,6,1,1,-0.047856237642
9,6,1,4,-0.020992991834
9,6,1,5,-0.016355007515
9,6,1,6,-0.026148855889
9,6,1,9, 0.048047141867
9,6,2,2,-0.087636691925
9,6,2,7,-0.018577888416
9,6,3,3,-0.087636691925
9,6,3,8,-0.018577888416
9,6,4,0,-0.031105525143
9,6,4,1,-0.020992991834
9,6,4,4,-0.102916701800
9,6,4,5,-0.040681891568
9,6,4,6,-0.028567306525
9,6,4,9, 0.067528506076
9,6,5,0,-0.028968829958
9,6,5,1,-0.016355007515
9,6,5,4,-0.040681891568
9,6,5,9, 0.101353944495
9,6,6,0,-0.038306418820
9,6,6,1,-0.026148855889
9,6,6,4,-0.028567306525
9,6,6,9, 0.072461555243
9,6,7,2,-0.018577888416
9,6,8,3,-0.018577888416
9,6,9,0, 0.048877205838
9,6,9,1, 0.048047141867
9,6,9,4, 0.067528506076
9,6,9,5, 0.101353944495
9,6,9,6, 0.072461555243
9,7,0,2,-0.020913771746
9,7,0,7,-0.010170445252
9,7,1,2,-0.016054545559
9,7,1,7,-0.007077189132
9,7,2,0,-0.020913771746
9,7,2,1,-0.016054545559
9,7,2,4,-0.014668934267
9,7,2,5,-0.010255897564
9,7,2,6,-0.012571216523
9,7,2,9, 0.015462773989
9,7,4,2,-0.014668934267
9,7,4,7,-0.016982618638
9,7,5,2,-0.010255897564
9,7,6,2,-0.012571216523
9,7,7,0,-0.010170445252
9,7,7,1,-0.007077189132
9,7,7,4,-0.016982618638
9,7,7,9, 0.048105227081
9,7,9,2, 0.015462773989
9,7,9,7, 0.048105227081
9,8,0,3,-0.020913771746
9,8,0,8,-0.010170445252
9,8,1,3,-0.016054545559
9,8,1,8,-0.007077189132
9,8,3,0,-0.020913771746
9,8,3,1,-0.016054545559
9,8,3,4,-0.014668934267
9,8,3,5,-0.010255897564
9,8,3,6,-0.012571216523
9,8,3,9, 0.015462773989
9,8,4,3,-0.014668934267
9,8,4,8,-0.016982618638
9,8,5,3,-0.010255897564
9,8,6,3,-0.012571216523
9,8,8,0,-0.010170445252
9,8,8,1,-0.007077189132
9,8,8,4,-0.016982618638
9,8,8,9, 0.048105227081
9,8,9,3, 0.015462773989
9,8,9,8, 0.048105227081
9,9,0,0, 0.492488179189
9,9,0,1, 0.316086353599
9,9,0,4, 0.129637235093
9,9,0,5, 0.189356610101
9,9,0,6, 0.225005738997
9,9,0,9,-0.232003357238
9,9,1,0, 0.316086353599
9,9,1,1, 0.386617996498
9,9,1,4, 0.102916701800
9,9,1,5, 0.285406494000
9,9,1,6, 0.344939898667
9,9,1,9,-0.126017534398
9,9,2,2, 0.455628210110
9,9,2,7, 0.112899083554
9,9,3,3, 0.455628210110
9,9,3,8, 0.112899083554
9,9,4,0, 0.129637235093
9,9,4,1, 0.102916701800
9,9,4,4, 0.531664007178
9,9,4,5, 0.262670352383
9,9,4,6, 0.166596150724
9,9,4,9,-0.334593829070
9,9,5,0, 0.189356610101
9,9,5,1, 0.285406494000
9,9,5,4, 0.262670352383
9,9,5,5, 0.775037038942
9,9,5,6, 0.462081934851
9,9,6,0, 0.225005738997
9,9,6,1, 0.344939898667
9,9,6,4, 0.166596150724
9,9,6,5, 0.462081934851
9,9,6,6, 0.491073083906
9,9,7,2, 0.112899083554
9,9,7,7, 0.689508254834
9,9,8,3, 0.112899083554
9,9,8,8, 0.689508254834
9,9,9,0,-0.232003357238
9,9,9,1,-0.126017534398
9,9,9,4,-0.334593829070
9,9,9,9, 0.785718708997
