0,0,0,0, 0.897251802255
0,0,0,1, 0.504699283325
0,0,0,5, 0.206270947770
0,0,0,6, 0.316352031692
0,0,0,9,-0.290217544430
0,0,1,0, 0.504699283325
0,0,1,1, 0.507364877272
0,0,1,5, 0.225366510553
0,0,1,6, 0.358283195208
0,0,1,9,-0.169936380829
0,0,2,2, 0.775037038942
0,0,2,7, 0.124538866432
0,0,3,3, 0.775037038942
0,0,3,8, 0.124538866432
0,0,4,4, 0.775037038942
0,0,4,5, 0.228725649368
0,0,4,6, 0.120108362194
0,0,4,9,-0.325612822635
0,0,5,0, 0.206270947770
0,0,5,1, 0.225366510553
0,0,5,4, 0.228725649368
0,0,5,5, 0.459222504378
0,0,5,6, 0.303993494073
0,0,5,9,-0.118892998926
0,0,6,0, 0.316352031692
0,0,6,1, 0.358283195208
0,0,6,4, 0.120108362194
0,0,6,5, 0.303993494073
0,0,6,6, 0.387640279274
0,0,6,9,-0.102283020330
0,0,7,2, 0.124538866432
0,0,7,7, 0.431548976445
0,0,8,3, 0.124538866432
0,0,8,8, 0.431548976445
0,0,9,0,-0.290217544430
0,0,9,1,-0.169936380829
0,0,9,4,-0.325612822635
0,0,9,5,-0.118892998926
0,0,9,6,-0.102283020330
0,0,9,9, 0.504840400475
0,1,0,0, 0.504699283325
0,1,0,1, 0.300015949963
0,1,0,5, 0.124855028179
0,1,0,6, 0.189216468247
0,1,0,9,-0.170133267125
0,1,1,0, 0.300015949963
0,1,1,1, 0.324022459289
0,1,1,5, 0.145140559750
0,1,1,6, 0.230951952186
0,1,1,9,-0.101871050903
0,1,2,2, 0.462081934851
0,1,2,7, 0.078021654577
0,1,3,3, 0.462081934851
0,1,3,8, 0.078021654577
0,1,4,4, 0.462081934851
0,1,4,5, 0.143154014536
0,1,4,6, 0.075267322603
0,1,4,9,-0.197774701963
0,1,5,0, 0.124855028179
0,1,5,1, 0.145140559750
0,1,5,4, 0.143154014536
0,1,5,5, 0.303993494073
0,1,5,6, 0.200051507375
0,1,5,9,-0.067862598209
0,1,6,0, 0.189216468247
0,1,6,1, 0.230951952186
0,1,6,4, 0.075267322603
0,1,6,5, 0.200051507375
0,1,6,6, 0.255420841704
0,1,6,9,-0.057956209700
0,1,7,2, 0.078021654577
0,1,7,7, 0.288945667426
0,1,8,3, 0.078021654577
0,1,8,8, 0.288945667426
0,1,9,0,-0.170133267125
0,1,9,1,-0.101871050903
0,1,9,4,-0.197774701963
0,1,9,5,-0.067862598209
0,1,9,6,-0.057956209700
0,1,9,9, 0.322357035889
0,2,0,2, 0.152608082603
0,2,0,7, 0.022180354989
0,2,1,2, 0.101353944495
0,2,1,7, 0.025482628168
0,2,2,0, 0.152608082603
0,2,2,1, 0.101353944495
0,2,2,5, 0.030001120180
0,2,2,6, 0.061591720697
0,2,2,9,-0.044373049667
0,2,4,7, 0.026142918625
0,2,5,2, 0.030001120180
0,2,5,7, 0.035917656340
0,2,6,2, 0.061591720697
0,2,6,7, 0.030811396605
0,2,7,0, 0.022180354989
0,2,7,1, 0.025482628168
0,2,7,4, 0.026142918625
0,2,7,5, 0.035917656340
0,2,7,6, 0.030811396605
0,2,7,9,-0.022373576338
0,2,9,2,-0.044373049667
0,2,9,7,-0.022373576338
0,3,0,3, 0.152608082603
0,3,0,8, 0.022180354989
0,3,1,3, 0.101353944495
0,3,1,8, 0.025482628168
0,3,3,0, 0.152608082603
0,3,3,1, 0.101353944495
0,3,3,5, 0.030001120180
0,3,3,6, 0.061591720697
0,3,3,9,-0.044373049667
0,3,4,8, 0.026142918625
0,3,5,3, 0.030001120180
0,3,5,8, 0.035917656340
0,3,6,3, 0.061591720697
0,3,6,8, 0.030811396605
0,3,8,0, 0.022180354989
0,3,8,1, 0.025482628168
0,3,8,4, 0.026142918625
0,3,8,5, 0.035917656340
0,3,8,6, 0.030811396605
0,3,8,9,-0.022373576338
0,3,9,3,-0.044373049667
0,3,9,8,-0.022373576338
0,4,0,4, 0.152608082603
0,4,0,5, 0.040956821285
0,4,0,6, 0.021734052822
0,4,0,9,-0.060455880791
0,4,1,4, 0.101353944495
0,4,1,5, 0.047849455916
0,4,1,6, 0.030712951757
0,4,1,9,-0.039505263561
0,4,2,7, 0.026142918625
0,4,3,8, 0.026142918625
0,4,4,0, 0.152608082603
0,4,4,1, 0.101353944495
0,4,4,5, 0.069214547375
0,4,4,6, 0.067788990421
0,4,4,9,-0.097543987642
0,4,5,0, 0.040956821285
0,4,5,1, 0.047849455916
0,4,5,4, 0.069214547375
0,4,5,5, 0.118892998926
0,4,5,6, 0.067862598209
0,4,5,9,-0.045478108825
0,4,6,0, 0.021734052822
0,4,6,1, 0.030712951757
0,4,6,4, 0.067788990421
0,4,6,5, 0.067862598209
0,4,6,6, 0.054949089675
0,4,6,9,-0.030739396264
0,4,7,2, 0.026142918625
0,4,7,7, 0.101965313935
0,4,8,3, 0.026142918625
0,4,8,8, 0.101965313935
0,4,9,0,-0.060455880791
0,4,9,1,-0.039505263561
0,4,9,4,-0.097543987642
0,4,9,5,-0.045478108825
0,4,9,6,-0.030739396264
0,4,9,9, 0.132317018718
0,5,0,0, 0.206270947770
0,5,0,1, 0.124855028179
0,5,0,4, 0.040956821285
0,5,0,5, 0.069231689608
0,5,0,6, 0.086621947086
0,5,0,9,-0.090688182264
0,5,1,0, 0.124855028179
0,5,1,1, 0.137986940387
0,5,1,4, 0.030636299840
0,5,1,5, 0.086621947086
0,5,1,6, 0.112464211645
0,5,1,9,-0.055262865901
0,5,2,2, 0.186571436052
0,5,2,7, 0.042885141612
0,5,3,3, 0.186571436052
0,5,3,8, 0.042885141612
0,5,4,0, 0.040956821285
0,5,4,1, 0.030636299840
0,5,4,4, 0.203354001229
0,5,4,5, 0.090688182264
0,5,4,6, 0.055262865901
0,5,4,9,-0.118908181446
0,5,5,0, 0.069231689608
0,5,5,1, 0.086621947086
0,5,5,4, 0.090688182264
0,5,5,5, 0.206270947770
0,5,5,6, 0.124855028179
0,5,5,9,-0.040956821285
0,5,6,0, 0.086621947086
0,5,6,1, 0.112464211645
0,5,6,4, 0.055262865901
0,5,6,5, 0.124855028179
0,5,6,6, 0.137986940387
0,5,6,9,-0.030636299840
0,5,7,2, 0.042885141612
0,5,7,7, 0.186571436052
0,5,8,3, 0.042885141612
0,5,8,8, 0.186571436052
0,5,9,0,-0.090688182264
0,5,9,1,-0.055262865901
0,5,9,4,-0.118908181446
0,5,9,5,-0.040956821285
0,5,9,6,-0.030636299840
0,5,9,9, 0.203354001229
0,6,0,0, 0.316352031692
0,6,0,1, 0.189216468247
0,6,0,4, 0.021734052822
0,6,0,5, 0.086621947086
0,6,0,6, 0.123397801578
0,6,0,9,-0.116644649720
0,6,1,0, 0.189216468247
0,6,1,1, 0.206302905192
0,6,1,4, 0.016345382874
0,6,1,5, 0.103626111595
0,6,1,6, 0.154507233566
0,6,1,9,-0.070370462897
0,6,2,2, 0.290272688929
0,6,2,7, 0.054477229106
0,6,3,3, 0.290272688929
0,6,3,8, 0.054477229106
0,6,4,0, 0.021734052822
0,6,4,1, 0.016345382874
0,6,4,4, 0.292967101788
0,6,4,5, 0.103947753803
0,6,4,6, 0.059340361815
0,6,4,9,-0.141177136130
0,6,5,0, 0.086621947086
0,6,5,1, 0.103626111595
0,6,5,4, 0.103947753803
0,6,5,5, 0.225366510553
0,6,5,6, 0.145140559750
0,6,5,9,-0.047849455916
0,6,6,0, 0.123397801578
0,6,6,1, 0.154507233566
0,6,6,4, 0.059340361815
0,6,6,5, 0.145140559750
0,6,6,6, 0.177588653190
0,6,6,9,-0.039491116837
0,6,7,2, 0.054477229106
0,6,7,7, 0.212748701747
0,6,8,3, 0.054477229106
0,6,8,8, 0.212748701747
0,6,9,0,-0.116644649720
0,6,9,1,-0.070370462897
0,6,9,4,-0.141177136130
0,6,9,5,-0.047849455916
0,6,9,6,-0.039491116837
0,6,9,9, 0.233965981949
0,7,0,2, 0.022180354989
0,7,0,7, 0.009900628840
0,7,1,2, 0.016632414449
0,7,1,7, 0.015072732644
0,7,2,0, 0.022180354989
0,7,2,1, 0.016632414449
0,7,2,4, 0.011197998926
0,7,2,5, 0.009309862208
0,7,2,6, 0.012529349725
0,7,2,9,-0.013008490255
0,7,4,2, 0.011197998926
0,7,4,7, 0.014424456223
0,7,5,2, 0.009309862208
0,7,5,7, 0.030001120180
0,7,6,2, 0.012529349725
0,7,6,7, 0.021396869538
0,7,7,0, 0.009900628840
0,7,7,1, 0.015072732644
0,7,7,4, 0.014424456223
0,7,7,5, 0.030001120180
0,7,7,6, 0.021396869538
0,7,7,9,-0.010863556698
0,7,9,2,-0.013008490255
0,7,9,7,-0.010863556698
0,8,0,3, 0.022180354989
0,8,0,8, 0.009900628840
0,8,1,3, 0.016632414449
0,8,1,8, 0.015072732644
0,8,3,0, 0.022180354989
0,8,3,1, 0.016632414449
0,8,3,4, 0.011197998926
0,8,3,5, 0.009309862208
0,8,3,6, 0.012529349725
0,8,3,9,-0.013008490255
0,8,4,3, 0.011197998926
0,8,4,8, 0.014424456223
0,8,5,3, 0.009309862208
0,8,5,8, 0.030001120180
0,8,6,3, 0.012529349725
0,8,6,8, 0.021396869538
0,8,8,0, 0.009900628840
0,8,8,1, 0.015072732644
0,8,8,4, 0.014424456223
0,8,8,5, 0.030001120180
0,8,8,6, 0.021396869538
0,8,8,9,-0.010863556698
0,8,9,3,-0.013008490255
0,8,9,8,-0.010863556698
0,9,0,0,-0.290217544430
0,9,0,1,-0.170133267125
0,9,0,4,-0.060455880791
0,9,0,5,-0.090688182264
0,9,0,6,-0.116644649720
0,9,0,9, 0.126027295053
0,9,1,0,-0.170133267125
0,9,1,1,-0.178132048244
0,9,1,4,-0.041822521645
0,9,1,5,-0.103947753803
0,9,1,6,-0.140200493908
0,9,1,9, 0.078337928632
0,9,2,2,-0.256347970320
0,9,2,7,-0.055975963514
0,9,3,3,-0.256347970320
0,9,3,8,-0.055975963514
0,9,4,0,-0.060455880791
0,9,4,1,-0.041822521645
0,9,4,4,-0.279181912227
0,9,4,5,-0.116440641954
0,9,4,6,-0.072830462948
0,9,4,9, 0.162158011540
0,9,5,0,-0.090688182264
0,9,5,1,-0.103947753803
0,9,5,4,-0.116440641954
0,9,5,5,-0.228725649368
0,9,5,6,-0.143154014536
0,9,5,9, 0.069214547375
0,9,6,0,-0.116644649720
0,9,6,1,-0.140200493908
0,9,6,4,-0.072830462948
0,9,6,5,-0.143154014536
0,9,6,6,-0.163465412522
0,9,6,9, 0.051981547229
0,9,7,2,-0.055975963514
0,9,7,7,-0.208780210990
0,9,8,3,-0.055975963514
0,9,8,8,-0.208780210990
0,9,9,0, 0.126027295053
0,9,9,1, 0.078337928632
0,9,9,4, 0.162158011540
0,9,9,5, 0.069214547375
0,9,9,6, 0.051981547229
0,9,9,9,-0.245820042565
1,0,0,0, 0.504699283325
1,0,0,1, 0.300015949963
1,0,0,5, 0.124855028179
1,0,0,6, 0.189216468247
1,0,0,9,-0.170133267125
1,0,1,0, 0.300015949963
1,0,1,1, 0.324022459289
1,0,1,5, 0.145140559750
1,0,1,6, 0.230951952186
1,0,1,9,-0.101871050903
1,0,2,2, 0.462081934851
1,0,2,7, 0.078021654577
1,0,3,3, 0.462081934851
1,0,3,8, 0.078021654577
1,0,4,4, 0.462081934851
1,0,4,5, 0.143154014536
1,0,4,6, 0.075267322603
1,0,4,9,-0.197774701963
1,0,5,0, 0.124855028179
1,0,5,1, 0.145140559750
1,0,5,4, 0.143154014536
1,0,5,5, 0.303993494073
1,0,5,6, 0.200051507375
1,0,5,9,-0.067862598209
1,0,6,0, 0.189216468247
1,0,6,1, 0.230951952186
1,0,6,4, 0.075267322603
1,0,6,5, 0.200051507375
1,0,6,6, 0.255420841704
1,0,6,9,-0.057956209700
1,0,7,2, 0.078021654577
1,0,7,7, 0.288945667426
1,0,8,3, 0.078021654577
1,0,8,8, 0.288945667426
1,0,9,0,-0.170133267125
1,0,9,1,-0.101871050903
1,0,9,4,-0.197774701963
1,0,9,5,-0.067862598209
1,0,9,6,-0.057956209700
1,0,9,9, 0.322357035889
1,1,0,0, 0.507364877272
1,1,0,1, 0.324022459289
1,1,0,5, 0.137986940387
1,1,0,6, 0.206302905192
1,1,0,9,-0.178132048244
1,1,1,0, 0.324022459289
1,1,1,1, 0.394125899248
1,1,1,5, 0.177588653190
1,1,1,6, 0.286473693136
1,1,1,9,-0.106398602282
1,1,2,2, 0.491073083906
1,1,2,7, 0.089131158400
1,1,3,3, 0.491073083906
1,1,3,8, 0.089131158400
1,1,4,4, 0.491073083906
1,1,4,5, 0.163465412522
1,1,4,6, 0.086320021813
1,1,4,9,-0.214661476305
1,1,5,0, 0.137986940387
1,1,5,1, 0.177588653190
1,1,5,4, 0.163465412522
1,1,5,5, 0.387640279274
1,1,5,6, 0.255420841704
1,1,5,9,-0.054949089675
1,1,6,0, 0.206302905192
1,1,6,1, 0.286473693136
1,1,6,4, 0.086320021813
1,1,6,5, 0.255420841704
1,1,6,6, 0.332544303233
1,1,6,9,-0.047779943432
1,1,7,2, 0.089131158400
1,1,7,7, 0.376744441512
1,1,8,3, 0.089131158400
1,1,8,8, 0.376744441512
1,1,9,0,-0.178132048244
1,1,9,1,-0.106398602282
1,1,9,4,-0.214661476305
1,1,9,5,-0.054949089675
1,1,9,6,-0.047779943432
1,1,9,9, 0.391280896122
1,2,0,2, 0.101353944495
1,2,0,7, 0.016632414449
1,2,1,2, 0.072461555243
1,2,1,7, 0.020973309908
1,2,2,0, 0.101353944495
1,2,2,1, 0.072461555243
1,2,2,5, 0.021396869538
1,2,2,6, 0.044254064614
1,2,2,9,-0.030665323842
1,2,4,7, 0.020205245249
1,2,5,2, 0.021396869538
1,2,5,7, 0.030811396605
1,2,6,2, 0.044254064614
1,2,6,7, 0.026242662934
1,2,7,0, 0.016632414449
1,2,7,1, 0.020973309908
1,2,7,4, 0.020205245249
1,2,7,5, 0.030811396605
1,2,7,6, 0.026242662934
1,2,7,9,-0.016924515304
1,2,9,2,-0.030665323842
1,2,9,7,-0.016924515304
1,3,0,3, 0.101353944495
1,3,0,8, 0.016632414449
1,3,1,3, 0.072461555243
1,3,1,8, 0.020973309908
1,3,3,0, 0.101353944495
1,3,3,1, 0.072461555243
1,3,3,5, 0.021396869538
1,3,3,6, 0.044254064614
1,3,3,9,-0.030665323842
1,3,4,8, 0.020205245249
1,3,5,3, 0.021396869538
1,3,5,8, 0.030811396605
1,3,6,3, 0.044254064614
1,3,6,8, 0.026242662934
1,3,8,0, 0.016632414449
1,3,8,1, 0.020973309908
1,3,8,4, 0.020205245249
1,3,8,5, 0.030811396605
1,3,8,6, 0.026242662934
1,3,8,9,-0.016924515304
1,3,9,3,-0.030665323842
1,3,9,8,-0.016924515304
1,4,0,4, 0.101353944495
1,4,0,5, 0.030636299840
1,4,0,6, 0.016345382874
1,4,0,9,-0.041822521645
1,4,1,4, 0.072461555243
1,4,1,5, 0.039491116837
1,4,1,6, 0.026017883369
1,4,1,9,-0.028086388318
1,4,2,7, 0.020205245249
1,4,3,8, 0.020205245249
1,4,4,0, 0.101353944495
1,4,4,1, 0.072461555243
1,4,4,5, 0.051981547229
1,4,4,6, 0.049145130969
1,4,4,9,-0.069042967514
1,4,5,0, 0.030636299840
1,4,5,1, 0.039491116837
1,4,5,4, 0.051981547229
1,4,5,5, 0.102283020330
1,4,5,6, 0.057956209700
1,4,5,9,-0.030739396264
1,4,6,0, 0.016345382874
1,4,6,1, 0.026017883369
1,4,6,4, 0.049145130969
1,4,6,5, 0.057956209700
1,4,6,6, 0.047779943432
1,4,6,9,-0.020226372215
1,4,7,2, 0.020205245249
1,4,7,7, 0.090011832072
1,4,8,3, 0.020205245249
1,4,8,8, 0.090011832072
1,4,9,0,-0.041822521645
1,4,9,1,-0.028086388318
1,4,9,4,-0.069042967514
1,4,9,5,-0.030739396264
1,4,9,6,-0.020226372215
1,4,9,9, 0.104064027713
1,5,0,0, 0.225366510553
1,5,0,1, 0.145140559750
1,5,0,4, 0.047849455916
1,5,0,5, 0.086621947086
1,5,0,6, 0.103626111595
1,5,0,9,-0.103947753803
1,5,1,0, 0.145140559750
1,5,1,1, 0.177588653190
1,5,1,4, 0.039491116837
1,5,1,5, 0.123397801578
1,5,1,6, 0.154507233566
1,5,1,9,-0.059340361815
1,5,2,2, 0.212748701747
1,5,2,7, 0.054477229106
1,5,3,3, 0.212748701747
1,5,3,8, 0.054477229106
1,5,4,0, 0.047849455916
1,5,4,1, 0.039491116837
1,5,4,4, 0.233965981949
1,5,4,5, 0.116644649720
1,5,4,6, 0.070370462897
1,5,4,9,-0.141177136130
1,5,5,0, 0.086621947086
1,5,5,1, 0.123397801578
1,5,5,4, 0.116644649720
1,5,5,5, 0.316352031692
1,5,5,6, 0.189216468247
1,5,5,9,-0.021734052822
1,5,6,0, 0.103626111595
1,5,6,1, 0.154507233566
1,5,6,4, 0.070370462897
1,5,6,5, 0.189216468247
1,5,6,6, 0.206302905192
1,5,6,9,-0.016345382874
1,5,7,2, 0.054477229106
1,5,7,7, 0.290272688929
1,5,8,3, 0.054477229106
1,5,8,8, 0.290272688929
1,5,9,0,-0.103947753803
1,5,9,1,-0.059340361815
1,5,9,4,-0.141177136130
1,5,9,5,-0.021734052822
1,5,9,6,-0.016345382874
1,5,9,9, 0.292967101788
1,6,0,0, 0.358283195208
1,6,0,1, 0.230951952186
1,6,0,4, 0.030712951757
1,6,0,5, 0.112464211645
1,6,0,6, 0.154507233566
1,6,0,9,-0.140200493908
1,6,1,0, 0.230951952186
1,6,1,1, 0.286473693136
1,6,1,4, 0.026017883369
1,6,1,5, 0.154507233566
1,6,1,6, 0.227773929436
1,6,1,9,-0.081129372238
1,6,2,2, 0.347118067699
1,6,2,7, 0.072873143103
1,6,3,3, 0.347118067699
1,6,3,8, 0.072873143103
1,6,4,0, 0.030712951757
1,6,4,1, 0.026017883369
1,6,4,4, 0.351597901711
1,6,4,5, 0.140200493908
1,6,4,6, 0.081129372238
1,6,4,9,-0.177213695335
1,6,5,0, 0.112464211645
1,6,5,1, 0.154507233566
1,6,5,4, 0.140200493908
1,6,5,5, 0.358283195208
1,6,5,6, 0.230951952186
1,6,5,9,-0.030712951757
1,6,6,0, 0.154507233566
1,6,6,1, 0.227773929436
1,6,6,4, 0.081129372238
1,6,6,5, 0.230951952186
1,6,6,6, 0.286473693136
1,6,6,9,-0.026017883369
1,6,7,2, 0.072873143103
1,6,7,7, 0.347118067699
1,6,8,3, 0.072873143103
1,6,8,8, 0.347118067699
1,6,9,0,-0.140200493908
1,6,9,1,-0.081129372238
1,6,9,4,-0.177213695335
1,6,9,5,-0.030712951757
1,6,9,6,-0.026017883369
1,6,9,9, 0.351597901711
1,7,0,2, 0.025482628168
1,7,0,7, 0.015072732644
1,7,1,2, 0.020973309908
1,7,1,7, 0.028332430932
1,7,2,0, 0.025482628168
1,7,2,1, 0.020973309908
1,7,2,4, 0.013375865088
1,7,2,5, 0.012529349725
1,7,2,6, 0.016373116199
1,7,2,9,-0.015961042845
1,7,4,2, 0.013375865088
1,7,4,7, 0.021684798558
1,7,5,2, 0.012529349725
1,7,5,7, 0.061591720697
1,7,6,2, 0.016373116199
1,7,6,7, 0.044254064614
1,7,7,0, 0.015072732644
1,7,7,1, 0.028332430932
1,7,7,4, 0.021684798558
1,7,7,5, 0.061591720697
1,7,7,6, 0.044254064614
1,7,7,9,-0.007084817084
1,7,9,2,-0.015961042845
1,7,9,7,-0.007084817084
1,8,0,3, 0.025482628168
1,8,0,8, 0.015072732644
1,8,1,3, 0.020973309908
1,8,1,8, 0.028332430932
1,8,3,0, 0.025482628168
1,8,3,1, 0.020973309908
1,8,3,4, 0.013375865088
1,8,3,5, 0.012529349725
1,8,3,6, 0.016373116199
1,8,3,9,-0.015961042845
1,8,4,3, 0.013375865088
1,8,4,8, 0.021684798558
1,8,5,3, 0.012529349725
1,8,5,8, 0.061591720697
1,8,6,3, 0.016373116199
1,8,6,8, 0.044254064614
1,8,8,0, 0.015072732644
1,8,8,1, 0.028332430932
1,8,8,4, 0.021684798558
1,8,8,5, 0.061591720697
1,8,8,6, 0.044254064614
1,8,8,9,-0.007084817084
1,8,9,3,-0.015961042845
1,8,9,8,-0.007084817084
1,9,0,0,-0.169936380829
1,9,0,1,-0.101871050903
1,9,0,4,-0.039505263561
1,9,0,5,-0.055262865901
1,9,0,6,-0.070370462897
1,9,0,9, 0.078337928632
1,9,1,0,-0.101871050903
1,9,1,1,-0.106398602282
1,9,1,4,-0.028086388318
1,9,1,5,-0.059340361815
1,9,1,6,-0.081129372238
1,9,1,9, 0.055120954458
1,9,2,2,-0.154483916716
1,9,2,7,-0.035305490117
1,9,3,3,-0.154483916716
1,9,3,8,-0.035305490117
1,9,4,0,-0.039505263561
1,9,4,1,-0.028086388318
1,9,4,4,-0.169785381905
1,9,4,5,-0.072830462948
1,9,4,6,-0.046243166624
1,9,4,9, 0.103104602707
1,9,5,0,-0.055262865901
1,9,5,1,-0.059340361815
1,9,5,4,-0.072830462948
1,9,5,5,-0.120108362194
1,9,5,6,-0.075267322603
1,9,5,9, 0.067788990421
1,9,6,0,-0.070370462897
1,9,6,1,-0.081129372238
1,9,6,4,-0.046243166624
1,9,6,5,-0.075267322603
1,9,6,6,-0.086320021813
1,9,6,9, 0.049145130969
1,9,7,2,-0.035305490117
1,9,7,7,-0.111180790058
1,9,8,3,-0.035305490117
1,9,8,8,-0.111180790058
1,9,9,0, 0.078337928632
1,9,9,1, 0.055120954458
1,9,9,4, 0.103104602707
1,9,9,5, 0.067788990421
1,9,9,6, 0.049145130969
1,9,9,9,-0.125964995511
2,0,0,2, 0.152608082603
2,0,0,7, 0.022180354989
2,0,1,2, 0.101353944495
2,0,1,7, 0.025482628168
2,0,2,0, 0.152608082603
2,0,2,1, 0.101353944495
2,0,2,5, 0.030001120180
2,0,2,6, 0.061591720697
2,0,2,9,-0.044373049667
2,0,4,7, 0.026142918625
2,0,5,2, 0.030001120180
2,0,5,7, 0.035917656340
2,0,6,2, 0.061591720697
2,0,6,7, 0.030811396605
2,0,7,0, 0.022180354989
2,0,7,1, 0.025482628168
2,0,7,4, 0.026142918625
2,0,7,5, 0.035917656340
2,0,7,6, 0.030811396605
2,0,7,9,-0.022373576338
2,0,9,2,-0.044373049667
2,0,9,7,-0.022373576338
2,1,0,2, 0.101353944495
2,1,0,7, 0.016632414449
2,1,1,2, 0.072461555243
2,1,1,7, 0.020973309908
2,1,2,0, 0.101353944495
2,1,2,1, 0.072461555243
2,1,2,5, 0.021396869538
2,1,2,6, 0.044254064614
2,1,2,9,-0.030665323842
2,1,4,7, 0.020205245249
2,1,5,2, 0.021396869538
2,1,5,7, 0.030811396605
2,1,6,2, 0.044254064614
2,1,6,7, 0.026242662934
2,1,7,0, 0.016632414449
2,1,7,1, 0.020973309908
2,1,7,4, 0.020205245249
2,1,7,5, 0.030811396605
2,1,7,6, 0.026242662934
2,1,7,9,-0.016924515304
2,1,9,2,-0.030665323842
2,1,9,7,-0.016924515304
2,2,0,0, 0.775037038942
2,2,0,1, 0.462081934851
2,2,0,5, 0.186571436052
2,2,0,6, 0.290272688929
2,2,0,9,-0.256347970320
2,2,1,0, 0.462081934851
2,2,1,1, 0.491073083906
2,2,1,5, 0.212748701747
2,2,1,6, 0.347118067699
2,2,1,9,-0.154483916716
2,2,2,2, 0.785718708997
2,2,2,7, 0.123818994199
2,2,3,3, 0.689508254834
2,2,3,8, 0.113173743105
2,2,4,4, 0.689508254834
2,2,4,5, 0.208780210990
2,2,4,6, 0.111180790058
2,2,4,9,-0.291827908370
2,2,5,0, 0.186571436052
2,2,5,1, 0.212748701747
2,2,5,4, 0.208780210990
2,2,5,5, 0.431548976445
2,2,5,6, 0.288945667426
2,2,5,9,-0.101965313935
2,2,6,0, 0.290272688929
2,2,6,1, 0.347118067699
2,2,6,4, 0.111180790058
2,2,6,5, 0.288945667426
2,2,6,6, 0.376744441512
2,2,6,9,-0.090011832072
2,2,7,2, 0.123818994199
2,2,7,7, 0.419350944238
2,2,8,3, 0.113173743105
2,2,8,8, 0.407050390182
2,2,9,0,-0.256347970320
2,2,9,1,-0.154483916716
2,2,9,4,-0.291827908370
2,2,9,5,-0.101965313935
2,2,9,6,-0.090011832072
2,2,9,9, 0.465846448196
2,3,2,3, 0.048105227081
2,3,2,8, 0.005322625547
2,3,3,2, 0.048105227081
2,3,3,7, 0.005322625547
2,3,7,3, 0.005322625547
2,3,7,8, 0.006150277028
2,3,8,2, 0.005322625547
2,3,8,7, 0.006150277028
2,4,0,7, 0.011197998926
2,4,1,7, 0.013375865088
2,4,2,4, 0.048105227081
2,4,2,5, 0.010863556698
2,4,2,6, 0.007084817084
2,4,2,9,-0.017937799984
2,4,4,2, 0.048105227081
2,4,4,7, 0.016844800026
2,4,5,2, 0.010863556698
2,4,5,7, 0.022373576338
2,4,6,2, 0.007084817084
2,4,6,7, 0.016924515304
2,4,7,0, 0.011197998926
2,4,7,1, 0.013375865088
2,4,7,4, 0.016844800026
2,4,7,5, 0.022373576338
2,4,7,6, 0.016924515304
2,4,7,9,-0.015436034120
2,4,9,2,-0.017937799984
2,4,9,7,-0.015436034120
2,5,0,2, 0.030001120180
2,5,0,7, 0.009309862208
2,5,1,2, 0.021396869538
2,5,1,7, 0.012529349725
2,5,2,0, 0.030001120180
2,5,2,1, 0.021396869538
2,5,2,4, 0.010863556698
2,5,2,5, 0.009900628840
2,5,2,6, 0.015072732644
2,5,2,9,-0.014424456223
2,5,4,2, 0.010863556698
2,5,4,7, 0.013008490255
2,5,5,2, 0.009900628840
2,5,5,7, 0.022180354989
2,5,6,2, 0.015072732644
2,5,6,7, 0.016632414449
2,5,7,0, 0.009309862208
2,5,7,1, 0.012529349725
2,5,7,4, 0.013008490255
2,5,7,5, 0.022180354989
2,5,7,6, 0.016632414449
2,5,7,9,-0.011197998926
2,5,9,2,-0.014424456223
2,5,9,7,-0.011197998926
2,6,0,2, 0.061591720697
2,6,0,7, 0.012529349725
2,6,1,2, 0.044254064614
2,6,1,7, 0.016373116199
2,6,2,0, 0.061591720697
2,6,2,1, 0.044254064614
2,6,2,4, 0.007084817084
2,6,2,5, 0.015072732644
2,6,2,6, 0.028332430932
2,6,2,9,-0.021684798558
2,6,4,2, 0.007084817084
2,6,4,7, 0.015961042845
2,6,5,2, 0.015072732644
2,6,5,7, 0.025482628168
2,6,6,2, 0.028332430932
2,6,6,7, 0.020973309908
2,6,7,0, 0.012529349725
2,6,7,1, 0.016373116199
2,6,7,4, 0.015961042845
2,6,7,5, 0.025482628168
2,6,7,6, 0.020973309908
2,6,7,9,-0.013375865088
2,6,9,2,-0.021684798558
2,6,9,7,-0.013375865088
2,7,0,0, 0.124538866432
2,7,0,1, 0.078021654577
2,7,0,4, 0.026142918625
2,7,0,5, 0.042885141612
2,7,0,6, 0.054477229106
2,7,0,9,-0.055975963514
2,7,1,0, 0.078021654577
2,7,1,1, 0.089131158400
2,7,1,4, 0.020205245249
2,7,1,5, 0.054477229106
2,7,1,6, 0.072873143103
2,7,1,9,-0.035305490117
2,7,2,2, 0.123818994199
2,7,2,7, 0.029939241713
2,7,3,3, 0.113173743105
2,7,3,8, 0.026273212115
2,7,4,0, 0.026142918625
2,7,4,1, 0.020205245249
2,7,4,4, 0.124695917583
2,7,4,5, 0.055975963514
2,7,4,6, 0.035305490117
2,7,4,9,-0.073547543622
2,7,5,0, 0.042885141612
2,7,5,1, 0.054477229106
2,7,5,4, 0.055975963514
2,7,5,5, 0.124538866432
2,7,5,6, 0.078021654577
2,7,5,9,-0.026142918625
2,7,6,0, 0.054477229106
2,7,6,1, 0.072873143103
2,7,6,4, 0.035305490117
2,7,6,5, 0.078021654577
2,7,6,6, 0.089131158400
2,7,6,9,-0.020205245249
2,7,7,2, 0.029939241713
2,7,7,7, 0.123818994199
2,7,8,3, 0.026273212115
2,7,8,8, 0.113173743105
2,7,9,0,-0.055975963514
2,7,9,1,-0.035305490117
2,7,9,4,-0.073547543622
2,7,9,5,-0.026142918625
2,7,9,6,-0.020205245249
2,7,9,9, 0.124695917583
2,8,2,3, 0.005322625547
2,8,2,8, 0.001833014799
2,8,3,2, 0.005322625547
2,8,3,7, 0.001833014799
2,8,7,3, 0.001833014799
2,8,7,8, 0.005322625547
2,8,8,2, 0.001833014799
2,8,8,7, 0.005322625547
2,9,0,2,-0.044373049667
2,9,0,7,-0.013008490255
2,9,1,2,-0.030665323842
2,9,1,7,-0.015961042845
2,9,2,0,-0.044373049667
2,9,2,1,-0.030665323842
2,9,2,4,-0.017937799984
2,9,2,5,-0.014424456223
2,9,2,6,-0.021684798558
2,9,2,9, 0.021797165946
2,9,4,2,-0.017937799984
2,9,4,7,-0.018131136349
2,9,5,2,-0.014424456223
2,9,5,7,-0.026142918625
2,9,6,2,-0.021684798558
2,9,6,7,-0.020205245249
2,9,7,0,-0.013008490255
2,9,7,1,-0.015961042845
2,9,7,4,-0.018131136349
2,9,7,5,-0.026142918625
2,9,7,6,-0.020205245249
2,9,7,9, 0.016844800026
2,9,9,2, 0.021797165946
2,9,9,7, 0.016844800026
3,0,0,3, 0.152608082603
3,0,0,8, 0.022180354989
3,0,1,3, 0.101353944495
3,0,1,8, 0.025482628168
3,0,3,0, 0.152608082603
3,0,3,1, 0.101353944495
3,0,3,5, 0.030001120180
3,0,3,6, 0.061591720697
3,0,3,9,-0.044373049667
3,0,4,8, 0.026142918625
3,0,5,3, 0.030001120180
3,0,5,8, 0.035917656340
3,0,6,3, 0.061591720697
3,0,6,8, 0.030811396605
3,0,8,0, 0.022180354989
3,0,8,1, 0.025482628168
3,0,8,4, 0.026142918625
3,0,8,5, 0.035917656340
3,0,8,6, 0.030811396605
3,0,8,9,-0.022373576338
3,0,9,3,-0.044373049667
3,0,9,8,-0.022373576338
3,1,0,3, 0.101353944495
3,1,0,8, 0.016632414449
3,1,1,3, 0.072461555243
3,1,1,8, 0.020973309908
3,1,3,0, 0.101353944495
3,1,3,1, 0.072461555243
3,1,3,5, 0.021396869538
3,1,3,6, 0.044254064614
3,1,3,9,-0.030665323842
3,1,4,8, 0.020205245249
3,1,5,3, 0.021396869538
3,1,5,8, 0.030811396605
3,1,6,3, 0.044254064614
3,1,6,8, 0.026242662934
3,1,8,0, 0.016632414449
3,1,8,1, 0.020973309908
3,1,8,4, 0.020205245249
3,1,8,5, 0.030811396605
3,1,8,6, 0.026242662934
3,1,8,9,-0.016924515304
3,1,9,3,-0.030665323842
3,1,9,8,-0.016924515304
3,2,2,3, 0.048105227081
3,2,2,8, 0.005322625547
3,2,3,2, 0.048105227081
3,2,3,7, 0.005322625547
3,2,7,3, 0.005322625547
3,2,7,8, 0.006150277028
3,2,8,2, 0.005322625547
3,2,8,7, 0.006150277028
3,3,0,0, 0.775037038942
3,3,0,1, 0.462081934851
3,3,0,5, 0.186571436052
3,3,0,6, 0.290272688929
3,3,0,9,-0.256347970320
3,3,1,0, 0.462081934851
3,3,1,1, 0.491073083906
3,3,1,5, 0.212748701747
3,3,1,6, 0.347118067699
3,3,1,9,-0.154483916716
3,3,2,2, 0.689508254834
3,3,2,7, 0.113173743105
3,3,3,3, 0.785718708997
3,3,3,8, 0.123818994199
3,3,4,4, 0.689508254834
3,3,4,5, 0.208780210990
3,3,4,6, 0.111180790058
3,3,4,9,-0.291827908370
3,3,5,0, 0.186571436052
3,3,5,1, 0.212748701747
3,3,5,4, 0.208780210990
3,3,5,5, 0.431548976445
3,3,5,6, 0.288945667426
3,3,5,9,-0.101965313935
3,3,6,0, 0.290272688929
3,3,6,1, 0.347118067699
3,3,6,4, 0.111180790058
3,3,6,5, 0.288945667426
3,3,6,6, 0.376744441512
3,3,6,9,-0.090011832072
3,3,7,2, 0.113173743105
3,3,7,7, 0.407050390182
3,3,8,3, 0.123818994199
3,3,8,8, 0.419350944238
3,3,9,0,-0.256347970320
3,3,9,1,-0.154483916716
3,3,9,4,-0.291827908370
3,3,9,5,-0.101965313935
3,3,9,6,-0.090011832072
3,3,9,9, 0.465846448196
3,4,0,8, 0.011197998926
3,4,1,8, 0.013375865088
3,4,3,4, 0.048105227081
3,4,3,5, 0.010863556698
3,4,3,6, 0.007084817084
3,4,3,9,-0.017937799984
3,4,4,3, 0.048105227081
3,4,4,8, 0.016844800026
3,4,5,3, 0.010863556698
3,4,5,8, 0.022373576338
3,4,6,3, 0.007084817084
3,4,6,8, 0.016924515304
3,4,8,0, 0.011197998926
3,4,8,1, 0.013375865088
3,4,8,4, 0.016844800026
3,4,8,5, 0.022373576338
3,4,8,6, 0.016924515304
3,4,8,9,-0.015436034120
3,4,9,3,-0.017937799984
3,4,9,8,-0.015436034120
3,5,0,3, 0.030001120180
3,5,0,8, 0.009309862208
3,5,1,3, 0.021396869538
3,5,1,8, 0.012529349725
3,5,3,0, 0.030001120180
3,5,3,1, 0.021396869538
3,5,3,4, 0.010863556698
3,5,3,5, 0.009900628840
3,5,3,6, 0.015072732644
3,5,3,9,-0.014424456223
3,5,4,3, 0.010863556698
3,5,4,8, 0.013008490255
3,5,5,3, 0.009900628840
3,5,5,8, 0.022180354989
3,5,6,3, 0.015072732644
3,5,6,8, 0.016632414449
3,5,8,0, 0.009309862208
3,5,8,1, 0.012529349725
3,5,8,4, 0.013008490255
3,5,8,5, 0.022180354989
3,5,8,6, 0.016632414449
3,5,8,9,-0.011197998926
3,5,9,3,-0.014424456223
3,5,9,8,-0.011197998926
3,6,0,3, 0.061591720697
3,6,0,8, 0.012529349725
3,6,1,3, 0.044254064614
3,6,1,8, 0.016373116199
3,6,3,0, 0.061591720697
3,6,3,1, 0.044254064614
3,6,3,4, 0.007084817084
3,6,3,5, 0.015072732644
3,6,3,6, 0.028332430932
3,6,3,9,-0.021684798558
3,6,4,3, 0.007084817084
3,6,4,8, 0.015961042845
3,6,5,3, 0.015072732644
3,6,5,8, 0.025482628168
3,6,6,3, 0.028332430932
3,6,6,8, 0.020973309908
3,6,8,0, 0.012529349725
3,6,8,1, 0.016373116199
3,6,8,4, 0.015961042845
3,6,8,5, 0.025482628168
3,6,8,6, 0.020973309908
3,6,8,9,-0.013375865088
3,6,9,3,-0.021684798558
3,6,9,8,-0.013375865088
3,7,2,3, 0.005322625547
3,7,2,8, 0.001833014799
3,7,3,2, 0.005322625547
3,7,3,7, 0.001833014799
3,7,7,3, 0.001833014799
3,7,7,8, 0.005322625547
3,7,8,2, 0.001833014799
3,7,8,7, 0.005322625547
3,8,0,0, 0.124538866432
3,8,0,1, 0.078021654577
3,8,0,4, 0.026142918625
3,8,0,5, 0.042885141612
3,8,0,6, 0.054477229106
3,8,0,9,-0.055975963514
3,8,1,0, 0.078021654577
3,8,1,1, 0.089131158400
3,8,1,4, 0.020205245249
3,8,1,5, 0.054477229106
3,8,1,6, 0.072873143103
3,8,1,9,-0.035305490117
3,8,2,2, 0.113173743105
3,8,2,7, 0.026273212115
3,8,3,3, 0.123818994199
3,8,3,8, 0.029939241713
3,8,4,0, 0.026142918625
3,8,4,1, 0.020205245249
3,8,4,4, 0.124695917583
3,8,4,5, 0.055975963514
3,8,4,6, 0.035305490117
3,8,4,9,-0.073547543622
3,8,5,0, 0.042885141612
3,8,5,1, 0.054477229106
3,8,5,4, 0.055975963514
3,8,5,5, 0.124538866432
3,8,5,6, 0.078021654577
3,8,5,9,-0.026142918625
3,8,6,0, 0.054477229106
3,8,6,1, 0.072873143103
3,8,6,4, 0.035305490117
3,8,6,5, 0.078021654577
3,8,6,6, 0.089131158400
3,8,6,9,-0.020205245249
3,8,7,2, 0.026273212115
3,8,7,7, 0.113173743105
3,8,8,3, 0.029939241713
3,8,8,8, 0.123818994199
3,8,9,0,-0.055975963514
3,8,9,1,-0.035305490117
3,8,9,4,-0.073547543622
3,8,9,5,-0.026142918625
3,8,9,6,-0.020205245249
3,8,9,9, 0.124695917583
3,9,0,3,-0.044373049667
3,9,0,8,-0.013008490255
3,9,1,3,-0.030665323842
3,9,1,8,-0.015961042845
3,9,3,0,-0.044373049667
3,9,3,1,-0.030665323842
3,9,3,4,-0.017937799984
3,9,3,5,-0.014424456223
3,9,3,6,-0.021684798558
3,9,3,9, 0.021797165946
3,9,4,3,-0.017937799984
3,9,4,8,-0.018131136349
3,9,5,3,-0.014424456223
3,9,5,8,-0.026142918625
3,9,6,3,-0.021684798558
3,9,6,8,-0.020205245249
3,9,8,0,-0.013008490255
3,9,8,1,-0.015961042845
3,9,8,4,-0.018131136349
3,9,8,5,-0.026142918625
3,9,8,6,-0.020205245249
3,9,8,9, 0.016844800026
3,9,9,3, 0.021797165946
3,9,9,8, 0.016844800026
4,0,0,4, 0.152608082603
4,0,0,5, 0.040956821285
4,0,0,6, 0.021734052822
4,0,0,9,-0.060455880791
4,0,1,4, 0.101353944495
4,0,1,5, 0.047849455916
4,0,1,6, 0.030712951757
4,0,1,9,-0.039505263561
4,0,2,7, 0.026142918625
4,0,3,8, 0.026142918625
4,0,4,0, 0.152608082603
4,0,4,1, 0.101353944495
4,0,4,5, 0.069214547375
4,0,4,6, 0.067788990421
4,0,4,9,-0.097543987642
4,0,5,0, 0.040956821285
4,0,5,1, 0.047849455916
4,0,5,4, 0.069214547375
4,0,5,5, 0.118892998926
4,0,5,6, 0.067862598209
4,0,5,9,-0.045478108825
4,0,6,0, 0.021734052822
4,0,6,1, 0.030712951757
4,0,6,4, 0.067788990421
4,0,6,5, 0.067862598209
4,0,6,6, 0.054949089675
4,0,6,9,-0.030739396264
4,0,7,2, 0.026142918625
4,0,7,7, 0.101965313935
4,0,8,3, 0.026142918625
4,0,8,8, 0.101965313935
4,0,9,0,-0.060455880791
4,0,9,1,-0.039505263561
4,0,9,4,-0.097543987642
4,0,9,5,-0.045478108825
4,0,9,6,-0.030739396264
4,0,9,9, 0.132317018718
4,1,0,4, 0.101353944495
4,1,0,5, 0.030636299840
4,1,0,6, 0.016345382874
4,1,0,9,-0.041822521645
4,1,1,4, 0.072461555243
4,1,1,5, 0.039491116837
4,1,1,6, 0.026017883369
4,1,1,9,-0.028086388318
4,1,2,7, 0.020205245249
4,1,3,8, 0.020205245249
4,1,4,0, 0.101353944495
4,1,4,1, 0.072461555243
4,1,4,5, 0.051981547229
4,1,4,6, 0.049145130969
4,1,4,9,-0.069042967514
4,1,5,0, 0.030636299840
4,1,5,1, 0.039491116837
4,1,5,4, 0.051981547229
4,1,5,5, 0.102283020330
4,1,5,6, 0.057956209700
4,1,5,9,-0.030739396264
4,1,6,0, 0.016345382874
4,1,6,1, 0.026017883369
4,1,6,4, 0.049145130969
4,1,6,5, 0.057956209700
4,1,6,6, 0.047779943432
4,1,6,9,-0.020226372215
4,1,7,2, 0.020205245249
4,1,7,7, 0.090011832072
4,1,8,3, 0.020205245249
4,1,8,8, 0.090011832072
4,1,9,0,-0.041822521645
4,1,9,1,-0.028086388318
4,1,9,4,-0.069042967514
4,1,9,5,-0.030739396264
4,1,9,6,-0.020226372215
4,1,9,9, 0.104064027713
4,2,0,7, 0.011197998926
4,2,1,7, 0.013375865088
4,2,2,4, 0.048105227081
4,2,2,5, 0.010863556698
4,2,2,6, 0.007084817084
4,2,2,9,-0.017937799984
4,2,4,2, 0.048105227081
4,2,4,7, 0.016844800026
4,2,5,2, 0.010863556698
4,2,5,7, 0.022373576338
4,2,6,2, 0.007084817084
4,2,6,7, 0.016924515304
4,2,7,0, 0.011197998926
4,2,7,1, 0.013375865088
4,2,7,4, 0.016844800026
4,2,7,5, 0.022373576338
4,2,7,6, 0.016924515304
4,2,7,9,-0.015436034120
4,2,9,2,-0.017937799984
4,2,9,7,-0.015436034120
4,3,0,8, 0.011197998926
4,3,1,8, 0.013375865088
4,3,3,4, 0.048105227081
4,3,3,5, 0.010863556698
4,3,3,6, 0.007084817084
4,3,3,9,-0.017937799984
4,3,4,3, 0.048105227081
4,3,4,8, 0.016844800026
4,3,5,3, 0.010863556698
4,3,5,8, 0.022373576338
4,3,6,3, 0.007084817084
4,3,6,8, 0.016924515304
4,3,8,0, 0.011197998926
4,3,8,1, 0.013375865088
4,3,8,4, 0.016844800026
4,3,8,5, 0.022373576338
4,3,8,6, 0.016924515304
4,3,8,9,-0.015436034120
4,3,9,3,-0.017937799984
4,3,9,8,-0.015436034120
4,4,0,0, 0.775037038942
4,4,0,1, 0.462081934851
4,4,0,5, 0.203354001229
4,4,0,6, 0.292967101788
4,4,0,9,-0.279181912227
4,4,1,0, 0.462081934851
4,4,1,1, 0.491073083906
4,4,1,5, 0.233965981949
4,4,1,6, 0.351597901711
4,4,1,9,-0.169785381905
4,4,2,2, 0.689508254834
4,4,2,7, 0.124695917583
4,4,3,3, 0.689508254834
4,4,3,8, 0.124695917583
4,4,4,4, 0.785718708997
4,4,4,5, 0.245820042565
4,4,4,6, 0.125964995511
4,4,4,9,-0.342767715847
4,4,5,0, 0.203354001229
4,4,5,1, 0.233965981949
4,4,5,4, 0.245820042565
4,4,5,5, 0.504840400475
4,4,5,6, 0.322357035889
4,4,5,9,-0.132317018718
4,4,6,0, 0.292967101788
4,4,6,1, 0.351597901711
4,4,6,4, 0.125964995511
4,4,6,5, 0.322357035889
4,4,6,6, 0.391280896122
4,4,6,9,-0.104064027713
4,4,7,2, 0.124695917583
4,4,7,7, 0.465846448196
4,4,8,3, 0.124695917583
4,4,8,8, 0.465846448196
4,4,9,0,-0.279181912227
4,4,9,1,-0.169785381905
4,4,9,4,-0.342767715847
4,4,9,5,-0.132317018718
4,4,9,6,-0.104064027713
4,4,9,9, 0.541809540271
4,5,0,0, 0.228725649368
4,5,0,1, 0.143154014536
4,5,0,4, 0.069214547375
4,5,0,5, 0.090688182264
4,5,0,6, 0.103947753803
4,5,0,9,-0.116440641954
4,5,1,0, 0.143154014536
4,5,1,1, 0.163465412522
4,5,1,4, 0.051981547229
4,5,1,5, 0.116644649720
4,5,1,6, 0.140200493908
4,5,1,9,-0.072830462948
4,5,2,2, 0.208780210990
4,5,2,7, 0.055975963514
4,5,3,3, 0.208780210990
4,5,3,8, 0.055975963514
4,5,4,0, 0.069214547375
4,5,4,1, 0.051981547229
4,5,4,4, 0.245820042565
4,5,4,5, 0.126027295053
4,5,4,6, 0.078337928632
4,5,4,9,-0.162158011540
4,5,5,0, 0.090688182264
4,5,5,1, 0.116644649720
4,5,5,4, 0.126027295053
4,5,5,5, 0.290217544430
4,5,5,6, 0.170133267125
4,5,5,9,-0.060455880791
4,5,6,0, 0.103947753803
4,5,6,1, 0.140200493908
4,5,6,4, 0.078337928632
4,5,6,5, 0.170133267125
4,5,6,6, 0.178132048244
4,5,6,9,-0.041822521645
4,5,7,2, 0.055975963514
4,5,7,7, 0.256347970320
4,5,8,3, 0.055975963514
4,5,8,8, 0.256347970320
4,5,9,0,-0.116440641954
4,5,9,1,-0.072830462948
4,5,9,4,-0.162158011540
4,5,9,5,-0.060455880791
4,5,9,6,-0.041822521645
4,5,9,9, 0.279181912227
4,6,0,0, 0.120108362194
4,6,0,1, 0.075267322603
4,6,0,4, 0.067788990421
4,6,0,5, 0.055262865901
4,6,0,6, 0.059340361815
4,6,0,9,-0.072830462948
4,6,1,0, 0.075267322603
4,6,1,1, 0.086320021813
4,6,1,4, 0.049145130969
4,6,1,5, 0.070370462897
4,6,1,6, 0.081129372238
4,6,1,9,-0.046243166624
4,6,2,2, 0.111180790058
4,6,2,7, 0.035305490117
4,6,3,3, 0.111180790058
4,6,3,8, 0.035305490117
4,6,4,0, 0.067788990421
4,6,4,1, 0.049145130969
4,6,4,4, 0.125964995511
4,6,4,5, 0.078337928632
4,6,4,6, 0.055120954458
4,6,4,9,-0.103104602707
4,6,5,0, 0.055262865901
4,6,5,1, 0.070370462897
4,6,5,4, 0.078337928632
4,6,5,5, 0.169936380829
4,6,5,6, 0.101871050903
4,6,5,9,-0.039505263561
4,6,6,0, 0.059340361815
4,6,6,1, 0.081129372238
4,6,6,4, 0.055120954458
4,6,6,5, 0.101871050903
4,6,6,6, 0.106398602282
4,6,6,9,-0.028086388318
4,6,7,2, 0.035305490117
4,6,7,7, 0.154483916716
4,6,8,3, 0.035305490117
4,6,8,8, 0.154483916716
4,6,9,0,-0.072830462948
4,6,9,1,-0.046243166624
4,6,9,4,-0.103104602707
4,6,9,5,-0.039505263561
4,6,9,6,-0.028086388318
4,6,9,9, 0.169785381905
4,7,0,2, 0.026142918625
4,7,0,7, 0.014424456223
4,7,1,2, 0.020205245249
4,7,1,7, 0.021684798558
4,7,2,0, 0.026142918625
4,7,2,1, 0.020205245249
4,7,2,4, 0.016844800026
4,7,2,5, 0.013008490255
4,7,2,6, 0.015961042845
4,7,2,9,-0.018131136349
4,7,4,2, 0.016844800026
4,7,4,7, 0.021797165946
4,7,5,2, 0.013008490255
4,7,5,7, 0.044373049667
4,7,6,2, 0.015961042845
4,7,6,7, 0.030665323842
4,7,7,0, 0.014424456223
4,7,7,1, 0.021684798558
4,7,7,4, 0.021797165946
4,7,7,5, 0.044373049667
4,7,7,6, 0.030665323842
4,7,7,9,-0.017937799984
4,7,9,2,-0.018131136349
4,7,9,7,-0.017937799984
4,8,0,3, 0.026142918625
4,8,0,8, 0.014424456223
4,8,1,3, 0.020205245249
4,8,1,8, 0.021684798558
4,8,3,0, 0.026142918625
4,8,3,1, 0.020205245249
4,8,3,4, 0.016844800026
4,8,3,5, 0.013008490255
4,8,3,6, 0.015961042845
4,8,3,9,-0.018131136349
4,8,4,3, 0.016844800026
4,8,4,8, 0.021797165946
4,8,5,3, 0.013008490255
4,8,5,8, 0.044373049667
4,8,6,3, 0.015961042845
4,8,6,8, 0.030665323842
4,8,8,0, 0.014424456223
4,8,8,1, 0.021684798558
4,8,8,4, 0.021797165946
4,8,8,5, 0.044373049667
4,8,8,6, 0.030665323842
4,8,8,9,-0.017937799984
4,8,9,3,-0.018131136349
4,8,9,8,-0.017937799984
4,9,0,0,-0.325612822635
4,9,0,1,-0.197774701963
4,9,0,4,-0.097543987642
4,9,0,5,-0.118908181446
4,9,0,6,-0.141177136130
4,9,0,9, 0.162158011540
4,9,1,0,-0.197774701963
4,9,1,1,-0.214661476305
4,9,1,4,-0.069042967514
4,9,1,5,-0.141177136130
4,9,1,6,-0.177213695335
4,9,1,9, 0.103104602707
4,9,2,2,-0.291827908370
4,9,2,7,-0.073547543622
4,9,3,3,-0.291827908370
4,9,3,8,-0.073547543622
4,9,4,0,-0.097543987642
4,9,4,1,-0.069042967514
4,9,4,4,-0.342767715847
4,9,4,5,-0.162158011540
4,9,4,6,-0.103104602707
4,9,4,9, 0.221686384800
4,9,5,0,-0.118908181446
4,9,5,1,-0.141177136130
4,9,5,4,-0.162158011540
4,9,5,5,-0.325612822635
4,9,5,6,-0.197774701963
4,9,5,9, 0.097543987642
4,9,6,0,-0.141177136130
4,9,6,1,-0.177213695335
4,9,6,4,-0.103104602707
4,9,6,5,-0.197774701963
4,9,6,6,-0.214661476305
4,9,6,9, 0.069042967514
4,9,7,2,-0.073547543622
4,9,7,7,-0.291827908370
4,9,8,3,-0.073547543622
4,9,8,8,-0.291827908370
4,9,9,0, 0.162158011540
4,9,9,1, 0.103104602707
4,9,9,4, 0.221686384800
4,9,9,5, 0.097543987642
4,9,9,6, 0.069042967514
4,9,9,9,-0.342767715847
5,0,0,0, 0.206270947770
5,0,0,1, 0.124855028179
5,0,0,4, 0.040956821285
5,0,0,5, 0.069231689608
5,0,0,6, 0.086621947086
5,0,0,9,-0.090688182264
5,0,1,0, 0.124855028179
5,0,1,1, 0.137986940387
5,0,1,4, 0.030636299840
5,0,1,5, 0.086621947086
5,0,1,6, 0.112464211645
5,0,1,9,-0.055262865901
5,0,2,2, 0.186571436052
5,0,2,7, 0.042885141612
5,0,3,3, 0.186571436052
5,0,3,8, 0.042885141612
5,0,4,0, 0.040956821285
5,0,4,1, 0.030636299840
5,0,4,4, 0.203354001229
5,0,4,5, 0.090688182264
5,0,4,6, 0.055262865901
5,0,4,9,-0.118908181446
5,0,5,0, 0.069231689608
5,0,5,1, 0.086621947086
5,0,5,4, 0.090688182264
5,0,5,5, 0.206270947770
5,0,5,6, 0.124855028179
5,0,5,9,-0.040956821285
5,0,6,0, 0.086621947086
5,0,6,1, 0.112464211645
5,0,6,4, 0.055262865901
5,0,6,5, 0.124855028179
5,0,6,6, 0.137986940387
5,0,6,9,-0.030636299840
5,0,7,2, 0.042885141612
5,0,7,7, 0.186571436052
5,0,8,3, 0.042885141612
5,0,8,8, 0.186571436052
5,0,9,0,-0.090688182264
5,0,9,1,-0.055262865901
5,0,9,4,-0.118908181446
5,0,9,5,-0.040956821285
5,0,9,6,-0.030636299840
5,0,9,9, 0.203354001229
5,1,0,0, 0.225366510553
5,1,0,1, 0.145140559750
5,1,0,4, 0.047849455916
5,1,0,5, 0.086621947086
5,1,0,6, 0.103626111595
5,1,0,9,-0.103947753803
5,1,1,0, 0.145140559750
5,1,1,1, 0.177588653190
5,1,1,4, 0.039491116837
5,1,1,5, 0.123397801578
5,1,1,6, 0.154507233566
5,1,1,9,-0.059340361815
5,1,2,2, 0.212748701747
5,1,2,7, 0.054477229106
5,1,3,3, 0.212748701747
5,1,3,8, 0.054477229106
5,1,4,0, 0.047849455916
5,1,4,1, 0.039491116837
5,1,4,4, 0.233965981949
5,1,4,5, 0.116644649720
5,1,4,6, 0.070370462897
5,1,4,9,-0.141177136130
5,1,5,0, 0.086621947086
5,1,5,1, 0.123397801578
5,1,5,4, 0.116644649720
5,1,5,5, 0.316352031692
5,1,5,6, 0.189216468247
5,1,5,9,-0.021734052822
5,1,6,0, 0.103626111595
5,1,6,1, 0.154507233566
5,1,6,4, 0.070370462897
5,1,6,5, 0.189216468247
5,1,6,6, 0.206302905192
5,1,6,9,-0.016345382874
5,1,7,2, 0.054477229106
5,1,7,7, 0.290272688929
5,1,8,3, 0.054477229106
5,1,8,8, 0.290272688929
5,1,9,0,-0.103947753803
5,1,9,1,-0.059340361815
5,1,9,4,-0.141177136130
5,1,9,5,-0.021734052822
5,1,9,6,-0.016345382874
5,1,9,9, 0.292967101788
5,2,0,2, 0.030001120180
5,2,0,7, 0.009309862208
5,2,1,2, 0.021396869538
5,2,1,7, 0.012529349725
5,2,2,0, 0.030001120180
5,2,2,1, 0.021396869538
5,2,2,4, 0.010863556698
5,2,2,5, 0.009900628840
5,2,2,6, 0.015072732644
5,2,2,9,-0.014424456223
5,2,4,2, 0.010863556698
5,2,4,7, 0.013008490255
5,2,5,2, 0.009900628840
5,2,5,7, 0.022180354989
5,2,6,2, 0.015072732644
5,2,6,7, 0.016632414449
5,2,7,0, 0.009309862208
5,2,7,1, 0.012529349725
5,2,7,4, 0.013008490255
5,2,7,5, 0.022180354989
5,2,7,6, 0.016632414449
5,2,7,9,-0.011197998926
5,2,9,2,-0.014424456223
5,2,9,7,-0.011197998926
5,3,0,3, 0.030001120180
5,3,0,8, 0.009309862208
5,3,1,3, 0.021396869538
5,3,1,8, 0.012529349725
5,3,3,0, 0.030001120180
5,3,3,1, 0.021396869538
5,3,3,4, 0.010863556698
5,3,3,5, 0.009900628840
5,3,3,6, 0.015072732644
5,3,3,9,-0.014424456223
5,3,4,3, 0.010863556698
5,3,4,8, 0.013008490255
5,3,5,3, 0.009900628840
5,3,5,8, 0.022180354989
5,3,6,3, 0.015072732644
5,3,6,8, 0.016632414449
5,3,8,0, 0.009309862208
5,3,8,1, 0.012529349725
5,3,8,4, 0.013008490255
5,3,8,5, 0.022180354989
5,3,8,6, 0.016632414449
5,3,8,9,-0.011197998926
5,3,9,3,-0.014424456223
5,3,9,8,-0.011197998926
5,4,0,0, 0.228725649368
5,4,0,1, 0.143154014536
5,4,0,4, 0.069214547375
5,4,0,5, 0.090688182264
5,4,0,6, 0.103947753803
5,4,0,9,-0.116440641954
5,4,1,0, 0.143154014536
5,4,1,1, 0.163465412522
5,4,1,4, 0.051981547229
5,4,1,5, 0.116644649720
5,4,1,6, 0.140200493908
5,4,1,9,-0.072830462948
5,4,2,2, 0.208780210990
5,4,2,7, 0.055975963514
5,4,3,3, 0.208780210990
5,4,3,8, 0.055975963514
5,4,4,0, 0.069214547375
5,4,4,1, 0.051981547229
5,4,4,4, 0.245820042565
5,4,4,5, 0.126027295053
5,4,4,6, 0.078337928632
5,4,4,9,-0.162158011540
5,4,5,0, 0.090688182264
5,4,5,1, 0.116644649720
5,4,5,4, 0.126027295053
5,4,5,5, 0.290217544430
5,4,5,6, 0.170133267125
5,4,5,9,-0.060455880791
5,4,6,0, 0.103947753803
5,4,6,1, 0.140200493908
5,4,6,4, 0.078337928632
5,4,6,5, 0.170133267125
5,4,6,6, 0.178132048244
5,4,6,9,-0.041822521645
5,4,7,2, 0.055975963514
5,4,7,7, 0.256347970320
5,4,8,3, 0.055975963514
5,4,8,8, 0.256347970320
5,4,9,0,-0.116440641954
5,4,9,1,-0.072830462948
5,4,9,4,-0.162158011540
5,4,9,5,-0.060455880791
5,4,9,6,-0.041822521645
5,4,9,9, 0.279181912227
5,5,0,0, 0.459222504378
5,5,0,1, 0.303993494073
5,5,0,4, 0.118892998926
5,5,0,5, 0.206270947770
5,5,0,6, 0.225366510553
5,5,0,9,-0.228725649368
5,5,1,0, 0.303993494073
5,5,1,1, 0.387640279274
5,5,1,4, 0.102283020330
5,5,1,5, 0.316352031692
5,5,1,6, 0.358283195208
5,5,1,9,-0.120108362194
5,5,2,2, 0.431548976445
5,5,2,7, 0.124538866432
5,5,3,3, 0.431548976445
5,5,3,8, 0.124538866432
5,5,4,0, 0.118892998926
5,5,4,1, 0.102283020330
5,5,4,4, 0.504840400475
5,5,4,5, 0.290217544430
5,5,4,6, 0.169936380829
5,5,4,9,-0.325612822635
5,5,5,0, 0.206270947770
5,5,5,1, 0.316352031692
5,5,5,4, 0.290217544430
5,5,5,5, 0.897251802255
5,5,5,6, 0.504699283325
5,5,6,0, 0.225366510553
5,5,6,1, 0.358283195208
5,5,6,4, 0.169936380829
5,5,6,5, 0.504699283325
5,5,6,6, 0.507364877272
5,5,7,2, 0.124538866432
5,5,7,7, 0.775037038942
5,5,8,3, 0.124538866432
5,5,8,8, 0.775037038942
5,5,9,0,-0.228725649368
5,5,9,1,-0.120108362194
5,5,9,4,-0.325612822635
5,5,9,9, 0.775037038942
5,6,0,0, 0.303993494073
5,6,0,1, 0.200051507375
5,6,0,4, 0.067862598209
5,6,0,5, 0.124855028179
5,6,0,6, 0.145140559750
5,6,0,9,-0.143154014536
5,6,1,0, 0.200051507375
5,6,1,1, 0.255420841704
5,6,1,4, 0.057956209700
5,6,1,5, 0.189216468247
5,6,1,6, 0.230951952186
5,6,1,9,-0.075267322603
5,6,2,2, 0.288945667426
5,6,2,7, 0.078021654577
5,6,3,3, 0.288945667426
5,6,3,8, 0.078021654577
5,6,4,0, 0.067862598209
5,6,4,1, 0.057956209700
5,6,4,4, 0.322357035889
5,6,4,5, 0.170133267125
5,6,4,6, 0.101871050903
5,6,4,9,-0.197774701963
5,6,5,0, 0.124855028179
5,6,5,1, 0.189216468247
5,6,5,4, 0.170133267125
5,6,5,5, 0.504699283325
5,6,5,6, 0.300015949963
5,6,6,0, 0.145140559750
5,6,6,1, 0.230951952186
5,6,6,4, 0.101871050903
5,6,6,5, 0.300015949963
5,6,6,6, 0.324022459289
5,6,7,2, 0.078021654577
5,6,7,7, 0.462081934851
5,6,8,3, 0.078021654577
5,6,8,8, 0.462081934851
5,6,9,0,-0.143154014536
5,6,9,1,-0.075267322603
5,6,9,4,-0.197774701963
5,6,9,9, 0.462081934851
5,7,0,2, 0.035917656340
5,7,0,7, 0.030001120180
5,7,1,2, 0.030811396605
5,7,1,7, 0.061591720697
5,7,2,0, 0.035917656340
5,7,2,1, 0.030811396605
5,7,2,4, 0.022373576338
5,7,2,5, 0.022180354989
5,7,2,6, 0.025482628168
5,7,2,9,-0.026142918625
5,7,4,2, 0.022373576338
5,7,4,7, 0.044373049667
5,7,5,2, 0.022180354989
5,7,5,7, 0.152608082603
5,7,6,2, 0.025482628168
5,7,6,7, 0.101353944495
5,7,7,0, 0.030001120180
5,7,7,1, 0.061591720697
5,7,7,4, 0.044373049667
5,7,7,5, 0.152608082603
5,7,7,6, 0.101353944495
5,7,9,2,-0.026142918625
5,8,0,3, 0.035917656340
5,8,0,8, 0.030001120180
5,8,1,3, 0.030811396605
5,8,1,8, 0.061591720697
5,8,3,0, 0.035917656340
5,8,3,1, 0.030811396605
5,8,3,4, 0.022373576338
5,8,3,5, 0.022180354989
5,8,3,6, 0.025482628168
5,8,3,9,-0.026142918625
5,8,4,3, 0.022373576338
5,8,4,8, 0.044373049667
5,8,5,3, 0.022180354989
5,8,5,8, 0.152608082603
5,8,6,3, 0.025482628168
5,8,6,8, 0.101353944495
5,8,8,0, 0.030001120180
5,8,8,1, 0.061591720697
5,8,8,4, 0.044373049667
5,8,8,5, 0.152608082603
5,8,8,6, 0.101353944495
5,8,9,3,-0.026142918625
5,9,0,0,-0.118892998926
5,9,0,1,-0.067862598209
5,9,0,4,-0.045478108825
5,9,0,5,-0.040956821285
5,9,0,6,-0.047849455916
5,9,0,9, 0.069214547375
5,9,1,0,-0.067862598209
5,9,1,1,-0.054949089675
5,9,1,4,-0.030739396264
5,9,1,5,-0.021734052822
5,9,1,6,-0.030712951757
5,9,1,9, 0.067788990421
5,9,2,2,-0.101965313935
5,9,2,7,-0.026142918625
5,9,3,3,-0.101965313935
5,9,3,8,-0.026142918625
5,9,4,0,-0.045478108825
5,9,4,1,-0.030739396264
5,9,4,4,-0.132317018718
5,9,4,5,-0.060455880791
5,9,4,6,-0.039505263561
5,9,4,9, 0.097543987642
5,9,5,0,-0.040956821285
5,9,5,1,-0.021734052822
5,9,5,4,-0.060455880791
5,9,5,9, 0.152608082603
5,9,6,0,-0.047849455916
5,9,6,1,-0.030712951757
5,9,6,4,-0.039505263561
5,9,6,9, 0.101353944495
5,9,7,2,-0.026142918625
5,9,8,3,-0.026142918625
5,9,9,0, 0.069214547375
5,9,9,1, 0.067788990421
5,9,9,4, 0.097543987642
5,9,9,5, 0.152608082603
5,9,9,6, 0.101353944495
6,0,0,0, 0.316352031692
6,0,0,1, 0.189216468247
6,0,0,4, 0.021734052822
6,0,0,5, 0.086621947086
6,0,0,6, 0.123397801578
6,0,0,9,-0.116644649720
6,0,1,0, 0.189216468247
6,0,1,1, 0.206302905192
6,0,1,4, 0.016345382874
6,0,1,5, 0.103626111595
6,0,1,6, 0.154507233566
6,0,1,9,-0.070370462897
6,0,2,2, 0.290272688929
6,0,2,7, 0.054477229106
6,0,3,3, 0.290272688929
6,0,3,8, 0.054477229106
6,0,4,0, 0.021734052822
6,0,4,1, 0.016345382874
6,0,4,4, 0.292967101788
6,0,4,5, 0.103947753803
6,0,4,6, 0.059340361815
6,0,4,9,-0.141177136130
6,0,5,0, 0.086621947086
6,0,5,1, 0.103626111595
6,0,5,4, 0.103947753803
6,0,5,5, 0.225366510553
6,0,5,6, 0.145140559750
6,0,5,9,-0.047849455916
6,0,6,0, 0.123397801578
6,0,6,1, 0.154507233566
6,0,6,4, 0.059340361815
6,0,6,5, 0.145140559750
6,0,6,6, 0.177588653190
6,0,6,9,-0.039491116837
6,0,7,2, 0.054477229106
6,0,7,7, 0.212748701747
6,0,8,3, 0.054477229106
6,0,8,8, 0.212748701747
6,0,9,0,-0.116644649720
6,0,9,1,-0.070370462897
6,0,9,4,-0.141177136130
6,0,9,5,-0.047849455916
6,0,9,6,-0.039491116837
6,0,9,9, 0.233965981949
6,1,0,0, 0.358283195208
6,1,0,1, 0.230951952186
6,1,0,4, 0.030712951757
6,1,0,5, 0.112464211645
6,1,0,6, 0.154507233566
6,1,0,9,-0.140200493908
6,1,1,0, 0.230951952186
6,1,1,1, 0.286473693136
6,1,1,4, 0.026017883369
6,1,1,5, 0.154507233566
6,1,1,6, 0.227773929436
6,1,1,9,-0.081129372238
6,1,2,2, 0.347118067699
6,1,2,7, 0.072873143103
6,1,3,3, 0.347118067699
6,1,3,8, 0.072873143103
6,1,4,0, 0.030712951757
6,1,4,1, 0.026017883369
6,1,4,4, 0.351597901711
6,1,4,5, 0.140200493908
6,1,4,6, 0.081129372238
6,1,4,9,-0.177213695335
6,1,5,0, 0.112464211645
6,1,5,1, 0.154507233566
6,1,5,4, 0.140200493908
6,1,5,5, 0.358283195208
6,1,5,6, 0.230951952186
6,1,5,9,-0.030712951757
6,1,6,0, 0.154507233566
6,1,6,1, 0.227773929436
6,1,6,4, 0.081129372238
6,1,6,5, 0.230951952186
6,1,6,6, 0.286473693136
6,1,6,9,-0.026017883369
6,1,7,2, 0.072873143103
6,1,7,7, 0.347118067699
6,1,8,3, 0.072873143103
6,1,8,8, 0.347118067699
6,1,9,0,-0.140200493908
6,1,9,1,-0.081129372238
6,1,9,4,-0.177213695335
6,1,9,5,-0.030712951757
6,1,9,6,-0.026017883369
6,1,9,9, 0.351597901711
6,2,0,2, 0.061591720697
6,2,0,7, 0.012529349725
6,2,1,2, 0.044254064614
6,2,1,7, 0.016373116199
6,2,2,0, 0.061591720697
6,2,2,1, 0.044254064614
6,2,2,4, 0.007084817084
6,2,2,5, 0.015072732644
6,2,2,6, 0.028332430932
6,2,2,9,-0.021684798558
6,2,4,2, 0.007084817084
6,2,4,7, 0.015961042845
6,2,5,2, 0.015072732644
6,2,5,7, 0.025482628168
6,2,6,2, 0.028332430932
6,2,6,7, 0.020973309908
6,2,7,0, 0.012529349725
6,2,7,1, 0.016373116199
6,2,7,4, 0.015961042845
6,2,7,5, 0.025482628168
6,2,7,6, 0.020973309908
6,2,7,9,-0.013375865088
6,2,9,2,-0.021684798558
6,2,9,7,-0.013375865088
6,3,0,3, 0.061591720697
6,3,0,8, 0.012529349725
6,3,1,3, 0.044254064614
6,3,1,8, 0.016373116199
6,3,3,0, 0.061591720697
6,3,3,1, 0.044254064614
6,3,3,4, 0.007084817084
6,3,3,5, 0.015072732644
6,3,3,6, 0.028332430932
6,3,3,9,-0.021684798558
6,3,4,3, 0.007084817084
6,3,4,8, 0.015961042845
6,3,5,3, 0.015072732644
6,3,5,8, 0.025482628168
6,3,6,3, 0.028332430932
6,3,6,8, 0.020973309908
6,3,8,0, 0.012529349725
6,3,8,1, 0.016373116199
6,3,8,4, 0.015961042845
6,3,8,5, 0.025482628168
6,3,8,6, 0.020973309908
6,3,8,9,-0.013375865088
6,3,9,3,-0.021684798558
6,3,9,8,-0.013375865088
6,4,0,0, 0.120108362194
6,4,0,1, 0.075267322603
6,4,0,4, 0.067788990421
6,4,0,5, 0.055262865901
6,4,0,6, 0.059340361815
6,4,0,9,-0.072830462948
6,4,1,0, 0.075267322603
6,4,1,1, 0.086320021813
6,4,1,4, 0.049145130969
6,4,1,5, 0.070370462897
6,4,1,6, 0.081129372238
6,4,1,9,-0.046243166624
6,4,2,2, 0.111180790058
6,4,2,7, 0.035305490117
6,4,3,3, 0.111180790058
6,4,3,8, 0.035305490117
6,4,4,0, 0.067788990421
6,4,4,1, 0.049145130969
6,4,4,4, 0.125964995511
6,4,4,5, 0.078337928632
6,4,4,6, 0.055120954458
6,4,4,9,-0.103104602707
6,4,5,0, 0.055262865901
6,4,5,1, 0.070370462897
6,4,5,4, 0.078337928632
6,4,5,5, 0.169936380829
6,4,5,6, 0.101871050903
6,4,5,9,-0.039505263561
6,4,6,0, 0.059340361815
6,4,6,1, 0.081129372238
6,4,6,4, 0.055120954458
6,4,6,5, 0.101871050903
6,4,6,6, 0.106398602282
6,4,6,9,-0.028086388318
6,4,7,2, 0.035305490117
6,4,7,7, 0.154483916716
6,4,8,3, 0.035305490117
6,4,8,8, 0.154483916716
6,4,9,0,-0.072830462948
6,4,9,1,-0.046243166624
6,4,9,4,-0.103104602707
6,4,9,5,-0.039505263561
6,4,9,6,-0.028086388318
6,4,9,9, 0.169785381905
6,5,0,0, 0.303993494073
6,5,0,1, 0.200051507375
6,5,0,4, 0.067862598209
6,5,0,5, 0.124855028179
6,5,0,6, 0.145140559750
6,5,0,9,-0.143154014536
6,5,1,0, 0.200051507375
6,5,1,1, 0.255420841704
6,5,1,4, 0.057956209700
6,5,1,5, 0.189216468247
6,5,1,6, 0.230951952186
6,5,1,9,-0.075267322603
6,5,2,2, 0.288945667426
6,5,2,7, 0.078021654577
6,5,3,3, 0.288945667426
6,5,3,8, 0.078021654577
6,5,4,0, 0.067862598209
6,5,4,1, 0.057956209700
6,5,4,4, 0.322357035889
6,5,4,5, 0.170133267125
6,5,4,6, 0.101871050903
6,5,4,9,-0.197774701963
6,5,5,0, 0.124855028179
6,5,5,1, 0.189216468247
6,5,5,4, 0.170133267125
6,5,5,5, 0.504699283325
6,5,5,6, 0.300015949963
6,5,6,0, 0.145140559750
6,5,6,1, 0.230951952186
6,5,6,4, 0.101871050903
6,5,6,5, 0.300015949963
6,5,6,6, 0.324022459289
6,5,7,2, 0.078021654577
6,5,7,7, 0.462081934851
6,5,8,3, 0.078021654577
6,5,8,8, 0.462081934851
6,5,9,0,-0.143154014536
6,5,9,1,-0.075267322603
6,5,9,4,-0.197774701963
6,5,9,9, 0.462081934851
6,6,0,0, 0.387640279274
6,6,0,1, 0.255420841704
6,6,0,4, 0.054949089675
6,6,0,5, 0.137986940387
6,6,0,6, 0.177588653190
6,6,0,9,-0.163465412522
6,6,1,0, 0.255420841704
6,6,1,1, 0.332544303233
6,6,1,4, 0.047779943432
6,6,1,5, 0.206302905192
6,6,1,6, 0.286473693136
6,6,1,9,-0.086320021813
6,6,2,2, 0.376744441512
6,6,2,7, 0.089131158400
6,6,3,3, 0.376744441512
6,6,3,8, 0.089131158400
6,6,4,0, 0.054949089675
6,6,4,1, 0.047779943432
6,6,4,4, 0.391280896122
6,6,4,5, 0.178132048244
6,6,4,6, 0.106398602282
6,6,4,9,-0.214661476305
6,6,5,0, 0.137986940387
6,6,5,1, 0.206302905192
6,6,5,4, 0.178132048244
6,6,5,5, 0.507364877272
6,6,5,6, 0.324022459289
6,6,6,0, 0.177588653190
6,6,6,1, 0.286473693136
6,6,6,4, 0.106398602282
6,6,6,5, 0.324022459289
6,6,6,6, 0.394125899248
6,6,7,2, 0.089131158400
6,6,7,7, 0.491073083906
6,6,8,3, 0.089131158400
6,6,8,8, 0.491073083906
6,6,9,0,-0.163465412522
6,6,9,1,-0.086320021813
6,6,9,4,-0.214661476305
6,6,9,9, 0.491073083906
6,7,0,2, 0.030811396605
6,7,0,7, 0.021396869538
6,7,1,2, 0.026242662934
6,7,1,7, 0.044254064614
6,7,2,0, 0.030811396605
6,7,2,1, 0.026242662934
6,7,2,4, 0.016924515304
6,7,2,5, 0.016632414449
6,7,2,6, 0.020973309908
6,7,2,9,-0.020205245249
6,7,4,2, 0.016924515304
6,7,4,7, 0.030665323842
6,7,5,2, 0.016632414449
6,7,5,7, 0.101353944495
6,7,6,2, 0.020973309908
6,7,6,7, 0.072461555243
6,7,7,0, 0.021396869538
6,7,7,1, 0.044254064614
6,7,7,4, 0.030665323842
6,7,7,5, 0.101353944495
6,7,7,6, 0.072461555243
6,7,9,2,-0.020205245249
6,8,0,3, 0.030811396605
6,8,0,8, 0.021396869538
6,8,1,3, 0.026242662934
6,8,1,8, 0.044254064614
6,8,3,0, 0.030811396605
6,8,3,1, 0.026242662934
6,8,3,4, 0.016924515304
6,8,3,5, 0.016632414449
6,8,3,6, 0.020973309908
6,8,3,9,-0.020205245249
6,8,4,3, 0.016924515304
6,8,4,8, 0.030665323842
6,8,5,3, 0.016632414449
6,8,5,8, 0.101353944495
6,8,6,3, 0.020973309908
6,8,6,8, 0.072461555243
6,8,8,0, 0.021396869538
6,8,8,1, 0.044254064614
6,8,8,4, 0.030665323842
6,8,8,5, 0.101353944495
6,8,8,6, 0.072461555243
6,8,9,3,-0.020205245249
6,9,0,0,-0.102283020330
6,9,0,1,-0.057956209700
6,9,0,4,-0.030739396264
6,9,0,5,-0.030636299840
6,9,0,6,-0.039491116837
6,9,0,9, 0.051981547229
6,9,1,0,-0.057956209700
6,9,1,1,-0.047779943432
6,9,1,4,-0.020226372215
6,9,1,5,-0.016345382874
6,9,1,6,-0.026017883369
6,9,1,9, 0.049145130969
6,9,2,2,-0.090011832072
6,9,2,7,-0.020205245249
6,9,3,3,-0.090011832072
6,9,3,8,-0.020205245249
6,9,4,0,-0.030739396264
6,9,4,1,-0.020226372215
6,9,4,4,-0.104064027713
6,9,4,5,-0.041822521645
6,9,4,6,-0.028086388318
6,9,4,9, 0.069042967514
6,9,5,0,-0.030636299840
6,9,5,1,-0.016345382874
6,9,5,4,-0.041822521645
6,9,5,9, 0.101353944495
6,9,6,0,-0.039491116837
6,9,6,1,-0.026017883369
6,9,6,4,-0.028086388318
6,9,6,9, 0.072461555243
6,9,7,2,-0.020205245249
6,9,8,3,-0.020205245249
6,9,9,0, 0.051981547229
6,9,9,1, 0.049145130969
6,9,9,4, 0.069042967514
6,9,9,5, 0.101353944495
6,9,9,6, 0.072461555243
7,0,0,2, 0.022180354989
7,0,0,7, 0.009900628840
7,0,1,2, 0.016632414449
7,0,1,7, 0.015072732644
7,0,2,0, 0.022180354989
7,0,2,1, 0.016632414449
7,0,2,4, 0.011197998926
7,0,2,5, 0.009309862208
7,0,2,6, 0.012529349725
7,0,2,9,-0.013008490255
7,0,4,2, 0.011197998926
7,0,4,7, 0.014424456223
7,0,5,2, 0.009309862208
7,0,5,7, 0.030001120180
7,0,6,2, 0.012529349725
7,0,6,7, 0.021396869538
7,0,7,0, 0.009900628840
7,0,7,1, 0.015072732644
7,0,7,4, 0.014424456223
7,0,7,5, 0.030001120180
7,0,7,6, 0.021396869538
7,0,7,9,-0.010863556698
7,0,9,2,-0.013008490255
7,0,9,7,-0.010863556698
7,1,0,2, 0.025482628168
7,1,0,7, 0.015072732644
7,1,1,2, 0.020973309908
7,1,1,7, 0.028332430932
7,1,2,0, 0.025482628168
7,1,2,1, 0.020973309908
7,1,2,4, 0.013375865088
7,1,2,5, 0.012529349725
7,1,2,6, 0.016373116199
7,1,2,9,-0.015961042845
7,1,4,2, 0.013375865088
7,1,4,7, 0.021684798558
7,1,5,2, 0.012529349725
7,1,5,7, 0.061591720697
7,1,6,2, 0.016373116199
7,1,6,7, 0.044254064614
7,1,7,0, 0.015072732644
7,1,7,1, 0.028332430932
7,1,7,4, 0.021684798558
7,1,7,5, 0.061591720697
7,1,7,6, 0.044254064614
7,1,7,9,-0.007084817084
7,1,9,2,-0.015961042845
7,1,9,7,-0.007084817084
7,2,0,0, 0.124538866432
7,2,0,1, 0.078021654577
7,2,0,4, 0.026142918625
7,2,0,5, 0.042885141612
7,2,0,6, 0.054477229106
7,2,0,9,-0.055975963514
7,2,1,0, 0.078021654577
7,2,1,1, 0.089131158400
7,2,1,4, 0.020205245249
7,2,1,5, 0.054477229106
7,2,1,6, 0.072873143103
7,2,1,9,-0.035305490117
7,2,2,2, 0.123818994199
7,2,2,7, 0.029939241713
7,2,3,3, 0.113173743105
7,2,3,8, 0.026273212115
7,2,4,0, 0.026142918625
7,2,4,1, 0.020205245249
7,2,4,4, 0.124695917583
7,2,4,5, 0.055975963514
7,2,4,6, 0.035305490117
7,2,4,9,-0.073547543622
7,2,5,0, 0.042885141612
7,2,5,1, 0.054477229106
7,2,5,4, 0.055975963514
7,2,5,5, 0.124538866432
7,2,5,6, 0.078021654577
7,2,5,9,-0.026142918625
7,2,6,0, 0.054477229106
7,2,6,1, 0.072873143103
7,2,6,4, 0.035305490117
7,2,6,5, 0.078021654577
7,2,6,6, 0.089131158400
7,2,6,9,-0.020205245249
7,2,7,2, 0.029939241713
7,2,7,7, 0.123818994199
7,2,8,3, 0.026273212115
7,2,8,8, 0.113173743105
7,2,9,0,-0.055975963514
7,2,9,1,-0.035305490117
7,2,9,4,-0.073547543622
7,2,9,5,-0.026142918625
7,2,9,6,-0.020205245249
7,2,9,9, 0.124695917583
7,3,2,3, 0.005322625547
7,3,2,8, 0.001833014799
7,3,3,2, 0.005322625547
7,3,3,7, 0.001833014799
7,3,7,3, 0.001833014799
7,3,7,8, 0.005322625547
7,3,8,2, 0.001833014799
7,3,8,7, 0.005322625547
7,4,0,2, 0.026142918625
7,4,0,7, 0.014424456223
7,4,1,2, 0.020205245249
7,4,1,7, 0.021684798558
7,4,2,0, 0.026142918625
7,4,2,1, 0.020205245249
7,4,2,4, 0.016844800026
7,4,2,5, 0.013008490255
7,4,2,6, 0.015961042845
7,4,2,9,-0.018131136349
7,4,4,2, 0.016844800026
7,4,4,7, 0.021797165946
7,4,5,2, 0.013008490255
7,4,5,7, 0.044373049667
7,4,6,2, 0.015961042845
7,4,6,7, 0.030665323842
7,4,7,0, 0.014424456223
7,4,7,1, 0.021684798558
7,4,7,4, 0.021797165946
7,4,7,5, 0.044373049667
7,4,7,6, 0.030665323842
7,4,7,9,-0.017937799984
7,4,9,2,-0.018131136349
7,4,9,7,-0.017937799984
7,5,0,2, 0.035917656340
7,5,0,7, 0.030001120180
7,5,1,2, 0.030811396605
7,5,1,7, 0.061591720697
7,5,2,0, 0.035917656340
7,5,2,1, 0.030811396605
7,5,2,4, 0.022373576338
7,5,2,5, 0.022180354989
7,5,2,6, 0.025482628168
7,5,2,9,-0.026142918625
7,5,4,2, 0.022373576338
7,5,4,7, 0.044373049667
7,5,5,2, 0.022180354989
7,5,5,7, 0.152608082603
7,5,6,2, 0.025482628168
7,5,6,7, 0.101353944495
7,5,7,0, 0.030001120180
7,5,7,1, 0.061591720697
7,5,7,4, 0.044373049667
7,5,7,5, 0.152608082603
7,5,7,6, 0.101353944495
7,5,9,2,-0.026142918625
7,6,0,2, 0.030811396605
7,6,0,7, 0.021396869538
7,6,1,2, 0.026242662934
7,6,1,7, 0.044254064614
7,6,2,0, 0.030811396605
7,6,2,1, 0.026242662934
7,6,2,4, 0.016924515304
7,6,2,5, 0.016632414449
7,6,2,6, 0.020973309908
7,6,2,9,-0.020205245249
7,6,4,2, 0.016924515304
7,6,4,7, 0.030665323842
7,6,5,2, 0.016632414449
7,6,5,7, 0.101353944495
7,6,6,2, 0.020973309908
7,6,6,7, 0.072461555243
7,6,7,0, 0.021396869538
7,6,7,1, 0.044254064614
7,6,7,4, 0.030665323842
7,6,7,5, 0.101353944495
7,6,7,6, 0.072461555243
7,6,9,2,-0.020205245249
7,7,0,0, 0.431548976445
7,7,0,1, 0.288945667426
7,7,0,4, 0.101965313935
7,7,0,5, 0.186571436052
7,7,0,6, 0.212748701747
7,7,0,9,-0.208780210990
7,7,1,0, 0.288945667426
7,7,1,1, 0.376744441512
7,7,1,4, 0.090011832072
7,7,1,5, 0.290272688929
7,7,1,6, 0.347118067699
7,7,1,9,-0.111180790058
7,7,2,2, 0.419350944238
7,7,2,7, 0.123818994199
7,7,3,3, 0.407050390182
7,7,3,8, 0.113173743105
7,7,4,0, 0.101965313935
7,7,4,1, 0.090011832072
7,7,4,4, 0.465846448196
7,7,4,5, 0.256347970320
7,7,4,6, 0.154483916716
7,7,4,9,-0.291827908370
7,7,5,0, 0.186571436052
7,7,5,1, 0.290272688929
7,7,5,4, 0.256347970320
7,7,5,5, 0.775037038942
7,7,5,6, 0.462081934851
7,7,6,0, 0.212748701747
7,7,6,1, 0.347118067699
7,7,6,4, 0.154483916716
7,7,6,5, 0.462081934851
7,7,6,6, 0.491073083906
7,7,7,2, 0.123818994199
7,7,7,7, 0.785718708997
7,7,8,3, 0.113173743105
7,7,8,8, 0.689508254834
7,7,9,0,-0.208780210990
7,7,9,1,-0.111180790058
7,7,9,4,-0.291827908370
7,7,9,9, 0.689508254834
7,8,2,3, 0.006150277028
7,8,2,8, 0.005322625547
7,8,3,2, 0.006150277028
7,8,3,7, 0.005322625547
7,8,7,3, 0.005322625547
7,8,7,8, 0.048105227081
7,8,8,2, 0.005322625547
7,8,8,7, 0.048105227081
7,9,0,2,-0.022373576338
7,9,0,7,-0.010863556698
7,9,1,2,-0.016924515304
7,9,1,7,-0.007084817084
7,9,2,0,-0.022373576338
7,9,2,1,-0.016924515304
7,9,2,4,-0.015436034120
7,9,2,5,-0.011197998926
7,9,2,6,-0.013375865088
7,9,2,9, 0.016844800026
7,9,4,2,-0.015436034120
7,9,4,7,-0.017937799984
7,9,5,2,-0.011197998926
7,9,6,2,-0.013375865088
7,9,7,0,-0.010863556698
7,9,7,1,-0.007084817084
7,9,7,4,-0.017937799984
7,9,7,9, 0.048105227081
7,9,9,2, 0.016844800026
7,9,9,7, 0.048105227081
8,0,0,3, 0.022180354989
8,0,0,8, 0.009900628840
8,0,1,3, 0.016632414449
8,0,1,8, 0.015072732644
8,0,3,0, 0.022180354989
8,0,3,1, 0.016632414449
8,0,3,4, 0.011197998926
8,0,3,5, 0.009309862208
8,0,3,6, 0.012529349725
8,0,3,9,-0.013008490255
8,0,4,3, 0.011197998926
8,0,4,8, 0.014424456223
8,0,5,3, 0.009309862208
8,0,5,8, 0.030001120180
8,0,6,3, 0.012529349725
8,0,6,8, 0.021396869538
8,0,8,0, 0.009900628840
8,0,8,1, 0.015072732644
8,0,8,4, 0.014424456223
8,0,8,5, 0.030001120180
8,0,8,6, 0.021396869538
8,0,8,9,-0.010863556698
8,0,9,3,-0.013008490255
8,0,9,8,-0.010863556698
8,1,0,3, 0.025482628168
8,1,0,8, 0.015072732644
8,1,1,3, 0.020973309908
8,1,1,8, 0.028332430932
8,1,3,0, 0.025482628168
8,1,3,1, 0.020973309908
8,1,3,4, 0.013375865088
8,1,3,5, 0.012529349725
8,1,3,6, 0.016373116199
8,1,3,9,-0.015961042845
8,1,4,3, 0.013375865088
8,1,4,8, 0.021684798558
8,1,5,3, 0.012529349725
8,1,5,8, 0.061591720697
8,1,6,3, 0.016373116199
8,1,6,8, 0.044254064614
8,1,8,0, 0.015072732644
8,1,8,1, 0.028332430932
8,1,8,4, 0.021684798558
8,1,8,5, 0.061591720697
8,1,8,6, 0.044254064614
8,1,8,9,-0.007084817084
8,1,9,3,-0.015961042845
8,1,9,8,-0.007084817084
8,2,2,3, 0.005322625547
8,2,2,8, 0.001833014799
8,2,3,2, 0.005322625547
8,2,3,7, 0.001833014799
8,2,7,3, 0.001833014799
8,2,7,8, 0.005322625547
8,2,8,2, 0.001833014799
8,2,8,7, 0.005322625547
8,3,0,0, 0.124538866432
8,3,0,1, 0.078021654577
8,3,0,4, 0.026142918625
8,3,0,5, 0.042885141612
8,3,0,6, 0.054477229106
8,3,0,9,-0.055975963514
8,3,1,0, 0.078021654577
8,3,1,1, 0.089131158400
8,3,1,4, 0.020205245249
8,3,1,5, 0.054477229106
8,3,1,6, 0.072873143103
8,3,1,9,-0.035305490117
8,3,2,2, 0.113173743105
8,3,2,7, 0.026273212115
8,3,3,3, 0.123818994199
8,3,3,8, 0.029939241713
8,3,4,0, 0.026142918625
8,3,4,1, 0.020205245249
8,3,4,4, 0.124695917583
8,3,4,5, 0.055975963514
8,3,4,6, 0.035305490117
8,3,4,9,-0.073547543622
8,3,5,0, 0.042885141612
8,3,5,1, 0.054477229106
8,3,5,4, 0.055975963514
8,3,5,5, 0.124538866432
8,3,5,6, 0.078021654577
8,3,5,9,-0.026142918625
8,3,6,0, 0.054477229106
8,3,6,1, 0.072873143103
8,3,6,4, 0.035305490117
8,3,6,5, 0.078021654577
8,3,6,6, 0.089131158400
8,3,6,9,-0.020205245249
8,3,7,2, 0.026273212115
8,3,7,7, 0.113173743105
8,3,8,3, 0.029939241713
8,3,8,8, 0.123818994199
8,3,9,0,-0.055975963514
8,3,9,1,-0.035305490117
8,3,9,4,-0.073547543622
8,3,9,5,-0.026142918625
8,3,9,6,-0.020205245249
8,3,9,9, 0.124695917583
8,4,0,3, 0.026142918625
8,4,0,8, 0.014424456223
8,4,1,3, 0.020205245249
8,4,1,8, 0.021684798558
8,4,3,0, 0.026142918625
8,4,3,1, 0.020205245249
8,4,3,4, 0.016844800026
8,4,3,5, 0.013008490255
8,4,3,6, 0.015961042845
8,4,3,9,-0.018131136349
8,4,4,3, 0.016844800026
8,4,4,8, 0.021797165946
8,4,5,3, 0.013008490255
8,4,5,8, 0.044373049667
8,4,6,3, 0.015961042845
8,4,6,8, 0.030665323842
8,4,8,0, 0.014424456223
8,4,8,1, 0.021684798558
8,4,8,4, 0.021797165946
8,4,8,5, 0.044373049667
8,4,8,6, 0.030665323842
8,4,8,9,-0.017937799984
8,4,9,3,-0.018131136349
8,4,9,8,-0.017937799984
8,5,0,3, 0.035917656340
8,5,0,8, 0.030001120180
8,5,1,3, 0.030811396605
8,5,1,8, 0.061591720697
8,5,3,0, 0.035917656340
8,5,3,1, 0.030811396605
8,5,3,4, 0.022373576338
8,5,3,5, 0.022180354989
8,5,3,6, 0.025482628168
8,5,3,9,-0.026142918625
8,5,4,3, 0.022373576338
8,5,4,8, 0.044373049667
8,5,5,3, 0.022180354989
8,5,5,8, 0.152608082603
8,5,6,3, 0.025482628168
8,5,6,8, 0.101353944495
8,5,8,0, 0.030001120180
8,5,8,1, 0.061591720697
8,5,8,4, 0.044373049667
8,5,8,5, 0.152608082603
8,5,8,6, 0.101353944495
8,5,9,3,-0.026142918625
8,6,0,3, 0.030811396605
8,6,0,8, 0.021396869538
8,6,1,3, 0.026242662934
8,6,1,8, 0.044254064614
8,6,3,0, 0.030811396605
8,6,3,1, 0.026242662934
8,6,3,4, 0.016924515304
8,6,3,5, 0.016632414449
8,6,3,6, 0.020973309908
8,6,3,9,-0.020205245249
8,6,4,3, 0.016924515304
8,6,4,8, 0.030665323842
8,6,5,3, 0.016632414449
8,6,5,8, 0.101353944495
8,6,6,3, 0.020973309908
8,6,6,8, 0.072461555243
8,6,8,0, 0.021396869538
8,6,8,1, 0.044254064614
8,6,8,4, 0.030665323842
8,6,8,5, 0.101353944495
8,6,8,6, 0.072461555243
8,6,9,3,-0.020205245249
8,7,2,3, 0.006150277028
8,7,2,8, 0.005322625547
8,7,3,2, 0.006150277028
8,7,3,7, 0.005322625547
8,7,7,3, 0.005322625547
8,7,7,8, 0.048105227081
8,7,8,2, 0.005322625547
8,7,8,7, 0.048105227081
8,8,0,0, 0.431548976445
8,8,0,1, 0.288945667426
8,8,0,4, 0.101965313935
8,8,0,5, 0.186571436052
8,8,0,6, 0.212748701747
8,8,0,9,-0.208780210990
8,8,1,0, 0.288945667426
8,8,1,1, 0.376744441512
8,8,1,4, 0.090011832072
8,8,1,5, 0.290272688929
8,8,1,6, 0.347118067699
8,8,1,9,-0.111180790058
8,8,2,2, 0.407050390182
8,8,2,7, 0.113173743105
8,8,3,3, 0.419350944238
8,8,3,8, 0.123818994199
8,8,4,0, 0.101965313935
8,8,4,1, 0.090011832072
8,8,4,4, 0.465846448196
8,8,4,5, 0.256347970320
8,8,4,6, 0.154483916716
8,8,4,9,-0.291827908370
8,8,5,0, 0.186571436052
8,8,5,1, 0.290272688929
8,8,5,4, 0.256347970320
8,8,5,5, 0.775037038942
8,8,5,6, 0.462081934851
8,8,6,0, 0.212748701747
8,8,6,1, 0.347118067699
8,8,6,4, 0.154483916716
8,8,6,5, 0.462081934851
8,8,6,6, 0.491073083906
8,8,7,2, 0.113173743105
8,8,7,7, 0.689508254834
8,8,8,3, 0.123818994199
8,8,8,8, 0.785718708997
8,8,9,0,-0.208780210990
8,8,9,1,-0.111180790058
8,8,9,4,-0.291827908370
8,8,9,9, 0.689508254834
8,9,0,3,-0.022373576338
8,9,0,8,-0.010863556698
8,9,1,3,-0.016924515304
8,9,1,8,-0.007084817084
8,9,3,0,-0.022373576338
8,9,3,1,-0.016924515304
8,9,3,4,-0.015436034120
8,9,3,5,-0.011197998926
8,9,3,6,-0.013375865088
8,9,3,9, 0.016844800026
8,9,4,3,-0.015436034120
8,9,4,8,-0.017937799984
8,9,5,3,-0.011197998926
8,9,6,3,-0.013375865088
8,9,8,0,-0.010863556698
8,9,8,1,-0.007084817084
8,9,8,4,-0.017937799984
8,9,8,9, 0.048105227081
8,9,9,3, 0.016844800026
8,9,9,8, 0.048105227081
9,0,0,0,-0.290217544430
9,0,0,1,-0.170133267125
9,0,0,4,-0.060455880791
9,0,0,5,-0.090688182264
9,0,0,6,-0.116644649720
9,0,0,9, 0.126027295053
9,0,1,0,-0.170133267125
9,0,1,1,-0.178132048244
9,0,1,4,-0.041822521645
9,0,1,5,-0.103947753803
9,0,1,6,-0.140200493908
9,0,1,9, 0.078337928632
9,0,2,2,-0.256347970320
9,0,2,7,-0.055975963514
9,0,3,3,-0.256347970320
9,0,3,8,-0.055975963514
9,0,4,0,-0.060455880791
9,0,4,1,-0.041822521645
9,0,4,4,-0.279181912227
9,0,4,5,-0.116440641954
9,0,4,6,-0.072830462948
9,0,4,9, 0.162158011540
9,0,5,0,-0.090688182264
9,0,5,1,-0.103947753803
9,0,5,4,-0.116440641954
9,0,5,5,-0.228725649368
9,0,5,6,-0.143154014536
9,0,5,9, 0.069214547375
9,0,6,0,-0.116644649720
9,0,6,1,-0.140200493908
9,0,6,4,-0.072830462948
9,0,6,5,-0.143154014536
9,0,6,6,-0.163465412522
9,0,6,9, 0.051981547229
9,0,7,2,-0.055975963514
9,0,7,7,-0.208780210990
9,0,8,3,-0.055975963514
9,0,8,8,-0.208780210990
9,0,9,0, 0.126027295053
9,0,9,1, 0.078337928632
9,0,9,4, 0.162158011540
9,0,9,5, 0.069214547375
9,0,9,6, 0.051981547229
9,0,9,9,-0.245820042565
9,1,0,0,-0.169936380829
9,1,0,1,-0.101871050903
9,1,0,4,-0.039505263561
9,1,0,5,-0.055262865901
9,1,0,6,-0.070370462897
9,1,0,9, 0.078337928632
9,1,1,0,-0.101871050903
9,1,1,1,-0.106398602282
9,1,1,4,-0.028086388318
9,1,1,5,-0.059340361815
9,1,1,6,-0.081129372238
9,1,1,9, 0.055120954458
9,1,2,2,-0.154483916716
9,1,2,7,-0.035305490117
9,1,3,3,-0.154483916716
9,1,3,8,-0.035305490117
9,1,4,0,-0.039505263561
9,1,4,1,-0.028086388318
9,1,4,4,-0.169785381905
9,1,4,5,-0.072830462948
9,1,4,6,-0.046243166624
9,1,4,9, 0.103104602707
9,1,5,0,-0.055262865901
9,1,5,1,-0.059340361815
9,1,5,4,-0.072830462948
9,1,5,5,-0.120108362194
9,1,5,6,-0.075267322603
9,1,5,9, 0.067788990421
9,1,6,0,-0.070370462897
9,1,6,1,-0.081129372238
9,1,6,4,-0.046243166624
9,1,6,5,-0.075267322603
9,1,6,6,-0.086320021813
9,1,6,9, 0.049145130969
9,1,7,2,-0.035305490117
9,1,7,7,-0.111180790058
9,1,8,3,-0.035305490117
9,1,8,8,-0.111180790058
9,1,9,0, 0.078337928632
9,1,9,1, 0.055120954458
9,1,9,4, 0.103104602707
9,1,9,5, 0.067788990421
9,1,9,6, 0.049145130969
9,1,9,9,-0.125964995511
9,2,0,2,-0.044373049667
9,2,0,7,-0.013008490255
9,2,1,2,-0.030665323842
9,2,1,7,-0.015961042845
9,2,2,0,-0.044373049667
9,2,2,1,-0.030665323842
9,2,2,4,-0.017937799984
9,2,2,5,-0.014424456223
9,2,2,6,-0.021684798558
9,2,2,9, 0.021797165946
9,2,4,2,-0.017937799984
9,2,4,7,-0.018131136349
9,2,5,2,-0.014424456223
9,2,5,7,-0.026142918625
9,2,6,2,-0.021684798558
9,2,6,7,-0.020205245249
9,2,7,0,-0.013008490255
9,2,7,1,-0.015961042845
9,2,7,4,-0.018131136349
9,2,7,5,-0.026142918625
9,2,7,6,-0.020205245249
9,2,7,9, 0.016844800026
9,2,9,2, 0.021797165946
9,2,9,7, 0.016844800026
9,3,0,3,-0.044373049667
9,3,0,8,-0.013008490255
9,3,1,3,-0.030665323842
9,3,1,8,-0.015961042845
9,3,3,0,-0.044373049667
9,3,3,1,-0.030665323842
9,3,3,4,-0.017937799984
9,3,3,5,-0.014424456223
9,3,3,6,-0.021684798558
9,3,3,9, 0.021797165946
9,3,4,3,-0.017937799984
9,3,4,8,-0.018131136349
9,3,5,3,-0.014424456223
9,3,5,8,-0.026142918625
9,3,6,3,-0.021684798558
9,3,6,8,-0.020205245249
9,3,8,0,-0.013008490255
9,3,8,1,-0.015961042845
9,3,8,4,-0.018131136349
9,3,8,5,-0.026142918625
9,3,8,6,-0.020205245249
9,3,8,9, 0.016844800026
9,3,9,3, 0.021797165946
9,3,9,8, 0.016844800026
9,4,0,0,-0.325612822635
9,4,0,1,-0.197774701963
9,4,0,4,-0.097543987642
9,4,0,5,-0.118908181446
9,4,0,6,-0.141177136130
9,4,0,9, 0.162158011540
9,4,1,0,-0.197774701963
9,4,1,1,-0.214661476305
9,4,1,4,-0.069042967514
9,4,1,5,-0.141177136130
9,4,1,6,-0.177213695335
9,4,1,9, 0.103104602707
9,4,2,2,-0.291827908370
9,4,2,7,-0.073547543622
9,4,3,3,-0.291827908370
9,4,3,8,-0.073547543622
9,4,4,0,-0.097543987642
9,4,4,1,-0.069042967514
9,4,4,4,-0.342767715847
9,4,4,5,-0.162158011540
9,4,4,6,-0.103104602707
9,4,4,9, 0.221686384800
9,4,5,0,-0.118908181446
9,4,5,1,-0.141177136130
9,4,5,4,-0.162158011540
9,4,5,5,-0.325612822635
9,4,5,6,-0.197774701963
9,4,5,9, 0.097543987642
9,4,6,0,-0.141177136130
9,4,6,1,-0.177213695335
9,4,6,4,-0.103104602707
9,4,6,5,-0.197774701963
9,4,6,6,-0.214661476305
9,4,6,9, 0.069042967514
9,4,7,2,-0.073547543622
9,4,7,7,-0.291827908370
9,4,8,3,-0.073547543622
9,4,8,8,-0.291827908370
9,4,9,0, 0.162158011540
9,4,9,1, 0.103104602707
9,4,9,4, 0.221686384800
9,4,9,5, 0.097543987642
9,4,9,6, 0.069042967514
9,4,9,9,-0.342767715847
9,5,0,0,-0.118892998926
9,5,0,1,-0.067862598209
9,5,0,4,-0.045478108825
9,5,0,5,-0.040956821285
9,5,0,6,-0.047849455916
9,5,0,9, 0.069214547375
9,5,1,0,-0.067862598209
9,5,1,1,-0.054949089675
9,5,1,4,-0.030739396264
9,5,1,5,-0.021734052822
9,5,1,6,-0.030712951757
9,5,1,9, 0.067788990421
9,5,2,2,-0.101965313935
9,5,2,7,-0.026142918625
9,5,3,3,-0.101965313935
9,5,3,8,-0.026142918625
9,5,4,0,-0.045478108825
9,5,4,1,-0.030739396264
9,5,4,4,-0.132317018718
9,5,4,5,-0.060455880791
9,5,4,6,-0.039505263561
9,5,4,9, 0.097543987642
9,5,5,0,-0.040956821285
9,5,5,1,-0.021734052822
9,5,5,4,-0.060455880791
9,5,5,9, 0.152608082603
9,5,6,0,-0.047849455916
9,5,6,1,-0.030712951757
9,5,6,4,-0.039505263561
9,5,6,9, 0.101353944495
9,5,7,2,-0.026142918625
9,5,8,3,-0.026142918625
9,5,9,0, 0.069214547375
9,5,9,1, 0.067788990421
9,5,9,4, 0.097543987642
9,5,9,5, 0.152608082603
9,5,9,6, 0.101353944495
9,6,0,0,-0.102283020330
9,6,0,1,-0.057956209700
9,6,0,4,-0.030739396264
9,6,0,5,-0.030636299840
9,6,0,6,-0.039491116837
9,6,0,9, 0.051981547229
9,6,1,0,-0.057956209700
9,6,1,1,-0.047779943432
9,6,1,4,-0.020226372215
9,6,1,5,-0.016345382874
9,6,1,6,-0.026017883369
9,6,1,9, 0.049145130969
9,6,2,2,-0.090011832072
9,6,2,7,-0.020205245249
9,6,3,3,-0.090011832072
9,6,3,8,-0.020205245249
9,6,4,0,-0.030739396264
9,6,4,1,-0.020226372215
9,6,4,4,-0.104064027713
9,6,4,5,-0.041822521645
9,6,4,6,-0.028086388318
9,6,4,9, 0.069042967514
9,6,5,0,-0.030636299840
9,6,5,1,-0.016345382874
9,6,5,4,-0.041822521645
9,6,5,9, 0.101353944495
9,6,6,0,-0.039491116837
9,6,6,1,-0.026017883369
9,6,6,4,-0.028086388318
9,6,6,9, 0.072461555243
9,6,7,2,-0.020205245249
9,6,8,3,-0.020205245249
9,6,9,0, 0.051981547229
9,6,9,1, 0.049145130969
9,6,9,4, 0.069042967514
9,6,9,5, 0.101353944495
9,6,9,6, 0.072461555243
9,7,0,2,-0.022373576338
9,7,0,7,-0.010863556698
9,7,1,2,-0.016924515304
9,7,1,7,-0.007084817084
9,7,2,0,-0.022373576338
9,7,2,1,-0.016924515304
9,7,2,4,-0.015436034120
9,7,2,5,-0.011197998926
9,7,2,6,-0.013375865088
9,7,2,9, 0.016844800026
9,7,4,2,-0.015436034120
9,7,4,7,-0.017937799984
9,7,5,2,-0.011197998926
9,7,6,2,-0.013375865088
9,7,7,0,-0.010863556698
9,7,7,1,-0.007084817084
9,7,7,4,-0.017937799984
9,7,7,9, 0.048105227081
9,7,9,2, 0.016844800026
9,7,9,7, 0.048105227081
9,8,0,3,-0.022373576338
9,8,0,8,-0.010863556698
9,8,1,3,-0.016924515304
9,8,1,8,-0.007084817084
9,8,3,0,-0.022373576338
9,8,3,1,-0.016924515304
9,8,3,4,-0.015436034120
9,8,3,5,-0.011197998926
9,8,3,6,-0.013375865088
9,8,3,9, 0.016844800026
9,8,4,3,-0.015436034120
9,8,4,8,-0.017937799984
9,8,5,3,-0.011197998926
9,8,6,3,-0.013375865088
9,8,8,0,-0.010863556698
9,8,8,1,-0.007084817084
9,8,8,4,-0.017937799984
9,8,8,9, 0.048105227081
9,8,9,3, 0.016844800026
9,8,9,8, 0.048105227081
9,9,0,0, 0.504840400475
9,9,0,1, 0.322357035889
9,9,0,4, 0.132317018718
9,9,0,5, 0.203354001229
9,9,0,6, 0.233965981949
9,9,0,9,-0.245820042565
9,9,1,0, 0.322357035889
9,9,1,1, 0.391280896122
9,9,1,4, 0.104064027713
9,9,1,5, 0.292967101788
9,9,1,6, 0.351597901711
9,9,1,9,-0.125964995511
9,9,2,2, 0.465846448196
9,9,2,7, 0.124695917583
9,9,3,3, 0.465846448196
9,9,3,8, 0.124695917583
9,9,4,0, 0.132317018718
9,9,4,1, 0.104064027713
9,9,4,4, 0.541809540271
9,9,4,5, 0.279181912227
9,9,4,6, 0.169785381905
9,9,4,9,-0.342767715847
9,9,5,0, 0.203354001229
9,9,5,1, 0.292967101788
9,9,5,4, 0.279181912227
9,9,5,5, 0.775037038942
9,9,5,6, 0.462081934851
9,9,6,0, 0.233965981949
9,9,6,1, 0.351597901711
9,9,6,4, 0.169785381905
9,9,6,5, 0.462081934851
9,9,6,6, 0.491073083906
9,9,7,2, 0.124695917583
9,9,7,7, 0.689508254834
9,9,8,3, 0.124695917583
9,9,8,8, 0.689508254834
9,9,9,0,-0.245820042565
9,9,9,1,-0.125964995511
9,9,9,4,-0.342767715847
9,9,9,9, 0.785718708997
