0,0,0,0, 0.897251802255
0,0,0,1, 0.504699283325
0,0,0,5, 0.105385640088
0,0,0,6, 0.247390627544
0,0,0,9,-0.148908968492
0,0,1,0, 0.504699283325
0,0,1,1, 0.507364877272
0,0,1,5, 0.156021118635
0,0,1,6, 0.298771029127
0,0,1,9,-0.126819722417
0,0,2,2, 0.775037038942
0,0,2,7, 0.048260280913
0,0,3,3, 0.775037038942
0,0,3,8, 0.048260280913
0,0,4,4, 0.775037038942
0,0,4,5, 0.130962847511
0,0,4,6, 0.115136825699
0,0,4,9,-0.215436208799
0,0,5,0, 0.105385640088
0,0,5,1, 0.156021118635
0,0,5,4, 0.130962847511
0,0,5,5, 0.378995203191
0,0,5,6, 0.255963659561
0,0,5,9,-0.087147913533
0,0,6,0, 0.247390627544
0,0,6,1, 0.298771029127
0,0,6,4, 0.115136825699
0,0,6,5, 0.255963659561
0,0,6,6, 0.344897389549
0,0,6,9,-0.078604548254
0,0,7,2, 0.048260280913
0,0,7,7, 0.361755582241
0,0,8,3, 0.048260280913
0,0,8,8, 0.361755582241
0,0,9,0,-0.148908968492
0,0,9,1,-0.126819722417
0,0,9,4,-0.215436208799
0,0,9,5,-0.087147913533
0,0,9,6,-0.078604548254
0,0,9,9, 0.411753313298
0,1,0,0, 0.504699283325
0,1,0,1, 0.300015949963
0,1,0,5, 0.065105700555
0,1,0,6, 0.148440834262
0,1,0,9,-0.091081223882
0,1,1,0, 0.300015949963
0,1,1,1, 0.324022459289
0,1,1,5, 0.102503850570
0,1,1,6, 0.193454743904
0,1,1,9,-0.080155658611
0,1,2,2, 0.462081934851
0,1,2,7, 0.030808016428
0,1,3,3, 0.462081934851
0,1,3,8, 0.030808016428
0,1,4,4, 0.462081934851
0,1,4,5, 0.082782764914
0,1,4,6, 0.072246188992
0,1,4,9,-0.134541721303
0,1,5,0, 0.065105700555
0,1,5,1, 0.102503850570
0,1,5,4, 0.082782764914
0,1,5,5, 0.255963659561
0,1,5,6, 0.171720965184
0,1,5,9,-0.054406398558
0,1,6,0, 0.148440834262
0,1,6,1, 0.193454743904
0,1,6,4, 0.072246188992
0,1,6,5, 0.171720965184
0,1,6,6, 0.229758944443
0,1,6,9,-0.048288204017
0,1,7,2, 0.030808016428
0,1,7,7, 0.245674398888
0,1,8,3, 0.030808016428
0,1,8,8, 0.245674398888
0,1,9,0,-0.091081223882
0,1,9,1,-0.080155658611
0,1,9,4,-0.134541721303
0,1,9,5,-0.054406398558
0,1,9,6,-0.048288204017
0,1,9,9, 0.272707798747
0,2,0,2, 0.152608082603
0,2,0,7, 0.008447663692
0,2,1,2, 0.101353944495
0,2,1,7, 0.013377653982
0,2,2,0, 0.152608082603
0,2,2,1, 0.101353944495
0,2,2,5, 0.013644397947
0,2,2,6, 0.047367674059
0,2,2,9,-0.018442116572
0,2,4,7, 0.011221515600
0,2,5,2, 0.013644397947
0,2,5,7, 0.021160771102
0,2,6,2, 0.047367674059
0,2,6,7, 0.019093510432
0,2,7,0, 0.008447663692
0,2,7,1, 0.013377653982
0,2,7,4, 0.011221515600
0,2,7,5, 0.021160771102
0,2,7,6, 0.019093510432
0,2,7,9,-0.012342992619
0,2,9,2,-0.018442116572
0,2,9,7,-0.012342992619
0,3,0,3, 0.152608082603
0,3,0,8, 0.008447663692
0,3,1,3, 0.101353944495
0,3,1,8, 0.013377653982
0,3,3,0, 0.152608082603
0,3,3,1, 0.101353944495
0,3,3,5, 0.013644397947
0,3,3,6, 0.047367674059
0,3,3,9,-0.018442116572
0,3,4,8, 0.011221515600
0,3,5,3, 0.013644397947
0,3,5,8, 0.021160771102
0,3,6,3, 0.047367674059
0,3,6,8, 0.019093510432
0,3,8,0, 0.008447663692
0,3,8,1, 0.013377653982
0,3,8,4, 0.011221515600
0,3,8,5, 0.021160771102
0,3,8,6, 0.019093510432
0,3,8,9,-0.012342992619
0,3,9,3,-0.018442116572
0,3,9,8,-0.012342992619
0,4,0,4, 0.152608082603
0,4,0,5, 0.023355719323
0,4,0,6, 0.020823588823
0,4,0,9,-0.037983959765
0,4,1,4, 0.101353944495
0,4,1,5, 0.034060769771
0,4,1,6, 0.030619687736
0,4,1,9,-0.034450176966
0,4,2,7, 0.011221515600
0,4,3,8, 0.011221515600
0,4,4,0, 0.152608082603
0,4,4,1, 0.101353944495
0,4,4,5, 0.038067063219
0,4,4,6, 0.054659798470
0,4,4,9,-0.064350407135
0,4,5,0, 0.023355719323
0,4,5,1, 0.034060769771
0,4,5,4, 0.038067063219
0,4,5,5, 0.087147913533
0,4,5,6, 0.054406398558
0,4,5,9,-0.036069527045
0,4,6,0, 0.020823588823
0,4,6,1, 0.030619687736
0,4,6,4, 0.054659798470
0,4,6,5, 0.054406398558
0,4,6,6, 0.052855162006
0,4,6,9,-0.028796881083
0,4,7,2, 0.011221515600
0,4,7,7, 0.076744749228
0,4,8,3, 0.011221515600
0,4,8,8, 0.076744749228
0,4,9,0,-0.037983959765
0,4,9,1,-0.034450176966
0,4,9,4,-0.064350407135
0,4,9,5,-0.036069527045
0,4,9,6,-0.028796881083
0,4,9,9, 0.104352590148
0,5,0,0, 0.105385640088
0,5,0,1, 0.065105700555
0,5,0,4, 0.023355719323
0,5,0,5, 0.021139871778
0,5,0,6, 0.037063829680
0,5,0,9,-0.029798918148
0,5,1,0, 0.065105700555
0,5,1,1, 0.074266679230
0,5,1,4, 0.017958256105
0,5,1,5, 0.037063829680
0,5,1,6, 0.054195776474
0,5,1,9,-0.027982320195
0,5,2,2, 0.096281939128
0,5,2,7, 0.010040571600
0,5,3,3, 0.096281939128
0,5,3,8, 0.010040571600
0,5,4,0, 0.023355719323
0,5,4,1, 0.017958256105
0,5,4,4, 0.106838626197
0,5,4,5, 0.029798918148
0,5,4,6, 0.027982320195
0,5,4,9,-0.047579567425
0,5,5,0, 0.021139871778
0,5,5,1, 0.037063829680
0,5,5,4, 0.029798918148
0,5,5,5, 0.105385640088
0,5,5,6, 0.065105700555
0,5,5,9,-0.023355719323
0,5,6,0, 0.037063829680
0,5,6,1, 0.054195776474
0,5,6,4, 0.027982320195
0,5,6,5, 0.065105700555
0,5,6,6, 0.074266679230
0,5,6,9,-0.017958256105
0,5,7,2, 0.010040571600
0,5,7,7, 0.096281939128
0,5,8,3, 0.010040571600
0,5,8,8, 0.096281939128
0,5,9,0,-0.029798918148
0,5,9,1,-0.027982320195
0,5,9,4,-0.047579567425
0,5,9,5,-0.023355719323
0,5,9,6,-0.017958256105
0,5,9,9, 0.106838626197
0,6,0,0, 0.247390627544
0,6,0,1, 0.148440834262
0,6,0,4, 0.020823588823
0,6,0,5, 0.037063829680
0,6,0,6, 0.077316037355
0,6,0,9,-0.052163346091
0,6,1,0, 0.148440834262
0,6,1,1, 0.162644366817
0,6,1,4, 0.015717892832
0,6,1,5, 0.060363630818
0,6,1,6, 0.104655899292
0,6,1,9,-0.046963358753
0,6,2,2, 0.227252814246
0,6,2,7, 0.017721375598
0,6,3,3, 0.227252814246
0,6,3,8, 0.017721375598
0,6,4,0, 0.020823588823
0,6,4,1, 0.015717892832
0,6,4,4, 0.230426974457
0,6,4,5, 0.048931303355
0,6,4,6, 0.045327299440
0,6,4,9,-0.079131449417
0,6,5,0, 0.037063829680
0,6,5,1, 0.060363630818
0,6,5,4, 0.048931303355
0,6,5,5, 0.156021118635
0,6,5,6, 0.102503850570
0,6,5,9,-0.034060769771
0,6,6,0, 0.077316037355
0,6,6,1, 0.104655899292
0,6,6,4, 0.045327299440
0,6,6,5, 0.102503850570
0,6,6,6, 0.130690604874
0,6,6,9,-0.029054520550
0,6,7,2, 0.017721375598
0,6,7,7, 0.148436230561
0,6,8,3, 0.017721375598
0,6,8,8, 0.148436230561
0,6,9,0,-0.052163346091
0,6,9,1,-0.046963358753
0,6,9,4,-0.079131449417
0,6,9,5,-0.034060769771
0,6,9,6,-0.029054520550
0,6,9,9, 0.164471465230
0,7,0,2, 0.008447663692
0,7,0,7, 0.002556304572
0,7,1,2, 0.006666034464
0,7,1,7, 0.005785322207
0,7,2,0, 0.008447663692
0,7,2,1, 0.006666034464
0,7,2,4, 0.004828199094
0,7,2,5, 0.002282672098
0,7,2,6, 0.004283130855
0,7,2,9,-0.003376214159
0,7,4,2, 0.004828199094
0,7,4,7, 0.003787899689
0,7,5,2, 0.002282672098
0,7,5,7, 0.013644397947
0,7,6,2, 0.004283130855
0,7,6,7, 0.009949391470
0,7,7,0, 0.002556304572
0,7,7,1, 0.005785322207
0,7,7,4, 0.003787899689
0,7,7,5, 0.013644397947
0,7,7,6, 0.009949391470
0,7,7,9,-0.005792027452
0,7,9,2,-0.003376214159
0,7,9,7,-0.005792027452
0,8,0,3, 0.008447663692
0,8,0,8, 0.002556304572
0,8,1,3, 0.006666034464
0,8,1,8, 0.005785322207
0,8,3,0, 0.008447663692
0,8,3,1, 0.006666034464
0,8,3,4, 0.004828199094
0,8,3,5, 0.002282672098
0,8,3,6, 0.004283130855
0,8,3,9,-0.003376214159
0,8,4,3, 0.004828199094
0,8,4,8, 0.003787899689
0,8,5,3, 0.002282672098
0,8,5,8, 0.013644397947
0,8,6,3, 0.004283130855
0,8,6,8, 0.009949391470
0,8,8,0, 0.002556304572
0,8,8,1, 0.005785322207
0,8,8,4, 0.003787899689
0,8,8,5, 0.013644397947
0,8,8,6, 0.009949391470
0,8,8,9,-0.005792027452
0,8,9,3,-0.003376214159
0,8,9,8,-0.005792027452
0,9,0,0,-0.148908968492
0,9,0,1,-0.091081223882
0,9,0,4,-0.037983959765
0,9,0,5,-0.029798918148
0,9,0,6,-0.052163346091
0,9,0,9, 0.043296127248
0,9,1,0,-0.091081223882
0,9,1,1,-0.101160792230
0,9,1,4,-0.028184246391
0,9,1,5,-0.048931303355
0,9,1,6,-0.072793498617
0,9,1,9, 0.040686062838
0,9,2,2,-0.134219207547
0,9,2,7,-0.014138936895
0,9,3,3,-0.134219207547
0,9,3,8,-0.014138936895
0,9,4,0,-0.037983959765
0,9,4,1,-0.028184246391
0,9,4,4,-0.153679582817
0,9,4,5,-0.042575425747
0,9,4,6,-0.040809055871
0,9,4,9, 0.069561220686
0,9,5,0,-0.029798918148
0,9,5,1,-0.048931303355
0,9,5,4,-0.042575425747
0,9,5,5,-0.130962847511
0,9,5,6,-0.082782764914
0,9,5,9, 0.038067063219
0,9,6,0,-0.052163346091
0,9,6,1,-0.072793498617
0,9,6,4,-0.040809055871
0,9,6,5,-0.082782764914
0,9,6,6,-0.096213526030
0,9,6,9, 0.029312672016
0,9,7,2,-0.014138936895
0,9,7,7,-0.120218803752
0,9,8,3,-0.014138936895
0,9,8,8,-0.120218803752
0,9,9,0, 0.043296127248
0,9,9,1, 0.040686062838
0,9,9,4, 0.069561220686
0,9,9,5, 0.038067063219
0,9,9,6, 0.029312672016
0,9,9,9,-0.141583736740
1,0,0,0, 0.504699283325
1,0,0,1, 0.300015949963
1,0,0,5, 0.065105700555
1,0,0,6, 0.148440834262
1,0,0,9,-0.091081223882
1,0,1,0, 0.300015949963
1,0,1,1, 0.324022459289
1,0,1,5, 0.102503850570
1,0,1,6, 0.193454743904
1,0,1,9,-0.080155658611
1,0,2,2, 0.462081934851
1,0,2,7, 0.030808016428
1,0,3,3, 0.462081934851
1,0,3,8, 0.030808016428
1,0,4,4, 0.462081934851
1,0,4,5, 0.082782764914
1,0,4,6, 0.072246188992
1,0,4,9,-0.134541721303
1,0,5,0, 0.065105700555
1,0,5,1, 0.102503850570
1,0,5,4, 0.082782764914
1,0,5,5, 0.255963659561
1,0,5,6, 0.171720965184
1,0,5,9,-0.054406398558
1,0,6,0, 0.148440834262
1,0,6,1, 0.193454743904
1,0,6,4, 0.072246188992
1,0,6,5, 0.171720965184
1,0,6,6, 0.229758944443
1,0,6,9,-0.048288204017
1,0,7,2, 0.030808016428
1,0,7,7, 0.245674398888
1,0,8,3, 0.030808016428
1,0,8,8, 0.245674398888
1,0,9,0,-0.091081223882
1,0,9,1,-0.080155658611
1,0,9,4,-0.134541721303
1,0,9,5,-0.054406398558
1,0,9,6,-0.048288204017
1,0,9,9, 0.272707798747
1,1,0,0, 0.507364877272
1,1,0,1, 0.324022459289
1,1,0,5, 0.074266679230
1,1,0,6, 0.162644366817
1,1,0,9,-0.101160792230
1,1,1,0, 0.324022459289
1,1,1,1, 0.394125899248
1,1,1,5, 0.130690604874
1,1,1,6, 0.242275539440
1,1,1,9,-0.091732183993
1,1,2,2, 0.491073083906
1,1,2,7, 0.036309240069
1,1,3,3, 0.491073083906
1,1,3,8, 0.036309240069
1,1,4,4, 0.491073083906
1,1,4,5, 0.096213526030
1,1,4,6, 0.083042555681
1,1,4,9,-0.152445549703
1,1,5,0, 0.074266679230
1,1,5,1, 0.130690604874
1,1,5,4, 0.096213526030
1,1,5,5, 0.344897389549
1,1,5,6, 0.229758944443
1,1,5,9,-0.052855162006
1,1,6,0, 0.162644366817
1,1,6,1, 0.242275539440
1,1,6,4, 0.083042555681
1,1,6,5, 0.229758944443
1,1,6,6, 0.307022256213
1,1,6,9,-0.046671516070
1,1,7,2, 0.036309240069
1,1,7,7, 0.335965692927
1,1,8,3, 0.036309240069
1,1,8,8, 0.335965692927
1,1,9,0,-0.101160792230
1,1,9,1,-0.091732183993
1,1,9,4,-0.152445549703
1,1,9,5,-0.052855162006
1,1,9,6,-0.046671516070
1,1,9,9, 0.352012295822
1,2,0,2, 0.101353944495
1,2,0,7, 0.006666034464
1,2,1,2, 0.072461555243
1,2,1,7, 0.011541409771
1,2,2,0, 0.101353944495
1,2,2,1, 0.072461555243
1,2,2,5, 0.009949391470
1,2,2,6, 0.034122690755
1,2,2,9,-0.013368135347
1,2,4,7, 0.008963829584
1,2,5,2, 0.009949391470
1,2,5,7, 0.019093510432
1,2,6,2, 0.034122690755
1,2,6,7, 0.017035789034
1,2,7,0, 0.006666034464
1,2,7,1, 0.011541409771
1,2,7,4, 0.008963829584
1,2,7,5, 0.019093510432
1,2,7,6, 0.017035789034
1,2,7,9,-0.010397403862
1,2,9,2,-0.013368135347
1,2,9,7,-0.010397403862
1,3,0,3, 0.101353944495
1,3,0,8, 0.006666034464
1,3,1,3, 0.072461555243
1,3,1,8, 0.011541409771
1,3,3,0, 0.101353944495
1,3,3,1, 0.072461555243
1,3,3,5, 0.009949391470
1,3,3,6, 0.034122690755
1,3,3,9,-0.013368135347
1,3,4,8, 0.008963829584
1,3,5,3, 0.009949391470
1,3,5,8, 0.019093510432
1,3,6,3, 0.034122690755
1,3,6,8, 0.017035789034
1,3,8,0, 0.006666034464
1,3,8,1, 0.011541409771
1,3,8,4, 0.008963829584
1,3,8,5, 0.019093510432
1,3,8,6, 0.017035789034
1,3,8,9,-0.010397403862
1,3,9,3,-0.013368135347
1,3,9,8,-0.010397403862
1,4,0,4, 0.101353944495
1,4,0,5, 0.017958256105
1,4,0,6, 0.015717892832
1,4,0,9,-0.028184246391
1,4,1,4, 0.072461555243
1,4,1,5, 0.029054520550
1,4,1,6, 0.026067520342
1,4,1,9,-0.027108680838
1,4,2,7, 0.008963829584
1,4,3,8, 0.008963829584
1,4,4,0, 0.101353944495
1,4,4,1, 0.072461555243
1,4,4,5, 0.029312672016
1,4,4,6, 0.039888592842
1,4,4,9,-0.048450309558
1,4,5,0, 0.017958256105
1,4,5,1, 0.029054520550
1,4,5,4, 0.029312672016
1,4,5,5, 0.078604548254
1,4,5,6, 0.048288204017
1,4,5,9,-0.028796881083
1,4,6,0, 0.015717892832
1,4,6,1, 0.026067520342
1,4,6,4, 0.039888592842
1,4,6,5, 0.048288204017
1,4,6,6, 0.046671516070
1,4,6,9,-0.022275930215
1,4,7,2, 0.008963829584
1,4,7,7, 0.070305441284
1,4,8,3, 0.008963829584
1,4,8,8, 0.070305441284
1,4,9,0,-0.028184246391
1,4,9,1,-0.027108680838
1,4,9,4,-0.048450309558
1,4,9,5,-0.028796881083
1,4,9,6,-0.022275930215
1,4,9,9, 0.088757515143
1,5,0,0, 0.156021118635
1,5,0,1, 0.102503850570
1,5,0,4, 0.034060769771
1,5,0,5, 0.037063829680
1,5,0,6, 0.060363630818
1,5,0,9,-0.048931303355
1,5,1,0, 0.102503850570
1,5,1,1, 0.130690604874
1,5,1,4, 0.029054520550
1,5,1,5, 0.077316037355
1,5,1,6, 0.104655899292
1,5,1,9,-0.045327299440
1,5,2,2, 0.148436230561
1,5,2,7, 0.017721375598
1,5,3,3, 0.148436230561
1,5,3,8, 0.017721375598
1,5,4,0, 0.034060769771
1,5,4,1, 0.029054520550
1,5,4,4, 0.164471465230
1,5,4,5, 0.052163346091
1,5,4,6, 0.046963358753
1,5,4,9,-0.079131449417
1,5,5,0, 0.037063829680
1,5,5,1, 0.077316037355
1,5,5,4, 0.052163346091
1,5,5,5, 0.247390627544
1,5,5,6, 0.148440834262
1,5,5,9,-0.020823588823
1,5,6,0, 0.060363630818
1,5,6,1, 0.104655899292
1,5,6,4, 0.046963358753
1,5,6,5, 0.148440834262
1,5,6,6, 0.162644366817
1,5,6,9,-0.015717892832
1,5,7,2, 0.017721375598
1,5,7,7, 0.227252814246
1,5,8,3, 0.017721375598
1,5,8,8, 0.227252814246
1,5,9,0,-0.048931303355
1,5,9,1,-0.045327299440
1,5,9,4,-0.079131449417
1,5,9,5,-0.020823588823
1,5,9,6,-0.015717892832
1,5,9,9, 0.230426974457
1,6,0,0, 0.298771029127
1,6,0,1, 0.193454743904
1,6,0,4, 0.030619687736
1,6,0,5, 0.054195776474
1,6,0,6, 0.104655899292
1,6,0,9,-0.072793498617
1,6,1,0, 0.193454743904
1,6,1,1, 0.242275539440
1,6,1,4, 0.026067520342
1,6,1,5, 0.104655899292
1,6,1,6, 0.170581570128
1,6,1,9,-0.066353671238
1,6,2,2, 0.289615232121
1,6,2,7, 0.026646429490
1,6,3,3, 0.289615232121
1,6,3,8, 0.026646429490
1,6,4,0, 0.030619687736
1,6,4,1, 0.026067520342
1,6,4,4, 0.295044538332
1,6,4,5, 0.072793498617
1,6,4,6, 0.066353671238
1,6,4,9,-0.113020382182
1,6,5,0, 0.054195776474
1,6,5,1, 0.104655899292
1,6,5,4, 0.072793498617
1,6,5,5, 0.298771029127
1,6,5,6, 0.193454743904
1,6,5,9,-0.030619687736
1,6,6,0, 0.104655899292
1,6,6,1, 0.170581570128
1,6,6,4, 0.066353671238
1,6,6,5, 0.193454743904
1,6,6,6, 0.242275539440
1,6,6,9,-0.026067520342
1,6,7,2, 0.026646429490
1,6,7,7, 0.289615232121
1,6,8,3, 0.026646429490
1,6,8,8, 0.289615232121
1,6,9,0,-0.072793498617
1,6,9,1,-0.066353671238
1,6,9,4,-0.113020382182
1,6,9,5,-0.030619687736
1,6,9,6,-0.026067520342
1,6,9,9, 0.295044538332
1,7,0,2, 0.013377653982
1,7,0,7, 0.005785322207
1,7,1,2, 0.011541409771
1,7,1,7, 0.017267481807
1,7,2,0, 0.013377653982
1,7,2,1, 0.011541409771
1,7,2,4, 0.007396518399
1,7,2,5, 0.004283130855
1,7,2,6, 0.007678071502
1,7,2,9,-0.005953145450
1,7,4,2, 0.007396518399
1,7,4,7, 0.008038657305
1,7,5,2, 0.004283130855
1,7,5,7, 0.047367674059
1,7,6,2, 0.007678071502
1,7,6,7, 0.034122690755
1,7,7,0, 0.005785322207
1,7,7,1, 0.017267481807
1,7,7,4, 0.008038657305
1,7,7,5, 0.047367674059
1,7,7,6, 0.034122690755
1,7,7,9,-0.006709062997
1,7,9,2,-0.005953145450
1,7,9,7,-0.006709062997
1,8,0,3, 0.013377653982
1,8,0,8, 0.005785322207
1,8,1,3, 0.011541409771
1,8,1,8, 0.017267481807
1,8,3,0, 0.013377653982
1,8,3,1, 0.011541409771
1,8,3,4, 0.007396518399
1,8,3,5, 0.004283130855
1,8,3,6, 0.007678071502
1,8,3,9,-0.005953145450
1,8,4,3, 0.007396518399
1,8,4,8, 0.008038657305
1,8,5,3, 0.004283130855
1,8,5,8, 0.047367674059
1,8,6,3, 0.007678071502
1,8,6,8, 0.034122690755
1,8,8,0, 0.005785322207
1,8,8,1, 0.017267481807
1,8,8,4, 0.008038657305
1,8,8,5, 0.047367674059
1,8,8,6, 0.034122690755
1,8,8,9,-0.006709062997
1,8,9,3,-0.005953145450
1,8,9,8,-0.006709062997
1,9,0,0,-0.126819722417
1,9,0,1,-0.080155658611
1,9,0,4,-0.034450176966
1,9,0,5,-0.027982320195
1,9,0,6,-0.046963358753
1,9,0,9, 0.040686062838
1,9,1,0,-0.080155658611
1,9,1,1,-0.091732183993
1,9,1,4,-0.027108680838
1,9,1,5,-0.045327299440
1,9,1,6,-0.066353671238
1,9,1,9, 0.042203367985
1,9,2,2,-0.117177610975
1,9,2,7,-0.013609425854
1,9,3,3,-0.117177610975
1,9,3,8,-0.013609425854
1,9,4,0,-0.034450176966
1,9,4,1,-0.027108680838
1,9,4,4,-0.135764869459
1,9,4,5,-0.040809055871
1,9,4,6,-0.038504669489
1,9,4,9, 0.066158635631
1,9,5,0,-0.027982320195
1,9,5,1,-0.045327299440
1,9,5,4,-0.040809055871
1,9,5,5,-0.115136825699
1,9,5,6,-0.072246188992
1,9,5,9, 0.054659798470
1,9,6,0,-0.046963358753
1,9,6,1,-0.066353671238
1,9,6,4,-0.038504669489
1,9,6,5,-0.072246188992
1,9,6,6,-0.083042555681
1,9,6,9, 0.039888592842
1,9,7,2,-0.013609425854
1,9,7,7,-0.106622966028
1,9,8,3,-0.013609425854
1,9,8,8,-0.106622966028
1,9,9,0, 0.040686062838
1,9,9,1, 0.042203367985
1,9,9,4, 0.066158635631
1,9,9,5, 0.054659798470
1,9,9,6, 0.039888592842
1,9,9,9,-0.120931182821
2,0,0,2, 0.152608082603
2,0,0,7, 0.008447663692
2,0,1,2, 0.101353944495
2,0,1,7, 0.013377653982
2,0,2,0, 0.152608082603
2,0,2,1, 0.101353944495
2,0,2,5, 0.013644397947
2,0,2,6, 0.047367674059
2,0,2,9,-0.018442116572
2,0,4,7, 0.011221515600
2,0,5,2, 0.013644397947
2,0,5,7, 0.021160771102
2,0,6,2, 0.047367674059
2,0,6,7, 0.019093510432
2,0,7,0, 0.008447663692
2,0,7,1, 0.013377653982
2,0,7,4, 0.011221515600
2,0,7,5, 0.021160771102
2,0,7,6, 0.019093510432
2,0,7,9,-0.012342992619
2,0,9,2,-0.018442116572
2,0,9,7,-0.012342992619
2,1,0,2, 0.101353944495
2,1,0,7, 0.006666034464
2,1,1,2, 0.072461555243
2,1,1,7, 0.011541409771
2,1,2,0, 0.101353944495
2,1,2,1, 0.072461555243
2,1,2,5, 0.009949391470
2,1,2,6, 0.034122690755
2,1,2,9,-0.013368135347
2,1,4,7, 0.008963829584
2,1,5,2, 0.009949391470
2,1,5,7, 0.019093510432
2,1,6,2, 0.034122690755
2,1,6,7, 0.017035789034
2,1,7,0, 0.006666034464
2,1,7,1, 0.011541409771
2,1,7,4, 0.008963829584
2,1,7,5, 0.019093510432
2,1,7,6, 0.017035789034
2,1,7,9,-0.010397403862
2,1,9,2,-0.013368135347
2,1,9,7,-0.010397403862
2,2,0,0, 0.775037038942
2,2,0,1, 0.462081934851
2,2,0,5, 0.096281939128
2,2,0,6, 0.227252814246
2,2,0,9,-0.134219207547
2,2,1,0, 0.462081934851
2,2,1,1, 0.491073083906
2,2,1,5, 0.148436230561
2,2,1,6, 0.289615232121
2,2,1,9,-0.117177610975
2,2,2,2, 0.785718708997
2,2,2,7, 0.047622462299
2,2,3,3, 0.689508254834
2,2,3,8, 0.044243109241
2,2,4,4, 0.689508254834
2,2,4,5, 0.120218803752
2,2,4,6, 0.106622966028
2,2,4,9,-0.195416860196
2,2,5,0, 0.096281939128
2,2,5,1, 0.148436230561
2,2,5,4, 0.120218803752
2,2,5,5, 0.361755582241
2,2,5,6, 0.245674398888
2,2,5,9,-0.076744749228
2,2,6,0, 0.227252814246
2,2,6,1, 0.289615232121
2,2,6,4, 0.106622966028
2,2,6,5, 0.245674398888
2,2,6,6, 0.335965692927
2,2,6,9,-0.070305441284
2,2,7,2, 0.047622462299
2,2,7,7, 0.351518196516
2,2,8,3, 0.044243109241
2,2,8,8, 0.346206523425
2,2,9,0,-0.134219207547
2,2,9,1,-0.117177610975
2,2,9,4,-0.195416860196
2,2,9,5,-0.076744749228
2,2,9,6,-0.070305441284
2,2,9,9, 0.387578541974
2,3,2,3, 0.048105227081
2,3,2,8, 0.001689676529
2,3,3,2, 0.048105227081
2,3,3,7, 0.001689676529
2,3,7,3, 0.001689676529
2,3,7,8, 0.002655836545
2,3,8,2, 0.001689676529
2,3,8,7, 0.002655836545
2,4,0,7, 0.004828199094
2,4,1,7, 0.007396518399
2,4,2,4, 0.048105227081
2,4,2,5, 0.005792027452
2,4,2,6, 0.006709062997
2,4,2,9,-0.009493472714
2,4,4,2, 0.048105227081
2,4,4,7, 0.007370914317
2,4,5,2, 0.005792027452
2,4,5,7, 0.012342992619
2,4,6,2, 0.006709062997
2,4,6,7, 0.010397403862
2,4,7,0, 0.004828199094
2,4,7,1, 0.007396518399
2,4,7,4, 0.007370914317
2,4,7,5, 0.012342992619
2,4,7,6, 0.010397403862
2,4,7,9,-0.008987091409
2,4,9,2,-0.009493472714
2,4,9,7,-0.008987091409
2,5,0,2, 0.013644397947
2,5,0,7, 0.002282672098
2,5,1,2, 0.009949391470
2,5,1,7, 0.004283130855
2,5,2,0, 0.013644397947
2,5,2,1, 0.009949391470
2,5,2,4, 0.005792027452
2,5,2,5, 0.002556304572
2,5,2,6, 0.005785322207
2,5,2,9,-0.003787899689
2,5,4,2, 0.005792027452
2,5,4,7, 0.003376214159
2,5,5,2, 0.002556304572
2,5,5,7, 0.008447663692
2,5,6,2, 0.005785322207
2,5,6,7, 0.006666034464
2,5,7,0, 0.002282672098
2,5,7,1, 0.004283130855
2,5,7,4, 0.003376214159
2,5,7,5, 0.008447663692
2,5,7,6, 0.006666034464
2,5,7,9,-0.004828199094
2,5,9,2,-0.003787899689
2,5,9,7,-0.004828199094
2,6,0,2, 0.047367674059
2,6,0,7, 0.004283130855
2,6,1,2, 0.034122690755
2,6,1,7, 0.007678071502
2,6,2,0, 0.047367674059
2,6,2,1, 0.034122690755
2,6,2,4, 0.006709062997
2,6,2,5, 0.005785322207
2,6,2,6, 0.017267481807
2,6,2,9,-0.008038657305
2,6,4,2, 0.006709062997
2,6,4,7, 0.005953145450
2,6,5,2, 0.005785322207
2,6,5,7, 0.013377653982
2,6,6,2, 0.017267481807
2,6,6,7, 0.011541409771
2,6,7,0, 0.004283130855
2,6,7,1, 0.007678071502
2,6,7,4, 0.005953145450
2,6,7,5, 0.013377653982
2,6,7,6, 0.011541409771
2,6,7,9,-0.007396518399
2,6,9,2,-0.008038657305
2,6,9,7,-0.007396518399
2,7,0,0, 0.048260280913
2,7,0,1, 0.030808016428
2,7,0,4, 0.011221515600
2,7,0,5, 0.010040571600
2,7,0,6, 0.017721375598
2,7,0,9,-0.014138936895
2,7,1,0, 0.030808016428
2,7,1,1, 0.036309240069
2,7,1,4, 0.008963829584
2,7,1,5, 0.017721375598
2,7,1,6, 0.026646429490
2,7,1,9,-0.013609425854
2,7,2,2, 0.047622462299
2,7,2,7, 0.005345098922
2,7,3,3, 0.044243109241
2,7,3,8, 0.004690597014
2,7,4,0, 0.011221515600
2,7,4,1, 0.008963829584
2,7,4,4, 0.049924347029
2,7,4,5, 0.014138936895
2,7,4,6, 0.013609425854
2,7,4,9,-0.022528058242
2,7,5,0, 0.010040571600
2,7,5,1, 0.017721375598
2,7,5,4, 0.014138936895
2,7,5,5, 0.048260280913
2,7,5,6, 0.030808016428
2,7,5,9,-0.011221515600
2,7,6,0, 0.017721375598
2,7,6,1, 0.026646429490
2,7,6,4, 0.013609425854
2,7,6,5, 0.030808016428
2,7,6,6, 0.036309240069
2,7,6,9,-0.008963829584
2,7,7,2, 0.005345098922
2,7,7,7, 0.047622462299
2,7,8,3, 0.004690597014
2,7,8,8, 0.044243109241
2,7,9,0,-0.014138936895
2,7,9,1,-0.013609425854
2,7,9,4,-0.022528058242
2,7,9,5,-0.011221515600
2,7,9,6,-0.008963829584
2,7,9,9, 0.049924347029
2,8,2,3, 0.001689676529
2,8,2,8, 0.000327250954
2,8,3,2, 0.001689676529
2,8,3,7, 0.000327250954
2,8,7,3, 0.000327250954
2,8,7,8, 0.001689676529
2,8,8,2, 0.000327250954
2,8,8,7, 0.001689676529
2,9,0,2,-0.018442116572
2,9,0,7,-0.003376214159
2,9,1,2,-0.013368135347
2,9,1,7,-0.005953145450
2,9,2,0,-0.018442116572
2,9,2,1,-0.013368135347
2,9,2,4,-0.009493472714
2,9,2,5,-0.003787899689
2,9,2,6,-0.008038657305
2,9,2,9, 0.005770982006
2,9,4,2,-0.009493472714
2,9,4,7,-0.005116480097
2,9,5,2,-0.003787899689
2,9,5,7,-0.011221515600
2,9,6,2,-0.008038657305
2,9,6,7,-0.008963829584
2,9,7,0,-0.003376214159
2,9,7,1,-0.005953145450
2,9,7,4,-0.005116480097
2,9,7,5,-0.011221515600
2,9,7,6,-0.008963829584
2,9,7,9, 0.007370914317
2,9,9,2, 0.005770982006
2,9,9,7, 0.007370914317
3,0,0,3, 0.152608082603
3,0,0,8, 0.008447663692
3,0,1,3, 0.101353944495
3,0,1,8, 0.013377653982
3,0,3,0, 0.152608082603
3,0,3,1, 0.101353944495
3,0,3,5, 0.013644397947
3,0,3,6, 0.047367674059
3,0,3,9,-0.018442116572
3,0,4,8, 0.011221515600
3,0,5,3, 0.013644397947
3,0,5,8, 0.021160771102
3,0,6,3, 0.047367674059
3,0,6,8, 0.019093510432
3,0,8,0, 0.008447663692
3,0,8,1, 0.013377653982
3,0,8,4, 0.011221515600
3,0,8,5, 0.021160771102
3,0,8,6, 0.019093510432
3,0,8,9,-0.012342992619
3,0,9,3,-0.018442116572
3,0,9,8,-0.012342992619
3,1,0,3, 0.101353944495
3,1,0,8, 0.006666034464
3,1,1,3, 0.072461555243
3,1,1,8, 0.011541409771
3,1,3,0, 0.101353944495
3,1,3,1, 0.072461555243
3,1,3,5, 0.009949391470
3,1,3,6, 0.034122690755
3,1,3,9,-0.013368135347
3,1,4,8, 0.008963829584
3,1,5,3, 0.009949391470
3,1,5,8, 0.019093510432
3,1,6,3, 0.034122690755
3,1,6,8, 0.017035789034
3,1,8,0, 0.006666034464
3,1,8,1, 0.011541409771
3,1,8,4, 0.008963829584
3,1,8,5, 0.019093510432
3,1,8,6, 0.017035789034
3,1,8,9,-0.010397403862
3,1,9,3,-0.013368135347
3,1,9,8,-0.010397403862
3,2,2,3, 0.048105227081
3,2,2,8, 0.001689676529
3,2,3,2, 0.048105227081
3,2,3,7, 0.001689676529
3,2,7,3, 0.001689676529
3,2,7,8, 0.002655836545
3,2,8,2, 0.001689676529
3,2,8,7, 0.002655836545
3,3,0,0, 0.775037038942
3,3,0,1, 0.462081934851
3,3,0,5, 0.096281939128
3,3,0,6, 0.227252814246
3,3,0,9,-0.134219207547
3,3,1,0, 0.462081934851
3,3,1,1, 0.491073083906
3,3,1,5, 0.148436230561
3,3,1,6, 0.289615232121
3,3,1,9,-0.117177610975
3,3,2,2, 0.689508254834
3,3,2,7, 0.044243109241
3,3,3,3, 0.785718708997
3,3,3,8, 0.047622462299
3,3,4,4, 0.689508254834
3,3,4,5, 0.120218803752
3,3,4,6, 0.106622966028
3,3,4,9,-0.195416860196
3,3,5,0, 0.096281939128
3,3,5,1, 0.148436230561
3,3,5,4, 0.120218803752
3,3,5,5, 0.361755582241
3,3,5,6, 0.245674398888
3,3,5,9,-0.076744749228
3,3,6,0, 0.227252814246
3,3,6,1, 0.289615232121
3,3,6,4, 0.106622966028
3,3,6,5, 0.245674398888
3,3,6,6, 0.335965692927
3,3,6,9,-0.070305441284
3,3,7,2, 0.044243109241
3,3,7,7, 0.346206523425
3,3,8,3, 0.047622462299
3,3,8,8, 0.351518196516
3,3,9,0,-0.134219207547
3,3,9,1,-0.117177610975
3,3,9,4,-0.195416860196
3,3,9,5,-0.076744749228
3,3,9,6,-0.070305441284
3,3,9,9, 0.387578541974
3,4,0,8, 0.004828199094
3,4,1,8, 0.007396518399
3,4,3,4, 0.048105227081
3,4,3,5, 0.005792027452
3,4,3,6, 0.006709062997
3,4,3,9,-0.009493472714
3,4,4,3, 0.048105227081
3,4,4,8, 0.007370914317
3,4,5,3, 0.005792027452
3,4,5,8, 0.012342992619
3,4,6,3, 0.006709062997
3,4,6,8, 0.010397403862
3,4,8,0, 0.004828199094
3,4,8,1, 0.007396518399
3,4,8,4, 0.007370914317
3,4,8,5, 0.012342992619
3,4,8,6, 0.010397403862
3,4,8,9,-0.008987091409
3,4,9,3,-0.009493472714
3,4,9,8,-0.008987091409
3,5,0,3, 0.013644397947
3,5,0,8, 0.002282672098
3,5,1,3, 0.009949391470
3,5,1,8, 0.004283130855
3,5,3,0, 0.013644397947
3,5,3,1, 0.009949391470
3,5,3,4, 0.005792027452
3,5,3,5, 0.002556304572
3,5,3,6, 0.005785322207
3,5,3,9,-0.003787899689
3,5,4,3, 0.005792027452
3,5,4,8, 0.003376214159
3,5,5,3, 0.002556304572
3,5,5,8, 0.008447663692
3,5,6,3, 0.005785322207
3,5,6,8, 0.006666034464
3,5,8,0, 0.002282672098
3,5,8,1, 0.004283130855
3,5,8,4, 0.003376214159
3,5,8,5, 0.008447663692
3,5,8,6, 0.006666034464
3,5,8,9,-0.004828199094
3,5,9,3,-0.003787899689
3,5,9,8,-0.004828199094
3,6,0,3, 0.047367674059
3,6,0,8, 0.004283130855
3,6,1,3, 0.034122690755
3,6,1,8, 0.007678071502
3,6,3,0, 0.047367674059
3,6,3,1, 0.034122690755
3,6,3,4, 0.006709062997
3,6,3,5, 0.005785322207
3,6,3,6, 0.017267481807
3,6,3,9,-0.008038657305
3,6,4,3, 0.006709062997
3,6,4,8, 0.005953145450
3,6,5,3, 0.005785322207
3,6,5,8, 0.013377653982
3,6,6,3, 0.017267481807
3,6,6,8, 0.011541409771
3,6,8,0, 0.004283130855
3,6,8,1, 0.007678071502
3,6,8,4, 0.005953145450
3,6,8,5, 0.013377653982
3,6,8,6, 0.011541409771
3,6,8,9,-0.007396518399
3,6,9,3,-0.008038657305
3,6,9,8,-0.007396518399
3,7,2,3, 0.001689676529
3,7,2,8, 0.000327250954
3,7,3,2, 0.001689676529
3,7,3,7, 0.000327250954
3,7,7,3, 0.000327250954
3,7,7,8, 0.001689676529
3,7,8,2, 0.000327250954
3,7,8,7, 0.001689676529
3,8,0,0, 0.048260280913
3,8,0,1, 0.030808016428
3,8,0,4, 0.011221515600
3,8,0,5, 0.010040571600
3,8,0,6, 0.017721375598
3,8,0,9,-0.014138936895
3,8,1,0, 0.030808016428
3,8,1,1, 0.036309240069
3,8,1,4, 0.008963829584
3,8,1,5, 0.017721375598
3,8,1,6, 0.026646429490
3,8,1,9,-0.013609425854
3,8,2,2, 0.044243109241
3,8,2,7, 0.004690597014
3,8,3,3, 0.047622462299
3,8,3,8, 0.005345098922
3,8,4,0, 0.011221515600
3,8,4,1, 0.008963829584
3,8,4,4, 0.049924347029
3,8,4,5, 0.014138936895
3,8,4,6, 0.013609425854
3,8,4,9,-0.022528058242
3,8,5,0, 0.010040571600
3,8,5,1, 0.017721375598
3,8,5,4, 0.014138936895
3,8,5,5, 0.048260280913
3,8,5,6, 0.030808016428
3,8,5,9,-0.011221515600
3,8,6,0, 0.017721375598
3,8,6,1, 0.026646429490
3,8,6,4, 0.013609425854
3,8,6,5, 0.030808016428
3,8,6,6, 0.036309240069
3,8,6,9,-0.008963829584
3,8,7,2, 0.004690597014
3,8,7,7, 0.044243109241
3,8,8,3, 0.005345098922
3,8,8,8, 0.047622462299
3,8,9,0,-0.014138936895
3,8,9,1,-0.013609425854
3,8,9,4,-0.022528058242
3,8,9,5,-0.011221515600
3,8,9,6,-0.008963829584
3,8,9,9, 0.049924347029
3,9,0,3,-0.018442116572
3,9,0,8,-0.003376214159
3,9,1,3,-0.013368135347
3,9,1,8,-0.005953145450
3,9,3,0,-0.018442116572
3,9,3,1,-0.013368135347
3,9,3,4,-0.009493472714
3,9,3,5,-0.003787899689
3,9,3,6,-0.008038657305
3,9,3,9, 0.005770982006
3,9,4,3,-0.009493472714
3,9,4,8,-0.005116480097
3,9,5,3,-0.003787899689
3,9,5,8,-0.011221515600
3,9,6,3,-0.008038657305
3,9,6,8,-0.008963829584
3,9,8,0,-0.003376214159
3,9,8,1,-0.005953145450
3,9,8,4,-0.005116480097
3,9,8,5,-0.011221515600
3,9,8,6,-0.008963829584
3,9,8,9, 0.007370914317
3,9,9,3, 0.005770982006
3,9,9,8, 0.007370914317
4,0,0,4, 0.152608082603
4,0,0,5, 0.023355719323
4,0,0,6, 0.020823588823
4,0,0,9,-0.037983959765
4,0,1,4, 0.101353944495
4,0,1,5, 0.034060769771
4,0,1,6, 0.030619687736
4,0,1,9,-0.034450176966
4,0,2,7, 0.011221515600
4,0,3,8, 0.011221515600
4,0,4,0, 0.152608082603
4,0,4,1, 0.101353944495
4,0,4,5, 0.038067063219
4,0,4,6, 0.054659798470
4,0,4,9,-0.064350407135
4,0,5,0, 0.023355719323
4,0,5,1, 0.034060769771
4,0,5,4, 0.038067063219
4,0,5,5, 0.087147913533
4,0,5,6, 0.054406398558
4,0,5,9,-0.036069527045
4,0,6,0, 0.020823588823
4,0,6,1, 0.030619687736
4,0,6,4, 0.054659798470
4,0,6,5, 0.054406398558
4,0,6,6, 0.052855162006
4,0,6,9,-0.028796881083
4,0,7,2, 0.011221515600
4,0,7,7, 0.076744749228
4,0,8,3, 0.011221515600
4,0,8,8, 0.076744749228
4,0,9,0,-0.037983959765
4,0,9,1,-0.034450176966
4,0,9,4,-0.064350407135
4,0,9,5,-0.036069527045
4,0,9,6,-0.028796881083
4,0,9,9, 0.104352590148
4,1,0,4, 0.101353944495
4,1,0,5, 0.017958256105
4,1,0,6, 0.015717892832
4,1,0,9,-0.028184246391
4,1,1,4, 0.072461555243
4,1,1,5, 0.029054520550
4,1,1,6, 0.026067520342
4,1,1,9,-0.027108680838
4,1,2,7, 0.008963829584
4,1,3,8, 0.008963829584
4,1,4,0, 0.101353944495
4,1,4,1, 0.072461555243
4,1,4,5, 0.029312672016
4,1,4,6, 0.039888592842
4,1,4,9,-0.048450309558
4,1,5,0, 0.017958256105
4,1,5,1, 0.029054520550
4,1,5,4, 0.029312672016
4,1,5,5, 0.078604548254
4,1,5,6, 0.048288204017
4,1,5,9,-0.028796881083
4,1,6,0, 0.015717892832
4,1,6,1, 0.026067520342
4,1,6,4, 0.039888592842
4,1,6,5, 0.048288204017
4,1,6,6, 0.046671516070
4,1,6,9,-0.022275930215
4,1,7,2, 0.008963829584
4,1,7,7, 0.070305441284
4,1,8,3, 0.008963829584
4,1,8,8, 0.070305441284
4,1,9,0,-0.028184246391
4,1,9,1,-0.027108680838
4,1,9,4,-0.048450309558
4,1,9,5,-0.028796881083
4,1,9,6,-0.022275930215
4,1,9,9, 0.088757515143
4,2,0,7, 0.004828199094
4,2,1,7, 0.007396518399
4,2,2,4, 0.048105227081
4,2,2,5, 0.005792027452
4,2,2,6, 0.006709062997
4,2,2,9,-0.009493472714
4,2,4,2, 0.048105227081
4,2,4,7, 0.007370914317
4,2,5,2, 0.005792027452
4,2,5,7, 0.012342992619
4,2,6,2, 0.006709062997
4,2,6,7, 0.010397403862
4,2,7,0, 0.004828199094
4,2,7,1, 0.007396518399
4,2,7,4, 0.007370914317
4,2,7,5, 0.012342992619
4,2,7,6, 0.010397403862
4,2,7,9,-0.008987091409
4,2,9,2,-0.009493472714
4,2,9,7,-0.008987091409
4,3,0,8, 0.004828199094
4,3,1,8, 0.007396518399
4,3,3,4, 0.048105227081
4,3,3,5, 0.005792027452
4,3,3,6, 0.006709062997
4,3,3,9,-0.009493472714
4,3,4,3, 0.048105227081
4,3,4,8, 0.007370914317
4,3,5,3, 0.005792027452
4,3,5,8, 0.012342992619
4,3,6,3, 0.006709062997
4,3,6,8, 0.010397403862
4,3,8,0, 0.004828199094
4,3,8,1, 0.007396518399
4,3,8,4, 0.007370914317
4,3,8,5, 0.012342992619
4,3,8,6, 0.010397403862
4,3,8,9,-0.008987091409
4,3,9,3,-0.009493472714
4,3,9,8,-0.008987091409
4,4,0,0, 0.775037038942
4,4,0,1, 0.462081934851
4,4,0,5, 0.106838626197
4,4,0,6, 0.230426974457
4,4,0,9,-0.153679582817
4,4,1,0, 0.462081934851
4,4,1,1, 0.491073083906
4,4,1,5, 0.164471465230
4,4,1,6, 0.295044538332
4,4,1,9,-0.135764869459
4,4,2,2, 0.689508254834
4,4,2,7, 0.049924347029
4,4,3,3, 0.689508254834
4,4,3,8, 0.049924347029
4,4,4,4, 0.785718708997
4,4,4,5, 0.141583736740
4,4,4,6, 0.120931182821
4,4,4,9,-0.234399852410
4,4,5,0, 0.106838626197
4,4,5,1, 0.164471465230
4,4,5,4, 0.141583736740
4,4,5,5, 0.411753313298
4,4,5,6, 0.272707798747
4,4,5,9,-0.104352590148
4,4,6,0, 0.230426974457
4,4,6,1, 0.295044538332
4,4,6,4, 0.120931182821
4,4,6,5, 0.272707798747
4,4,6,6, 0.352012295822
4,4,6,9,-0.088757515143
4,4,7,2, 0.049924347029
4,4,7,7, 0.387578541974
4,4,8,3, 0.049924347029
4,4,8,8, 0.387578541974
4,4,9,0,-0.153679582817
4,4,9,1,-0.135764869459
4,4,9,4,-0.234399852410
4,4,9,5,-0.104352590148
4,4,9,6,-0.088757515143
4,4,9,9, 0.452859824325
4,5,0,0, 0.130962847511
4,5,0,1, 0.082782764914
4,5,0,4, 0.038067063219
4,5,0,5, 0.029798918148
4,5,0,6, 0.048931303355
4,5,0,9,-0.042575425747
4,5,1,0, 0.082782764914
4,5,1,1, 0.096213526030
4,5,1,4, 0.029312672016
4,5,1,5, 0.052163346091
4,5,1,6, 0.072793498617
4,5,1,9,-0.040809055871
4,5,2,2, 0.120218803752
4,5,2,7, 0.014138936895
4,5,3,3, 0.120218803752
4,5,3,8, 0.014138936895
4,5,4,0, 0.038067063219
4,5,4,1, 0.029312672016
4,5,4,4, 0.141583736740
4,5,4,5, 0.043296127248
4,5,4,6, 0.040686062838
4,5,4,9,-0.069561220686
4,5,5,0, 0.029798918148
4,5,5,1, 0.052163346091
4,5,5,4, 0.043296127248
4,5,5,5, 0.148908968492
4,5,5,6, 0.091081223882
4,5,5,9,-0.037983959765
4,5,6,0, 0.048931303355
4,5,6,1, 0.072793498617
4,5,6,4, 0.040686062838
4,5,6,5, 0.091081223882
4,5,6,6, 0.101160792230
4,5,6,9,-0.028184246391
4,5,7,2, 0.014138936895
4,5,7,7, 0.134219207547
4,5,8,3, 0.014138936895
4,5,8,8, 0.134219207547
4,5,9,0,-0.042575425747
4,5,9,1,-0.040809055871
4,5,9,4,-0.069561220686
4,5,9,5,-0.037983959765
4,5,9,6,-0.028184246391
4,5,9,9, 0.153679582817
4,6,0,0, 0.115136825699
4,6,0,1, 0.072246188992
4,6,0,4, 0.054659798470
4,6,0,5, 0.027982320195
4,6,0,6, 0.045327299440
4,6,0,9,-0.040809055871
4,6,1,0, 0.072246188992
4,6,1,1, 0.083042555681
4,6,1,4, 0.039888592842
4,6,1,5, 0.046963358753
4,6,1,6, 0.066353671238
4,6,1,9,-0.038504669489
4,6,2,2, 0.106622966028
4,6,2,7, 0.013609425854
4,6,3,3, 0.106622966028
4,6,3,8, 0.013609425854
4,6,4,0, 0.054659798470
4,6,4,1, 0.039888592842
4,6,4,4, 0.120931182821
4,6,4,5, 0.040686062838
4,6,4,6, 0.042203367985
4,6,4,9,-0.066158635631
4,6,5,0, 0.027982320195
4,6,5,1, 0.046963358753
4,6,5,4, 0.040686062838
4,6,5,5, 0.126819722417
4,6,5,6, 0.080155658611
4,6,5,9,-0.034450176966
4,6,6,0, 0.045327299440
4,6,6,1, 0.066353671238
4,6,6,4, 0.042203367985
4,6,6,5, 0.080155658611
4,6,6,6, 0.091732183993
4,6,6,9,-0.027108680838
4,6,7,2, 0.013609425854
4,6,7,7, 0.117177610975
4,6,8,3, 0.013609425854
4,6,8,8, 0.117177610975
4,6,9,0,-0.040809055871
4,6,9,1,-0.038504669489
4,6,9,4,-0.066158635631
4,6,9,5,-0.034450176966
4,6,9,6,-0.027108680838
4,6,9,9, 0.135764869459
4,7,0,2, 0.011221515600
4,7,0,7, 0.003787899689
4,7,1,2, 0.008963829584
4,7,1,7, 0.008038657305
4,7,2,0, 0.011221515600
4,7,2,1, 0.008963829584
4,7,2,4, 0.007370914317
4,7,2,5, 0.003376214159
4,7,2,6, 0.005953145450
4,7,2,9,-0.005116480097
4,7,4,2, 0.007370914317
4,7,4,7, 0.005770982006
4,7,5,2, 0.003376214159
4,7,5,7, 0.018442116572
4,7,6,2, 0.005953145450
4,7,6,7, 0.013368135347
4,7,7,0, 0.003787899689
4,7,7,1, 0.008038657305
4,7,7,4, 0.005770982006
4,7,7,5, 0.018442116572
4,7,7,6, 0.013368135347
4,7,7,9,-0.009493472714
4,7,9,2,-0.005116480097
4,7,9,7,-0.009493472714
4,8,0,3, 0.011221515600
4,8,0,8, 0.003787899689
4,8,1,3, 0.008963829584
4,8,1,8, 0.008038657305
4,8,3,0, 0.011221515600
4,8,3,1, 0.008963829584
4,8,3,4, 0.007370914317
4,8,3,5, 0.003376214159
4,8,3,6, 0.005953145450
4,8,3,9,-0.005116480097
4,8,4,3, 0.007370914317
4,8,4,8, 0.005770982006
4,8,5,3, 0.003376214159
4,8,5,8, 0.018442116572
4,8,6,3, 0.005953145450
4,8,6,8, 0.013368135347
4,8,8,0, 0.003787899689
4,8,8,1, 0.008038657305
4,8,8,4, 0.005770982006
4,8,8,5, 0.018442116572
4,8,8,6, 0.013368135347
4,8,8,9,-0.009493472714
4,8,9,3,-0.005116480097
4,8,9,8,-0.009493472714
4,9,0,0,-0.215436208799
4,9,0,1,-0.134541721303
4,9,0,4,-0.064350407135
4,9,0,5,-0.047579567425
4,9,0,6,-0.079131449417
4,9,0,9, 0.069561220686
4,9,1,0,-0.134541721303
4,9,1,1,-0.152445549703
4,9,1,4,-0.048450309558
4,9,1,5,-0.079131449417
4,9,1,6,-0.113020382182
4,9,1,9, 0.066158635631
4,9,2,2,-0.195416860196
4,9,2,7,-0.022528058242
4,9,3,3,-0.195416860196
4,9,3,8,-0.022528058242
4,9,4,0,-0.064350407135
4,9,4,1,-0.048450309558
4,9,4,4,-0.234399852410
4,9,4,5,-0.069561220686
4,9,4,6,-0.066158635631
4,9,4,9, 0.113906775089
4,9,5,0,-0.047579567425
4,9,5,1,-0.079131449417
4,9,5,4,-0.069561220686
4,9,5,5,-0.215436208799
4,9,5,6,-0.134541721303
4,9,5,9, 0.064350407135
4,9,6,0,-0.079131449417
4,9,6,1,-0.113020382182
4,9,6,4,-0.066158635631
4,9,6,5,-0.134541721303
4,9,6,6,-0.152445549703
4,9,6,9, 0.048450309558
4,9,7,2,-0.022528058242
4,9,7,7,-0.195416860196
4,9,8,3,-0.022528058242
4,9,8,8,-0.195416860196
4,9,9,0, 0.069561220686
4,9,9,1, 0.066158635631
4,9,9,4, 0.113906775089
4,9,9,5, 0.064350407135
4,9,9,6, 0.048450309558
4,9,9,9,-0.234399852410
5,0,0,0, 0.105385640088
5,0,0,1, 0.065105700555
5,0,0,4, 0.023355719323
5,0,0,5, 0.021139871778
5,0,0,6, 0.037063829680
5,0,0,9,-0.029798918148
5,0,1,0, 0.065105700555
5,0,1,1, 0.074266679230
5,0,1,4, 0.017958256105
5,0,1,5, 0.037063829680
5,0,1,6, 0.054195776474
5,0,1,9,-0.027982320195
5,0,2,2, 0.096281939128
5,0,2,7, 0.010040571600
5,0,3,3, 0.096281939128
5,0,3,8, 0.010040571600
5,0,4,0, 0.023355719323
5,0,4,1, 0.017958256105
5,0,4,4, 0.106838626197
5,0,4,5, 0.029798918148
5,0,4,6, 0.027982320195
5,0,4,9,-0.047579567425
5,0,5,0, 0.021139871778
5,0,5,1, 0.037063829680
5,0,5,4, 0.029798918148
5,0,5,5, 0.105385640088
5,0,5,6, 0.065105700555
5,0,5,9,-0.023355719323
5,0,6,0, 0.037063829680
5,0,6,1, 0.054195776474
5,0,6,4, 0.027982320195
5,0,6,5, 0.065105700555
5,0,6,6, 0.074266679230
5,0,6,9,-0.017958256105
5,0,7,2, 0.010040571600
5,0,7,7, 0.096281939128
5,0,8,3, 0.010040571600
5,0,8,8, 0.096281939128
5,0,9,0,-0.029798918148
5,0,9,1,-0.027982320195
5,0,9,4,-0.047579567425
5,0,9,5,-0.023355719323
5,0,9,6,-0.017958256105
5,0,9,9, 0.106838626197
5,1,0,0, 0.156021118635
5,1,0,1, 0.102503850570
5,1,0,4, 0.034060769771
5,1,0,5, 0.037063829680
5,1,0,6, 0.060363630818
5,1,0,9,-0.048931303355
5,1,1,0, 0.102503850570
5,1,1,1, 0.130690604874
5,1,1,4, 0.029054520550
5,1,1,5, 0.077316037355
5,1,1,6, 0.104655899292
5,1,1,9,-0.045327299440
5,1,2,2, 0.148436230561
5,1,2,7, 0.017721375598
5,1,3,3, 0.148436230561
5,1,3,8, 0.017721375598
5,1,4,0, 0.034060769771
5,1,4,1, 0.029054520550
5,1,4,4, 0.164471465230
5,1,4,5, 0.052163346091
5,1,4,6, 0.046963358753
5,1,4,9,-0.079131449417
5,1,5,0, 0.037063829680
5,1,5,1, 0.077316037355
5,1,5,4, 0.052163346091
5,1,5,5, 0.247390627544
5,1,5,6, 0.148440834262
5,1,5,9,-0.020823588823
5,1,6,0, 0.060363630818
5,1,6,1, 0.104655899292
5,1,6,4, 0.046963358753
5,1,6,5, 0.148440834262
5,1,6,6, 0.162644366817
5,1,6,9,-0.015717892832
5,1,7,2, 0.017721375598
5,1,7,7, 0.227252814246
5,1,8,3, 0.017721375598
5,1,8,8, 0.227252814246
5,1,9,0,-0.048931303355
5,1,9,1,-0.045327299440
5,1,9,4,-0.079131449417
5,1,9,5,-0.020823588823
5,1,9,6,-0.015717892832
5,1,9,9, 0.230426974457
5,2,0,2, 0.013644397947
5,2,0,7, 0.002282672098
5,2,1,2, 0.009949391470
5,2,1,7, 0.004283130855
5,2,2,0, 0.013644397947
5,2,2,1, 0.009949391470
5,2,2,4, 0.005792027452
5,2,2,5, 0.002556304572
5,2,2,6, 0.005785322207
5,2,2,9,-0.003787899689
5,2,4,2, 0.005792027452
5,2,4,7, 0.003376214159
5,2,5,2, 0.002556304572
5,2,5,7, 0.008447663692
5,2,6,2, 0.005785322207
5,2,6,7, 0.006666034464
5,2,7,0, 0.002282672098
5,2,7,1, 0.004283130855
5,2,7,4, 0.003376214159
5,2,7,5, 0.008447663692
5,2,7,6, 0.006666034464
5,2,7,9,-0.004828199094
5,2,9,2,-0.003787899689
5,2,9,7,-0.004828199094
5,3,0,3, 0.013644397947
5,3,0,8, 0.002282672098
5,3,1,3, 0.009949391470
5,3,1,8, 0.004283130855
5,3,3,0, 0.013644397947
5,3,3,1, 0.009949391470
5,3,3,4, 0.005792027452
5,3,3,5, 0.002556304572
5,3,3,6, 0.005785322207
5,3,3,9,-0.003787899689
5,3,4,3, 0.005792027452
5,3,4,8, 0.003376214159
5,3,5,3, 0.002556304572
5,3,5,8, 0.008447663692
5,3,6,3, 0.005785322207
5,3,6,8, 0.006666034464
5,3,8,0, 0.002282672098
5,3,8,1, 0.004283130855
5,3,8,4, 0.003376214159
5,3,8,5, 0.008447663692
5,3,8,6, 0.006666034464
5,3,8,9,-0.004828199094
5,3,9,3,-0.003787899689
5,3,9,8,-0.004828199094
5,4,0,0, 0.130962847511
5,4,0,1, 0.082782764914
5,4,0,4, 0.038067063219
5,4,0,5, 0.029798918148
5,4,0,6, 0.048931303355
5,4,0,9,-0.042575425747
5,4,1,0, 0.082782764914
5,4,1,1, 0.096213526030
5,4,1,4, 0.029312672016
5,4,1,5, 0.052163346091
5,4,1,6, 0.072793498617
5,4,1,9,-0.040809055871
5,4,2,2, 0.120218803752
5,4,2,7, 0.014138936895
5,4,3,3, 0.120218803752
5,4,3,8, 0.014138936895
5,4,4,0, 0.038067063219
5,4,4,1, 0.029312672016
5,4,4,4, 0.141583736740
5,4,4,5, 0.043296127248
5,4,4,6, 0.040686062838
5,4,4,9,-0.069561220686
5,4,5,0, 0.029798918148
5,4,5,1, 0.052163346091
5,4,5,4, 0.043296127248
5,4,5,5, 0.148908968492
5,4,5,6, 0.091081223882
5,4,5,9,-0.037983959765
5,4,6,0, 0.048931303355
5,4,6,1, 0.072793498617
5,4,6,4, 0.040686062838
5,4,6,5, 0.091081223882
5,4,6,6, 0.101160792230
5,4,6,9,-0.028184246391
5,4,7,2, 0.014138936895
5,4,7,7, 0.134219207547
5,4,8,3, 0.014138936895
5,4,8,8, 0.134219207547
5,4,9,0,-0.042575425747
5,4,9,1,-0.040809055871
5,4,9,4,-0.069561220686
5,4,9,5,-0.037983959765
5,4,9,6,-0.028184246391
5,4,9,9, 0.153679582817
5,5,0,0, 0.378995203191
5,5,0,1, 0.255963659561
5,5,0,4, 0.087147913533
5,5,0,5, 0.105385640088
5,5,0,6, 0.156021118635
5,5,0,9,-0.130962847511
5,5,1,0, 0.255963659561
5,5,1,1, 0.344897389549
5,5,1,4, 0.078604548254
5,5,1,5, 0.247390627544
5,5,1,6, 0.298771029127
5,5,1,9,-0.115136825699
5,5,2,2, 0.361755582241
5,5,2,7, 0.048260280913
5,5,3,3, 0.361755582241
5,5,3,8, 0.048260280913
5,5,4,0, 0.087147913533
5,5,4,1, 0.078604548254
5,5,4,4, 0.411753313298
5,5,4,5, 0.148908968492
5,5,4,6, 0.126819722417
5,5,4,9,-0.215436208799
5,5,5,0, 0.105385640088
5,5,5,1, 0.247390627544
5,5,5,4, 0.148908968492
5,5,5,5, 0.897251802255
5,5,5,6, 0.504699283325
5,5,6,0, 0.156021118635
5,5,6,1, 0.298771029127
5,5,6,4, 0.126819722417
5,5,6,5, 0.504699283325
5,5,6,6, 0.507364877272
5,5,7,2, 0.048260280913
5,5,7,7, 0.775037038942
5,5,8,3, 0.048260280913
5,5,8,8, 0.775037038942
5,5,9,0,-0.130962847511
5,5,9,1,-0.115136825699
5,5,9,4,-0.215436208799
5,5,9,9, 0.775037038942
5,6,0,0, 0.255963659561
5,6,0,1, 0.171720965184
5,6,0,4, 0.054406398558
5,6,0,5, 0.065105700555
5,6,0,6, 0.102503850570
5,6,0,9,-0.082782764914
5,6,1,0, 0.171720965184
5,6,1,1, 0.229758944443
5,6,1,4, 0.048288204017
5,6,1,5, 0.148440834262
5,6,1,6, 0.193454743904
5,6,1,9,-0.072246188992
5,6,2,2, 0.245674398888
5,6,2,7, 0.030808016428
5,6,3,3, 0.245674398888
5,6,3,8, 0.030808016428
5,6,4,0, 0.054406398558
5,6,4,1, 0.048288204017
5,6,4,4, 0.272707798747
5,6,4,5, 0.091081223882
5,6,4,6, 0.080155658611
5,6,4,9,-0.134541721303
5,6,5,0, 0.065105700555
5,6,5,1, 0.148440834262
5,6,5,4, 0.091081223882
5,6,5,5, 0.504699283325
5,6,5,6, 0.300015949963
5,6,6,0, 0.102503850570
5,6,6,1, 0.193454743904
5,6,6,4, 0.080155658611
5,6,6,5, 0.300015949963
5,6,6,6, 0.324022459289
5,6,7,2, 0.030808016428
5,6,7,7, 0.462081934851
5,6,8,3, 0.030808016428
5,6,8,8, 0.462081934851
5,6,9,0,-0.082782764914
5,6,9,1,-0.072246188992
5,6,9,4,-0.134541721303
5,6,9,9, 0.462081934851
5,7,0,2, 0.021160771102
5,7,0,7, 0.013644397947
5,7,1,2, 0.019093510432
5,7,1,7, 0.047367674059
5,7,2,0, 0.021160771102
5,7,2,1, 0.019093510432
5,7,2,4, 0.012342992619
5,7,2,5, 0.008447663692
5,7,2,6, 0.013377653982
5,7,2,9,-0.011221515600
5,7,4,2, 0.012342992619
5,7,4,7, 0.018442116572
5,7,5,2, 0.008447663692
5,7,5,7, 0.152608082603
5,7,6,2, 0.013377653982
5,7,6,7, 0.101353944495
5,7,7,0, 0.013644397947
5,7,7,1, 0.047367674059
5,7,7,4, 0.018442116572
5,7,7,5, 0.152608082603
5,7,7,6, 0.101353944495
5,7,9,2,-0.011221515600
5,8,0,3, 0.021160771102
5,8,0,8, 0.013644397947
5,8,1,3, 0.019093510432
5,8,1,8, 0.047367674059
5,8,3,0, 0.021160771102
5,8,3,1, 0.019093510432
5,8,3,4, 0.012342992619
5,8,3,5, 0.008447663692
5,8,3,6, 0.013377653982
5,8,3,9,-0.011221515600
5,8,4,3, 0.012342992619
5,8,4,8, 0.018442116572
5,8,5,3, 0.008447663692
5,8,5,8, 0.152608082603
5,8,6,3, 0.013377653982
5,8,6,8, 0.101353944495
5,8,8,0, 0.013644397947
5,8,8,1, 0.047367674059
5,8,8,4, 0.018442116572
5,8,8,5, 0.152608082603
5,8,8,6, 0.101353944495
5,8,9,3,-0.011221515600
5,9,0,0,-0.087147913533
5,9,0,1,-0.054406398558
5,9,0,4,-0.036069527045
5,9,0,5,-0.023355719323
5,9,0,6,-0.034060769771
5,9,0,9, 0.038067063219
5,9,1,0,-0.054406398558
5,9,1,1,-0.052855162006
5,9,1,4,-0.028796881083
5,9,1,5,-0.020823588823
5,9,1,6,-0.030619687736
5,9,1,9, 0.054659798470
5,9,2,2,-0.076744749228
5,9,2,7,-0.011221515600
5,9,3,3,-0.076744749228
5,9,3,8,-0.011221515600
5,9,4,0,-0.036069527045
5,9,4,1,-0.028796881083
5,9,4,4,-0.104352590148
5,9,4,5,-0.037983959765
5,9,4,6,-0.034450176966
5,9,4,9, 0.064350407135
5,9,5,0,-0.023355719323
5,9,5,1,-0.020823588823
5,9,5,4,-0.037983959765
5,9,5,9, 0.152608082603
5,9,6,0,-0.034060769771
5,9,6,1,-0.030619687736
5,9,6,4,-0.034450176966
5,9,6,9, 0.101353944495
5,9,7,2,-0.011221515600
5,9,8,3,-0.011221515600
5,9,9,0, 0.038067063219
5,9,9,1, 0.054659798470
5,9,9,4, 0.064350407135
5,9,9,5, 0.152608082603
5,9,9,6, 0.101353944495
6,0,0,0, 0.247390627544
6,0,0,1, 0.148440834262
6,0,0,4, 0.020823588823
6,0,0,5, 0.037063829680
6,0,0,6, 0.077316037355
6,0,0,9,-0.052163346091
6,0,1,0, 0.148440834262
6,0,1,1, 0.162644366817
6,0,1,4, 0.015717892832
6,0,1,5, 0.060363630818
6,0,1,6, 0.104655899292
6,0,1,9,-0.046963358753
6,0,2,2, 0.227252814246
6,0,2,7, 0.017721375598
6,0,3,3, 0.227252814246
6,0,3,8, 0.017721375598
6,0,4,0, 0.020823588823
6,0,4,1, 0.015717892832
6,0,4,4, 0.230426974457
6,0,4,5, 0.048931303355
6,0,4,6, 0.045327299440
6,0,4,9,-0.079131449417
6,0,5,0, 0.037063829680
6,0,5,1, 0.060363630818
6,0,5,4, 0.048931303355
6,0,5,5, 0.156021118635
6,0,5,6, 0.102503850570
6,0,5,9,-0.034060769771
6,0,6,0, 0.077316037355
6,0,6,1, 0.104655899292
6,0,6,4, 0.045327299440
6,0,6,5, 0.102503850570
6,0,6,6, 0.130690604874
6,0,6,9,-0.029054520550
6,0,7,2, 0.017721375598
6,0,7,7, 0.148436230561
6,0,8,3, 0.017721375598
6,0,8,8, 0.148436230561
6,0,9,0,-0.052163346091
6,0,9,1,-0.046963358753
6,0,9,4,-0.079131449417
6,0,9,5,-0.034060769771
6,0,9,6,-0.029054520550
6,0,9,9, 0.164471465230
6,1,0,0, 0.298771029127
6,1,0,1, 0.193454743904
6,1,0,4, 0.030619687736
6,1,0,5, 0.054195776474
6,1,0,6, 0.104655899292
6,1,0,9,-0.072793498617
6,1,1,0, 0.193454743904
6,1,1,1, 0.242275539440
6,1,1,4, 0.026067520342
6,1,1,5, 0.104655899292
6,1,1,6, 0.170581570128
6,1,1,9,-0.066353671238
6,1,2,2, 0.289615232121
6,1,2,7, 0.026646429490
6,1,3,3, 0.289615232121
6,1,3,8, 0.026646429490
6,1,4,0, 0.030619687736
6,1,4,1, 0.026067520342
6,1,4,4, 0.295044538332
6,1,4,5, 0.072793498617
6,1,4,6, 0.066353671238
6,1,4,9,-0.113020382182
6,1,5,0, 0.054195776474
6,1,5,1, 0.104655899292
6,1,5,4, 0.072793498617
6,1,5,5, 0.298771029127
6,1,5,6, 0.193454743904
6,1,5,9,-0.030619687736
6,1,6,0, 0.104655899292
6,1,6,1, 0.170581570128
6,1,6,4, 0.066353671238
6,1,6,5, 0.193454743904
6,1,6,6, 0.242275539440
6,1,6,9,-0.026067520342
6,1,7,2, 0.026646429490
6,1,7,7, 0.289615232121
6,1,8,3, 0.026646429490
6,1,8,8, 0.289615232121
6,1,9,0,-0.072793498617
6,1,9,1,-0.066353671238
6,1,9,4,-0.113020382182
6,1,9,5,-0.030619687736
6,1,9,6,-0.026067520342
6,1,9,9, 0.295044538332
6,2,0,2, 0.047367674059
6,2,0,7, 0.004283130855
6,2,1,2, 0.034122690755
6,2,1,7, 0.007678071502
6,2,2,0, 0.047367674059
6,2,2,1, 0.034122690755
6,2,2,4, 0.006709062997
6,2,2,5, 0.005785322207
6,2,2,6, 0.017267481807
6,2,2,9,-0.008038657305
6,2,4,2, 0.006709062997
6,2,4,7, 0.005953145450
6,2,5,2, 0.005785322207
6,2,5,7, 0.013377653982
6,2,6,2, 0.017267481807
6,2,6,7, 0.011541409771
6,2,7,0, 0.004283130855
6,2,7,1, 0.007678071502
6,2,7,4, 0.005953145450
6,2,7,5, 0.013377653982
6,2,7,6, 0.011541409771
6,2,7,9,-0.007396518399
6,2,9,2,-0.008038657305
6,2,9,7,-0.007396518399
6,3,0,3, 0.047367674059
6,3,0,8, 0.004283130855
6,3,1,3, 0.034122690755
6,3,1,8, 0.007678071502
6,3,3,0, 0.047367674059
6,3,3,1, 0.034122690755
6,3,3,4, 0.006709062997
6,3,3,5, 0.005785322207
6,3,3,6, 0.017267481807
6,3,3,9,-0.008038657305
6,3,4,3, 0.006709062997
6,3,4,8, 0.005953145450
6,3,5,3, 0.005785322207
6,3,5,8, 0.013377653982
6,3,6,3, 0.017267481807
6,3,6,8, 0.011541409771
6,3,8,0, 0.004283130855
6,3,8,1, 0.007678071502
6,3,8,4, 0.005953145450
6,3,8,5, 0.013377653982
6,3,8,6, 0.011541409771
6,3,8,9,-0.007396518399
6,3,9,3,-0.008038657305
6,3,9,8,-0.007396518399
6,4,0,0, 0.115136825699
6,4,0,1, 0.072246188992
6,4,0,4, 0.054659798470
6,4,0,5, 0.027982320195
6,4,0,6, 0.045327299440
6,4,0,9,-0.040809055871
6,4,1,0, 0.072246188992
6,4,1,1, 0.083042555681
6,4,1,4, 0.039888592842
6,4,1,5, 0.046963358753
6,4,1,6, 0.066353671238
6,4,1,9,-0.038504669489
6,4,2,2, 0.106622966028
6,4,2,7, 0.013609425854
6,4,3,3, 0.106622966028
6,4,3,8, 0.013609425854
6,4,4,0, 0.054659798470
6,4,4,1, 0.039888592842
6,4,4,4, 0.120931182821
6,4,4,5, 0.040686062838
6,4,4,6, 0.042203367985
6,4,4,9,-0.066158635631
6,4,5,0, 0.027982320195
6,4,5,1, 0.046963358753
6,4,5,4, 0.040686062838
6,4,5,5, 0.126819722417
6,4,5,6, 0.080155658611
6,4,5,9,-0.034450176966
6,4,6,0, 0.045327299440
6,4,6,1, 0.066353671238
6,4,6,4, 0.042203367985
6,4,6,5, 0.080155658611
6,4,6,6, 0.091732183993
6,4,6,9,-0.027108680838
6,4,7,2, 0.013609425854
6,4,7,7, 0.117177610975
6,4,8,3, 0.013609425854
6,4,8,8, 0.117177610975
6,4,9,0,-0.040809055871
6,4,9,1,-0.038504669489
6,4,9,4,-0.066158635631
6,4,9,5,-0.034450176966
6,4,9,6,-0.027108680838
6,4,9,9, 0.135764869459
6,5,0,0, 0.255963659561
6,5,0,1, 0.171720965184
6,5,0,4, 0.054406398558
6,5,0,5, 0.065105700555
6,5,0,6, 0.102503850570
6,5,0,9,-0.082782764914
6,5,1,0, 0.171720965184
6,5,1,1, 0.229758944443
6,5,1,4, 0.048288204017
6,5,1,5, 0.148440834262
6,5,1,6, 0.193454743904
6,5,1,9,-0.072246188992
6,5,2,2, 0.245674398888
6,5,2,7, 0.030808016428
6,5,3,3, 0.245674398888
6,5,3,8, 0.030808016428
6,5,4,0, 0.054406398558
6,5,4,1, 0.048288204017
6,5,4,4, 0.272707798747
6,5,4,5, 0.091081223882
6,5,4,6, 0.080155658611
6,5,4,9,-0.134541721303
6,5,5,0, 0.065105700555
6,5,5,1, 0.148440834262
6,5,5,4, 0.091081223882
6,5,5,5, 0.504699283325
6,5,5,6, 0.300015949963
6,5,6,0, 0.102503850570
6,5,6,1, 0.193454743904
6,5,6,4, 0.080155658611
6,5,6,5, 0.300015949963
6,5,6,6, 0.324022459289
6,5,7,2, 0.030808016428
6,5,7,7, 0.462081934851
6,5,8,3, 0.030808016428
6,5,8,8, 0.462081934851
6,5,9,0,-0.082782764914
6,5,9,1,-0.072246188992
6,5,9,4,-0.134541721303
6,5,9,9, 0.462081934851
6,6,0,0, 0.344897389549
6,6,0,1, 0.229758944443
6,6,0,4, 0.052855162006
6,6,0,5, 0.074266679230
6,6,0,6, 0.130690604874
6,6,0,9,-0.096213526030
6,6,1,0, 0.229758944443
6,6,1,1, 0.307022256213
6,6,1,4, 0.046671516070
6,6,1,5, 0.162644366817
6,6,1,6, 0.242275539440
6,6,1,9,-0.083042555681
6,6,2,2, 0.335965692927
6,6,2,7, 0.036309240069
6,6,3,3, 0.335965692927
6,6,3,8, 0.036309240069
6,6,4,0, 0.052855162006
6,6,4,1, 0.046671516070
6,6,4,4, 0.352012295822
6,6,4,5, 0.101160792230
6,6,4,6, 0.091732183993
6,6,4,9,-0.152445549703
6,6,5,0, 0.074266679230
6,6,5,1, 0.162644366817
6,6,5,4, 0.101160792230
6,6,5,5, 0.507364877272
6,6,5,6, 0.324022459289
6,6,6,0, 0.130690604874
6,6,6,1, 0.242275539440
6,6,6,4, 0.091732183993
6,6,6,5, 0.324022459289
6,6,6,6, 0.394125899248
6,6,7,2, 0.036309240069
6,6,7,7, 0.491073083906
6,6,8,3, 0.036309240069
6,6,8,8, 0.491073083906
6,6,9,0,-0.096213526030
6,6,9,1,-0.083042555681
6,6,9,4,-0.152445549703
6,6,9,9, 0.491073083906
6,7,0,2, 0.019093510432
6,7,0,7, 0.009949391470
6,7,1,2, 0.017035789034
6,7,1,7, 0.034122690755
6,7,2,0, 0.019093510432
6,7,2,1, 0.017035789034
6,7,2,4, 0.010397403862
6,7,2,5, 0.006666034464
6,7,2,6, 0.011541409771
6,7,2,9,-0.008963829584
6,7,4,2, 0.010397403862
6,7,4,7, 0.013368135347
6,7,5,2, 0.006666034464
6,7,5,7, 0.101353944495
6,7,6,2, 0.011541409771
6,7,6,7, 0.072461555243
6,7,7,0, 0.009949391470
6,7,7,1, 0.034122690755
6,7,7,4, 0.013368135347
6,7,7,5, 0.101353944495
6,7,7,6, 0.072461555243
6,7,9,2,-0.008963829584
6,8,0,3, 0.019093510432
6,8,0,8, 0.009949391470
6,8,1,3, 0.017035789034
6,8,1,8, 0.034122690755
6,8,3,0, 0.019093510432
6,8,3,1, 0.017035789034
6,8,3,4, 0.010397403862
6,8,3,5, 0.006666034464
6,8,3,6, 0.011541409771
6,8,3,9,-0.008963829584
6,8,4,3, 0.010397403862
6,8,4,8, 0.013368135347
6,8,5,3, 0.006666034464
6,8,5,8, 0.101353944495
6,8,6,3, 0.011541409771
6,8,6,8, 0.072461555243
6,8,8,0, 0.009949391470
6,8,8,1, 0.034122690755
6,8,8,4, 0.013368135347
6,8,8,5, 0.101353944495
6,8,8,6, 0.072461555243
6,8,9,3,-0.008963829584
6,9,0,0,-0.078604548254
6,9,0,1,-0.048288204017
6,9,0,4,-0.028796881083
6,9,0,5,-0.017958256105
6,9,0,6,-0.029054520550
6,9,0,9, 0.029312672016
6,9,1,0,-0.048288204017
6,9,1,1,-0.046671516070
6,9,1,4,-0.022275930215
6,9,1,5,-0.015717892832
6,9,1,6,-0.026067520342
6,9,1,9, 0.039888592842
6,9,2,2,-0.070305441284
6,9,2,7,-0.008963829584
6,9,3,3,-0.070305441284
6,9,3,8,-0.008963829584
6,9,4,0,-0.028796881083
6,9,4,1,-0.022275930215
6,9,4,4,-0.088757515143
6,9,4,5,-0.028184246391
6,9,4,6,-0.027108680838
6,9,4,9, 0.048450309558
6,9,5,0,-0.017958256105
6,9,5,1,-0.015717892832
6,9,5,4,-0.028184246391
6,9,5,9, 0.101353944495
6,9,6,0,-0.029054520550
6,9,6,1,-0.026067520342
6,9,6,4,-0.027108680838
6,9,6,9, 0.072461555243
6,9,7,2,-0.008963829584
6,9,8,3,-0.008963829584
6,9,9,0, 0.029312672016
6,9,9,1, 0.039888592842
6,9,9,4, 0.048450309558
6,9,9,5, 0.101353944495
6,9,9,6, 0.072461555243
7,0,0,2, 0.008447663692
7,0,0,7, 0.002556304572
7,0,1,2, 0.006666034464
7,0,1,7, 0.005785322207
7,0,2,0, 0.008447663692
7,0,2,1, 0.006666034464
7,0,2,4, 0.004828199094
7,0,2,5, 0.002282672098
7,0,2,6, 0.004283130855
7,0,2,9,-0.003376214159
7,0,4,2, 0.004828199094
7,0,4,7, 0.003787899689
7,0,5,2, 0.002282672098
7,0,5,7, 0.013644397947
7,0,6,2, 0.004283130855
7,0,6,7, 0.009949391470
7,0,7,0, 0.002556304572
7,0,7,1, 0.005785322207
7,0,7,4, 0.003787899689
7,0,7,5, 0.013644397947
7,0,7,6, 0.009949391470
7,0,7,9,-0.005792027452
7,0,9,2,-0.003376214159
7,0,9,7,-0.005792027452
7,1,0,2, 0.013377653982
7,1,0,7, 0.005785322207
7,1,1,2, 0.011541409771
7,1,1,7, 0.017267481807
7,1,2,0, 0.013377653982
7,1,2,1, 0.011541409771
7,1,2,4, 0.007396518399
7,1,2,5, 0.004283130855
7,1,2,6, 0.007678071502
7,1,2,9,-0.005953145450
7,1,4,2, 0.007396518399
7,1,4,7, 0.008038657305
7,1,5,2, 0.004283130855
7,1,5,7, 0.047367674059
7,1,6,2, 0.007678071502
7,1,6,7, 0.034122690755
7,1,7,0, 0.005785322207
7,1,7,1, 0.017267481807
7,1,7,4, 0.008038657305
7,1,7,5, 0.047367674059
7,1,7,6, 0.034122690755
7,1,7,9,-0.006709062997
7,1,9,2,-0.005953145450
7,1,9,7,-0.006709062997
7,2,0,0, 0.048260280913
7,2,0,1, 0.030808016428
7,2,0,4, 0.011221515600
7,2,0,5, 0.010040571600
7,2,0,6, 0.017721375598
7,2,0,9,-0.014138936895
7,2,1,0, 0.030808016428
7,2,1,1, 0.036309240069
7,2,1,4, 0.008963829584
7,2,1,5, 0.017721375598
7,2,1,6, 0.026646429490
7,2,1,9,-0.013609425854
7,2,2,2, 0.047622462299
7,2,2,7, 0.005345098922
7,2,3,3, 0.044243109241
7,2,3,8, 0.004690597014
7,2,4,0, 0.011221515600
7,2,4,1, 0.008963829584
7,2,4,4, 0.049924347029
7,2,4,5, 0.014138936895
7,2,4,6, 0.013609425854
7,2,4,9,-0.022528058242
7,2,5,0, 0.010040571600
7,2,5,1, 0.017721375598
7,2,5,4, 0.014138936895
7,2,5,5, 0.048260280913
7,2,5,6, 0.030808016428
7,2,5,9,-0.011221515600
7,2,6,0, 0.017721375598
7,2,6,1, 0.026646429490
7,2,6,4, 0.013609425854
7,2,6,5, 0.030808016428
7,2,6,6, 0.036309240069
7,2,6,9,-0.008963829584
7,2,7,2, 0.005345098922
7,2,7,7, 0.047622462299
7,2,8,3, 0.004690597014
7,2,8,8, 0.044243109241
7,2,9,0,-0.014138936895
7,2,9,1,-0.013609425854
7,2,9,4,-0.022528058242
7,2,9,5,-0.011221515600
7,2,9,6,-0.008963829584
7,2,9,9, 0.049924347029
7,3,2,3, 0.001689676529
7,3,2,8, 0.000327250954
7,3,3,2, 0.001689676529
7,3,3,7, 0.000327250954
7,3,7,3, 0.000327250954
7,3,7,8, 0.001689676529
7,3,8,2, 0.000327250954
7,3,8,7, 0.001689676529
7,4,0,2, 0.011221515600
7,4,0,7, 0.003787899689
7,4,1,2, 0.008963829584
7,4,1,7, 0.008038657305
7,4,2,0, 0.011221515600
7,4,2,1, 0.008963829584
7,4,2,4, 0.007370914317
7,4,2,5, 0.003376214159
7,4,2,6, 0.005953145450
7,4,2,9,-0.005116480097
7,4,4,2, 0.007370914317
7,4,4,7, 0.005770982006
7,4,5,2, 0.003376214159
7,4,5,7, 0.018442116572
7,4,6,2, 0.005953145450
7,4,6,7, 0.013368135347
7,4,7,0, 0.003787899689
7,4,7,1, 0.008038657305
7,4,7,4, 0.005770982006
7,4,7,5, 0.018442116572
7,4,7,6, 0.013368135347
7,4,7,9,-0.009493472714
7,4,9,2,-0.005116480097
7,4,9,7,-0.009493472714
7,5,0,2, 0.021160771102
7,5,0,7, 0.013644397947
7,5,1,2, 0.019093510432
7,5,1,7, 0.047367674059
7,5,2,0, 0.021160771102
7,5,2,1, 0.019093510432
7,5,2,4, 0.012342992619
7,5,2,5, 0.008447663692
7,5,2,6, 0.013377653982
7,5,2,9,-0.011221515600
7,5,4,2, 0.012342992619
7,5,4,7, 0.018442116572
7,5,5,2, 0.008447663692
7,5,5,7, 0.152608082603
7,5,6,2, 0.013377653982
7,5,6,7, 0.101353944495
7,5,7,0, 0.013644397947
7,5,7,1, 0.047367674059
7,5,7,4, 0.018442116572
7,5,7,5, 0.152608082603
7,5,7,6, 0.101353944495
7,5,9,2,-0.011221515600
7,6,0,2, 0.019093510432
7,6,0,7, 0.009949391470
7,6,1,2, 0.017035789034
7,6,1,7, 0.034122690755
7,6,2,0, 0.019093510432
7,6,2,1, 0.017035789034
7,6,2,4, 0.010397403862
7,6,2,5, 0.006666034464
7,6,2,6, 0.011541409771
7,6,2,9,-0.008963829584
7,6,4,2, 0.010397403862
7,6,4,7, 0.013368135347
7,6,5,2, 0.006666034464
7,6,5,7, 0.101353944495
7,6,6,2, 0.011541409771
7,6,6,7, 0.072461555243
7,6,7,0, 0.009949391470
7,6,7,1, 0.034122690755
7,6,7,4, 0.013368135347
7,6,7,5, 0.101353944495
7,6,7,6, 0.072461555243
7,6,9,2,-0.008963829584
7,7,0,0, 0.361755582241
7,7,0,1, 0.245674398888
7,7,0,4, 0.076744749228
7,7,0,5, 0.096281939128
7,7,0,6, 0.148436230561
7,7,0,9,-0.120218803752
7,7,1,0, 0.245674398888
7,7,1,1, 0.335965692927
7,7,1,4, 0.070305441284
7,7,1,5, 0.227252814246
7,7,1,6, 0.289615232121
7,7,1,9,-0.106622966028
7,7,2,2, 0.351518196516
7,7,2,7, 0.047622462299
7,7,3,3, 0.346206523425
7,7,3,8, 0.044243109241
7,7,4,0, 0.076744749228
7,7,4,1, 0.070305441284
7,7,4,4, 0.387578541974
7,7,4,5, 0.134219207547
7,7,4,6, 0.117177610975
7,7,4,9,-0.195416860196
7,7,5,0, 0.096281939128
7,7,5,1, 0.227252814246
7,7,5,4, 0.134219207547
7,7,5,5, 0.775037038942
7,7,5,6, 0.462081934851
7,7,6,0, 0.148436230561
7,7,6,1, 0.289615232121
7,7,6,4, 0.117177610975
7,7,6,5, 0.462081934851
7,7,6,6, 0.491073083906
7,7,7,2, 0.047622462299
7,7,7,7, 0.785718708997
7,7,8,3, 0.044243109241
7,7,8,8, 0.689508254834
7,7,9,0,-0.120218803752
7,7,9,1,-0.106622966028
7,7,9,4,-0.195416860196
7,7,9,9, 0.689508254834
7,8,2,3, 0.002655836545
7,8,2,8, 0.001689676529
7,8,3,2, 0.002655836545
7,8,3,7, 0.001689676529
7,8,7,3, 0.001689676529
7,8,7,8, 0.048105227081
7,8,8,2, 0.001689676529
7,8,8,7, 0.048105227081
7,9,0,2,-0.012342992619
7,9,0,7,-0.005792027452
7,9,1,2,-0.010397403862
7,9,1,7,-0.006709062997
7,9,2,0,-0.012342992619
7,9,2,1,-0.010397403862
7,9,2,4,-0.008987091409
7,9,2,5,-0.004828199094
7,9,2,6,-0.007396518399
7,9,2,9, 0.007370914317
7,9,4,2,-0.008987091409
7,9,4,7,-0.009493472714
7,9,5,2,-0.004828199094
7,9,6,2,-0.007396518399
7,9,7,0,-0.005792027452
7,9,7,1,-0.006709062997
7,9,7,4,-0.009493472714
7,9,7,9, 0.048105227081
7,9,9,2, 0.007370914317
7,9,9,7, 0.048105227081
8,0,0,3, 0.008447663692
8,0,0,8, 0.002556304572
8,0,1,3, 0.006666034464
8,0,1,8, 0.005785322207
8,0,3,0, 0.008447663692
8,0,3,1, 0.006666034464
8,0,3,4, 0.004828199094
8,0,3,5, 0.002282672098
8,0,3,6, 0.004283130855
8,0,3,9,-0.003376214159
8,0,4,3, 0.004828199094
8,0,4,8, 0.003787899689
8,0,5,3, 0.002282672098
8,0,5,8, 0.013644397947
8,0,6,3, 0.004283130855
8,0,6,8, 0.009949391470
8,0,8,0, 0.002556304572
8,0,8,1, 0.005785322207
8,0,8,4, 0.003787899689
8,0,8,5, 0.013644397947
8,0,8,6, 0.009949391470
8,0,8,9,-0.005792027452
8,0,9,3,-0.003376214159
8,0,9,8,-0.005792027452
8,1,0,3, 0.013377653982
8,1,0,8, 0.005785322207
8,1,1,3, 0.011541409771
8,1,1,8, 0.017267481807
8,1,3,0, 0.013377653982
8,1,3,1, 0.011541409771
8,1,3,4, 0.007396518399
8,1,3,5, 0.004283130855
8,1,3,6, 0.007678071502
8,1,3,9,-0.005953145450
8,1,4,3, 0.007396518399
8,1,4,8, 0.008038657305
8,1,5,3, 0.004283130855
8,1,5,8, 0.047367674059
8,1,6,3, 0.007678071502
8,1,6,8, 0.034122690755
8,1,8,0, 0.005785322207
8,1,8,1, 0.017267481807
8,1,8,4, 0.008038657305
8,1,8,5, 0.047367674059
8,1,8,6, 0.034122690755
8,1,8,9,-0.006709062997
8,1,9,3,-0.005953145450
8,1,9,8,-0.006709062997
8,2,2,3, 0.001689676529
8,2,2,8, 0.000327250954
8,2,3,2, 0.001689676529
8,2,3,7, 0.000327250954
8,2,7,3, 0.000327250954
8,2,7,8, 0.001689676529
8,2,8,2, 0.000327250954
8,2,8,7, 0.001689676529
8,3,0,0, 0.048260280913
8,3,0,1, 0.030808016428
8,3,0,4, 0.011221515600
8,3,0,5, 0.010040571600
8,3,0,6, 0.017721375598
8,3,0,9,-0.014138936895
8,3,1,0, 0.030808016428
8,3,1,1, 0.036309240069
8,3,1,4, 0.008963829584
8,3,1,5, 0.017721375598
8,3,1,6, 0.026646429490
8,3,1,9,-0.013609425854
8,3,2,2, 0.044243109241
8,3,2,7, 0.004690597014
8,3,3,3, 0.047622462299
8,3,3,8, 0.005345098922
8,3,4,0, 0.011221515600
8,3,4,1, 0.008963829584
8,3,4,4, 0.049924347029
8,3,4,5, 0.014138936895
8,3,4,6, 0.013609425854
8,3,4,9,-0.022528058242
8,3,5,0, 0.010040571600
8,3,5,1, 0.017721375598
8,3,5,4, 0.014138936895
8,3,5,5, 0.048260280913
8,3,5,6, 0.030808016428
8,3,5,9,-0.011221515600
8,3,6,0, 0.017721375598
8,3,6,1, 0.026646429490
8,3,6,4, 0.013609425854
8,3,6,5, 0.030808016428
8,3,6,6, 0.036309240069
8,3,6,9,-0.008963829584
8,3,7,2, 0.004690597014
8,3,7,7, 0.044243109241
8,3,8,3, 0.005345098922
8,3,8,8, 0.047622462299
8,3,9,0,-0.014138936895
8,3,9,1,-0.013609425854
8,3,9,4,-0.022528058242
8,3,9,5,-0.011221515600
8,3,9,6,-0.008963829584
8,3,9,9, 0.049924347029
8,4,0,3, 0.011221515600
8,4,0,8, 0.003787899689
8,4,1,3, 0.008963829584
8,4,1,8, 0.008038657305
8,4,3,0, 0.011221515600
8,4,3,1, 0.008963829584
8,4,3,4, 0.007370914317
8,4,3,5, 0.003376214159
8,4,3,6, 0.005953145450
8,4,3,9,-0.005116480097
8,4,4,3, 0.007370914317
8,4,4,8, 0.005770982006
8,4,5,3, 0.003376214159
8,4,5,8, 0.018442116572
8,4,6,3, 0.005953145450
8,4,6,8, 0.013368135347
8,4,8,0, 0.003787899689
8,4,8,1, 0.008038657305
8,4,8,4, 0.005770982006
8,4,8,5, 0.018442116572
8,4,8,6, 0.013368135347
8,4,8,9,-0.009493472714
8,4,9,3,-0.005116480097
8,4,9,8,-0.009493472714
8,5,0,3, 0.021160771102
8,5,0,8, 0.013644397947
8,5,1,3, 0.019093510432
8,5,1,8, 0.047367674059
8,5,3,0, 0.021160771102
8,5,3,1, 0.019093510432
8,5,3,4, 0.012342992619
8,5,3,5, 0.008447663692
8,5,3,6, 0.013377653982
8,5,3,9,-0.011221515600
8,5,4,3, 0.012342992619
8,5,4,8, 0.018442116572
8,5,5,3, 0.008447663692
8,5,5,8, 0.152608082603
8,5,6,3, 0.013377653982
8,5,6,8, 0.101353944495
8,5,8,0, 0.013644397947
8,5,8,1, 0.047367674059
8,5,8,4, 0.018442116572
8,5,8,5, 0.152608082603
8,5,8,6, 0.101353944495
8,5,9,3,-0.011221515600
8,6,0,3, 0.019093510432
8,6,0,8, 0.009949391470
8,6,1,3, 0.017035789034
8,6,1,8, 0.034122690755
8,6,3,0, 0.019093510432
8,6,3,1, 0.017035789034
8,6,3,4, 0.010397403862
8,6,3,5, 0.006666034464
8,6,3,6, 0.011541409771
8,6,3,9,-0.008963829584
8,6,4,3, 0.010397403862
8,6,4,8, 0.013368135347
8,6,5,3, 0.006666034464
8,6,5,8, 0.101353944495
8,6,6,3, 0.011541409771
8,6,6,8, 0.072461555243
8,6,8,0, 0.009949391470
8,6,8,1, 0.034122690755
8,6,8,4, 0.013368135347
8,6,8,5, 0.101353944495
8,6,8,6, 0.072461555243
8,6,9,3,-0.008963829584
8,7,2,3, 0.002655836545
8,7,2,8, 0.001689676529
8,7,3,2, 0.002655836545
8,7,3,7, 0.001689676529
8,7,7,3, 0.001689676529
8,7,7,8, 0.048105227081
8,7,8,2, 0.001689676529
8,7,8,7, 0.048105227081
8,8,0,0, 0.361755582241
8,8,0,1, 0.245674398888
8,8,0,4, 0.076744749228
8,8,0,5, 0.096281939128
8,8,0,6, 0.148436230561
8,8,0,9,-0.120218803752
8,8,1,0, 0.245674398888
8,8,1,1, 0.335965692927
8,8,1,4, 0.070305441284
8,8,1,5, 0.227252814246
8,8,1,6, 0.289615232121
8,8,1,9,-0.106622966028
8,8,2,2, 0.346206523425
8,8,2,7, 0.044243109241
8,8,3,3, 0.351518196516
8,8,3,8, 0.047622462299
8,8,4,0, 0.076744749228
8,8,4,1, 0.070305441284
8,8,4,4, 0.387578541974
8,8,4,5, 0.134219207547
8,8,4,6, 0.117177610975
8,8,4,9,-0.195416860196
8,8,5,0, 0.096281939128
8,8,5,1, 0.227252814246
8,8,5,4, 0.134219207547
8,8,5,5, 0.775037038942
8,8,5,6, 0.462081934851
8,8,6,0, 0.148436230561
8,8,6,1, 0.289615232121
8,8,6,4, 0.117177610975
8,8,6,5, 0.462081934851
8,8,6,6, 0.491073083906
8,8,7,2, 0.044243109241
8,8,7,7, 0.689508254834
8,8,8,3, 0.047622462299
8,8,8,8, 0.785718708997
8,8,9,0,-0.120218803752
8,8,9,1,-0.106622966028
8,8,9,4,-0.195416860196
8,8,9,9, 0.689508254834
8,9,0,3,-0.012342992619
8,9,0,8,-0.005792027452
8,9,1,3,-0.010397403862
8,9,1,8,-0.006709062997
8,9,3,0,-0.012342992619
8,9,3,1,-0.010397403862
8,9,3,4,-0.008987091409
8,9,3,5,-0.004828199094
8,9,3,6,-0.007396518399
8,9,3,9, 0.007370914317
8,9,4,3,-0.008987091409
8,9,4,8,-0.009493472714
8,9,5,3,-0.004828199094
8,9,6,3,-0.007396518399
8,9,8,0,-0.005792027452
8,9,8,1,-0.006709062997
8,9,8,4,-0.009493472714
8,9,8,9, 0.048105227081
8,9,9,3, 0.007370914317
8,9,9,8, 0.048105227081
9,0,0,0,-0.148908968492
9,0,0,1,-0.091081223882
9,0,0,4,-0.037983959765
9,0,0,5,-0.029798918148
9,0,0,6,-0.052163346091
9,0,0,9, 0.043296127248
9,0,1,0,-0.091081223882
9,0,1,1,-0.101160792230
9,0,1,4,-0.028184246391
9,0,1,5,-0.048931303355
9,0,1,6,-0.072793498617
9,0,1,9, 0.040686062838
9,0,2,2,-0.134219207547
9,0,2,7,-0.014138936895
9,0,3,3,-0.134219207547
9,0,3,8,-0.014138936895
9,0,4,0,-0.037983959765
9,0,4,1,-0.028184246391
9,0,4,4,-0.153679582817
9,0,4,5,-0.042575425747
9,0,4,6,-0.040809055871
9,0,4,9, 0.069561220686
9,0,5,0,-0.029798918148
9,0,5,1,-0.048931303355
9,0,5,4,-0.042575425747
9,0,5,5,-0.130962847511
9,0,5,6,-0.082782764914
9,0,5,9, 0.038067063219
9,0,6,0,-0.052163346091
9,0,6,1,-0.072793498617
9,0,6,4,-0.040809055871
9,0,6,5,-0.082782764914
9,0,6,6,-0.096213526030
9,0,6,9, 0.029312672016
9,0,7,2,-0.014138936895
9,0,7,7,-0.120218803752
9,0,8,3,-0.014138936895
9,0,8,8,-0.120218803752
9,0,9,0, 0.043296127248
9,0,9,1, 0.040686062838
9,0,9,4, 0.069561220686
9,0,9,5, 0.038067063219
9,0,9,6, 0.029312672016
9,0,9,9,-0.141583736740
9,1,0,0,-0.126819722417
9,1,0,1,-0.080155658611
9,1,0,4,-0.034450176966
9,1,0,5,-0.027982320195
9,1,0,6,-0.046963358753
9,1,0,9, 0.040686062838
9,1,1,0,-0.080155658611
9,1,1,1,-0.091732183993
9,1,1,4,-0.027108680838
9,1,1,5,-0.045327299440
9,1,1,6,-0.066353671238
9,1,1,9, 0.042203367985
9,1,2,2,-0.117177610975
9,1,2,7,-0.013609425854
9,1,3,3,-0.117177610975
9,1,3,8,-0.013609425854
9,1,4,0,-0.034450176966
9,1,4,1,-0.027108680838
9,1,4,4,-0.135764869459
9,1,4,5,-0.040809055871
9,1,4,6,-0.038504669489
9,1,4,9, 0.066158635631
9,1,5,0,-0.027982320195
9,1,5,1,-0.045327299440
9,1,5,4,-0.040809055871
9,1,5,5,-0.115136825699
9,1,5,6,-0.072246188992
9,1,5,9, 0.054659798470
9,1,6,0,-0.046963358753
9,1,6,1,-0.066353671238
9,1,6,4,-0.038504669489
9,1,6,5,-0.072246188992
9,1,6,6,-0.083042555681
9,1,6,9, 0.039888592842
9,1,7,2,-0.013609425854
9,1,7,7,-0.106622966028
9,1,8,3,-0.013609425854
9,1,8,8,-0.106622966028
9,1,9,0, 0.040686062838
9,1,9,1, 0.042203367985
9,1,9,4, 0.066158635631
9,1,9,5, 0.054659798470
9,1,9,6, 0.039888592842
9,1,9,9,-0.120931182821
9,2,0,2,-0.018442116572
9,2,0,7,-0.003376214159
9,2,1,2,-0.013368135347
9,2,1,7,-0.005953145450
9,2,2,0,-0.018442116572
9,2,2,1,-0.013368135347
9,2,2,4,-0.009493472714
9,2,2,5,-0.003787899689
9,2,2,6,-0.008038657305
9,2,2,9, 0.005770982006
9,2,4,2,-0.009493472714
9,2,4,7,-0.005116480097
9,2,5,2,-0.003787899689
9,2,5,7,-0.011221515600
9,2,6,2,-0.008038657305
9,2,6,7,-0.008963829584
9,2,7,0,-0.003376214159
9,2,7,1,-0.005953145450
9,2,7,4,-0.005116480097
9,2,7,5,-0.011221515600
9,2,7,6,-0.008963829584
9,2,7,9, 0.007370914317
9,2,9,2, 0.005770982006
9,2,9,7, 0.007370914317
9,3,0,3,-0.018442116572
9,3,0,8,-0.003376214159
9,3,1,3,-0.013368135347
9,3,1,8,-0.005953145450
9,3,3,0,-0.018442116572
9,3,3,1,-0.013368135347
9,3,3,4,-0.009493472714
9,3,3,5,-0.003787899689
9,3,3,6,-0.008038657305
9,3,3,9, 0.005770982006
9,3,4,3,-0.009493472714
9,3,4,8,-0.005116480097
9,3,5,3,-0.003787899689
9,3,5,8,-0.011221515600
9,3,6,3,-0.008038657305
9,3,6,8,-0.008963829584
9,3,8,0,-0.003376214159
9,3,8,1,-0.005953145450
9,3,8,4,-0.005116480097
9,3,8,5,-0.011221515600
9,3,8,6,-0.008963829584
9,3,8,9, 0.007370914317
9,3,9,3, 0.005770982006
9,3,9,8, 0.007370914317
9,4,0,0,-0.215436208799
9,4,0,1,-0.134541721303
9,4,0,4,-0.064350407135
9,4,0,5,-0.047579567425
9,4,0,6,-0.079131449417
9,4,0,9, 0.069561220686
9,4,1,0,-0.134541721303
9,4,1,1,-0.152445549703
9,4,1,4,-0.048450309558
9,4,1,5,-0.079131449417
9,4,1,6,-0.113020382182
9,4,1,9, 0.066158635631
9,4,2,2,-0.195416860196
9,4,2,7,-0.022528058242
9,4,3,3,-0.195416860196
9,4,3,8,-0.022528058242
9,4,4,0,-0.064350407135
9,4,4,1,-0.048450309558
9,4,4,4,-0.234399852410
9,4,4,5,-0.069561220686
9,4,4,6,-0.066158635631
9,4,4,9, 0.113906775089
9,4,5,0,-0.047579567425
9,4,5,1,-0.079131449417
9,4,5,4,-0.069561220686
9,4,5,5,-0.215436208799
9,4,5,6,-0.134541721303
9,4,5,9, 0.064350407135
9,4,6,0,-0.079131449417
9,4,6,1,-0.113020382182
9,4,6,4,-0.066158635631
9,4,6,5,-0.134541721303
9,4,6,6,-0.152445549703
9,4,6,9, 0.048450309558
9,4,7,2,-0.022528058242
9,4,7,7,-0.195416860196
9,4,8,3,-0.022528058242
9,4,8,8,-0.195416860196
9,4,9,0, 0.069561220686
9,4,9,1, 0.066158635631
9,4,9,4, 0.113906775089
9,4,9,5, 0.064350407135
9,4,9,6, 0.048450309558
9,4,9,9,-0.234399852410
9,5,0,0,-0.087147913533
9,5,0,1,-0.054406398558
9,5,0,4,-0.036069527045
9,5,0,5,-0.023355719323
9,5,0,6,-0.034060769771
9,5,0,9, 0.038067063219
9,5,1,0,-0.054406398558
9,5,1,1,-0.052855162006
9,5,1,4,-0.028796881083
9,5,1,5,-0.020823588823
9,5,1,6,-0.030619687736
9,5,1,9, 0.054659798470
9,5,2,2,-0.076744749228
9,5,2,7,-0.011221515600
9,5,3,3,-0.076744749228
9,5,3,8,-0.011221515600
9,5,4,0,-0.036069527045
9,5,4,1,-0.028796881083
9,5,4,4,-0.104352590148
9,5,4,5,-0.037983959765
9,5,4,6,-0.034450176966
9,5,4,9, 0.064350407135
9,5,5,0,-0.023355719323
9,5,5,1,-0.020823588823
9,5,5,4,-0.037983959765
9,5,5,9, 0.152608082603
9,5,6,0,-0.034060769771
9,5,6,1,-0.030619687736
9,5,6,4,-0.034450176966
9,5,6,9, 0.101353944495
9,5,7,2,-0.011221515600
9,5,8,3,-0.011221515600
9,5,9,0, 0.038067063219
9,5,9,1, 0.054659798470
9,5,9,4, 0.064350407135
9,5,9,5, 0.152608082603
9,5,9,6, 0.101353944495
9,6,0,0,-0.078604548254
9,6,0,1,-0.048288204017
9,6,0,4,-0.028796881083
9,6,0,5,-0.017958256105
9,6,0,6,-0.029054520550
9,6,0,9, 0.029312672016
9,6,1,0,-0.048288204017
9,6,1,1,-0.046671516070
9,6,1,4,-0.022275930215
9,6,1,5,-0.015717892832
9,6,1,6,-0.026067520342
9,6,1,9, 0.039888592842
9,6,2,2,-0.070305441284
9,6,2,7,-0.008963829584
9,6,3,3,-0.070305441284
9,6,3,8,-0.008963829584
9,6,4,0,-0.028796881083
9,6,4,1,-0.022275930215
9,6,4,4,-0.088757515143
9,6,4,5,-0.028184246391
9,6,4,6,-0.027108680838
9,6,4,9, 0.048450309558
9,6,5,0,-0.017958256105
9,6,5,1,-0.015717892832
9,6,5,4,-0.028184246391
9,6,5,9, 0.101353944495
9,6,6,0,-0.029054520550
9,6,6,1,-0.026067520342
9,6,6,4,-0.027108680838
9,6,6,9, 0.072461555243
9,6,7,2,-0.008963829584
9,6,8,3,-0.008963829584
9,6,9,0, 0.029312672016
9,6,9,1, 0.039888592842
9,6,9,4, 0.048450309558
9,6,9,5, 0.101353944495
9,6,9,6, 0.072461555243
9,7,0,2,-0.012342992619
9,7,0,7,-0.005792027452
9,7,1,2,-0.010397403862
9,7,1,7,-0.006709062997
9,7,2,0,-0.012342992619
9,7,2,1,-0.010397403862
9,7,2,4,-0.008987091409
9,7,2,5,-0.004828199094
9,7,2,6,-0.007396518399
9,7,2,9, 0.007370914317
9,7,4,2,-0.008987091409
9,7,4,7,-0.009493472714
9,7,5,2,-0.004828199094
9,7,6,2,-0.007396518399
9,7,7,0,-0.005792027452
9,7,7,1,-0.006709062997
9,7,7,4,-0.009493472714
9,7,7,9, 0.048105227081
9,7,9,2, 0.007370914317
9,7,9,7, 0.048105227081
9,8,0,3,-0.012342992619
9,8,0,8,-0.005792027452
9,8,1,3,-0.010397403862
9,8,1,8,-0.006709062997
9,8,3,0,-0.012342992619
9,8,3,1,-0.010397403862
9,8,3,4,-0.008987091409
9,8,3,5,-0.004828199094
9,8,3,6,-0.007396518399
9,8,3,9, 0.007370914317
9,8,4,3,-0.008987091409
9,8,4,8,-0.009493472714
9,8,5,3,-0.004828199094
9,8,6,3,-0.007396518399
9,8,8,0,-0.005792027452
9,8,8,1,-0.006709062997
9,8,8,4,-0.009493472714
9,8,8,9, 0.048105227081
9,8,9,3, 0.007370914317
9,8,9,8, 0.048105227081
9,9,0,0, 0.411753313298
9,9,0,1, 0.272707798747
9,9,0,4, 0.104352590148
9,9,0,5, 0.106838626197
9,9,0,6, 0.164471465230
9,9,0,9,-0.141583736740
9,9,1,0, 0.272707798747
9,9,1,1, 0.352012295822
9,9,1,4, 0.088757515143
9,9,1,5, 0.230426974457
9,9,1,6, 0.295044538332
9,9,1,9,-0.120931182821
9,9,2,2, 0.387578541974
9,9,2,7, 0.049924347029
9,9,3,3, 0.387578541974
9,9,3,8, 0.049924347029
9,9,4,0, 0.104352590148
9,9,4,1, 0.088757515143
9,9,4,4, 0.452859824325
9,9,4,5, 0.153679582817
9,9,4,6, 0.135764869459
9,9,4,9,-0.234399852410
9,9,5,0, 0.106838626197
9,9,5,1, 0.230426974457
9,9,5,4, 0.153679582817
9,9,5,5, 0.775037038942
9,9,5,6, 0.462081934851
9,9,6,0, 0.164471465230
9,9,6,1, 0.295044538332
9,9,6,4, 0.135764869459
9,9,6,5, 0.462081934851
9,9,6,6, 0.491073083906
9,9,7,2, 0.049924347029
9,9,7,7, 0.689508254834
9,9,8,3, 0.049924347029
9,9,8,8, 0.689508254834
9,9,9,0,-0.141583736740
9,9,9,1,-0.120931182821
9,9,9,4,-0.234399852410
9,9,9,9, 0.785718708997
