0,0,0,0, 0.897251802255
0,0,0,1, 0.504699283325
0,0,0,5, 0.073424030897
0,0,0,6, 0.215862834841
0,0,0,9,-0.101963720062
0,0,1,0, 0.504699283325
0,0,1,1, 0.507364877272
0,0,1,5, 0.128519674371
0,0,1,6, 0.270263797878
0,0,1,9,-0.107137165092
0,0,2,2, 0.775037038942
0,0,2,7, 0.028631536379
0,0,3,3, 0.775037038942
0,0,3,8, 0.028631536379
0,0,4,4, 0.775037038942
0,0,4,5, 0.094884627269
0,0,4,6, 0.109160178920
0,0,4,9,-0.156840273903
0,0,5,0, 0.073424030897
0,0,5,1, 0.128519674371
0,0,5,4, 0.094884627269
0,0,5,5, 0.348425462770
0,0,5,6, 0.236596053856
0,0,5,9,-0.074888252965
0,0,6,0, 0.215862834841
0,0,6,1, 0.270263797878
0,0,6,4, 0.109160178920
0,0,6,5, 0.236596053856
0,0,6,6, 0.325307086937
0,0,6,9,-0.068516248334
0,0,7,2, 0.028631536379
0,0,7,7, 0.334613024721
0,0,8,3, 0.028631536379
0,0,8,8, 0.334613024721
0,0,9,0,-0.101963720062
0,0,9,1,-0.107137165092
0,0,9,4,-0.156840273903
0,0,9,5,-0.074888252965
0,0,9,6,-0.068516248334
0,0,9,9, 0.375420141644
0,1,0,0, 0.504699283325
0,1,0,1, 0.300015949963
0,1,0,5, 0.045811889199
0,1,0,6, 0.129749558581
0,1,0,9,-0.063576976959
0,1,1,0, 0.300015949963
0,1,1,1, 0.324022459289
0,1,1,5, 0.085120992112
0,1,1,6, 0.175410588426
0,1,1,9,-0.069108479766
0,1,2,2, 0.462081934851
0,1,2,7, 0.018437636784
0,1,3,3, 0.462081934851
0,1,3,8, 0.018437636784
0,1,4,4, 0.462081934851
0,1,4,5, 0.060259584692
0,1,4,6, 0.068545127877
0,1,4,9,-0.099124826595
0,1,5,0, 0.045811889199
0,1,5,1, 0.085120992112
0,1,5,4, 0.060259584692
0,1,5,5, 0.236596053856
0,1,5,6, 0.159741695104
0,1,5,9,-0.048186532805
0,1,6,0, 0.129749558581
0,1,6,1, 0.175410588426
0,1,6,4, 0.068545127877
0,1,6,5, 0.159741695104
0,1,6,6, 0.217750003860
0,1,6,9,-0.043389968236
0,1,7,2, 0.018437636784
0,1,7,7, 0.228055214999
0,1,8,3, 0.018437636784
0,1,8,8, 0.228055214999
0,1,9,0,-0.063576976959
0,1,9,1,-0.069108479766
0,1,9,4,-0.099124826595
0,1,9,5,-0.048186532805
0,1,9,6,-0.043389968236
0,1,9,9, 0.251615674466
0,2,0,2, 0.152608082603
0,2,0,7, 0.005013635939
0,2,1,2, 0.101353944495
0,2,1,7, 0.009573845084
0,2,2,0, 0.152608082603
0,2,2,1, 0.101353944495
0,2,2,5, 0.008865016909
0,2,2,6, 0.040945451823
0,2,2,9,-0.011058392761
0,2,4,7, 0.006846745694
0,2,5,2, 0.008865016909
0,2,5,7, 0.016599341248
0,2,6,2, 0.040945451823
0,2,6,7, 0.015206590243
0,2,7,0, 0.005013635939
0,2,7,1, 0.009573845084
0,2,7,4, 0.006846745694
0,2,7,5, 0.016599341248
0,2,7,6, 0.015206590243
0,2,7,9,-0.009172050875
0,2,9,2,-0.011058392761
0,2,9,7,-0.009172050875
0,3,0,3, 0.152608082603
0,3,0,8, 0.005013635939
0,3,1,3, 0.101353944495
0,3,1,8, 0.009573845084
0,3,3,0, 0.152608082603
0,3,3,1, 0.101353944495
0,3,3,5, 0.008865016909
0,3,3,6, 0.040945451823
0,3,3,9,-0.011058392761
0,3,4,8, 0.006846745694
0,3,5,3, 0.008865016909
0,3,5,8, 0.016599341248
0,3,6,3, 0.040945451823
0,3,6,8, 0.015206590243
0,3,8,0, 0.005013635939
0,3,8,1, 0.009573845084
0,3,8,4, 0.006846745694
0,3,8,5, 0.016599341248
0,3,8,6, 0.015206590243
0,3,8,9,-0.009172050875
0,3,9,3,-0.011058392761
0,3,9,8,-0.009172050875
0,4,0,4, 0.152608082603
0,4,0,5, 0.016919500917
0,4,0,6, 0.019737997542
0,4,0,9,-0.027228039429
0,4,1,4, 0.101353944495
0,4,1,5, 0.027891800187
0,4,1,6, 0.029681926080
0,4,1,9,-0.029340301935
0,4,2,7, 0.006846745694
0,4,3,8, 0.006846745694
0,4,4,0, 0.152608082603
0,4,4,1, 0.101353944495
0,4,4,5, 0.027275712962
0,4,4,6, 0.048463936461
0,4,4,9,-0.046752067904
0,4,5,0, 0.016919500917
0,4,5,1, 0.027891800187
0,4,5,4, 0.027275712962
0,4,5,5, 0.074888252965
0,4,5,6, 0.048186532805
0,4,5,9,-0.030358249066
0,4,6,0, 0.019737997542
0,4,6,1, 0.029681926080
0,4,6,4, 0.048463936461
0,4,6,5, 0.048186532805
0,4,6,6, 0.050574271776
0,4,6,9,-0.025547888886
0,4,7,2, 0.006846745694
0,4,7,7, 0.066761014006
0,4,8,3, 0.006846745694
0,4,8,8, 0.066761014006
0,4,9,0,-0.027228039429
0,4,9,1,-0.029340301935
0,4,9,4,-0.046752067904
0,4,9,5,-0.030358249066
0,4,9,6,-0.025547888886
0,4,9,9, 0.089946647640
0,5,0,0, 0.073424030897
0,5,0,1, 0.045811889199
0,5,0,4, 0.016919500917
0,5,0,5, 0.011148632907
0,5,0,6, 0.023355621662
0,5,0,9,-0.015981038696
0,5,1,0, 0.045811889199
0,5,1,1, 0.053082847815
0,5,1,4, 0.013184720542
0,5,1,5, 0.023355621662
0,5,1,6, 0.036417789776
0,5,1,9,-0.018837334891
0,5,2,2, 0.067398833407
0,5,2,7, 0.004526207768
0,5,3,3, 0.067398833407
0,5,3,8, 0.004526207768
0,5,4,0, 0.016919500917
0,5,4,1, 0.013184720542
0,5,4,4, 0.075401290318
0,5,4,5, 0.015981038696
0,5,4,6, 0.018837334891
0,5,4,9,-0.026380727106
0,5,5,0, 0.011148632907
0,5,5,1, 0.023355621662
0,5,5,4, 0.015981038696
0,5,5,5, 0.073424030897
0,5,5,6, 0.045811889199
0,5,5,9,-0.016919500917
0,5,6,0, 0.023355621662
0,5,6,1, 0.036417789776
0,5,6,4, 0.018837334891
0,5,6,5, 0.045811889199
0,5,6,6, 0.053082847815
0,5,6,9,-0.013184720542
0,5,7,2, 0.004526207768
0,5,7,7, 0.067398833407
0,5,8,3, 0.004526207768
0,5,8,8, 0.067398833407
0,5,9,0,-0.015981038696
0,5,9,1,-0.018837334891
0,5,9,4,-0.026380727106
0,5,9,5,-0.016919500917
0,5,9,6,-0.013184720542
0,5,9,9, 0.075401290318
0,6,0,0, 0.215862834841
0,6,0,1, 0.129749558581
0,6,0,4, 0.019737997542
0,6,0,5, 0.023355621662
0,6,0,6, 0.059664623182
0,6,0,9,-0.032889153661
0,6,1,0, 0.129749558581
0,6,1,1, 0.142550630868
0,6,1,4, 0.014928457808
0,6,1,5, 0.044899446894
0,6,1,6, 0.084331775824
0,6,1,9,-0.036706515911
0,6,2,2, 0.198414355228
0,6,2,7, 0.009512435954
0,6,3,3, 0.198414355228
0,6,3,8, 0.009512435954
0,6,4,0, 0.019737997542
0,6,4,1, 0.014928457808
0,6,4,4, 0.201689269819
0,6,4,5, 0.031751533989
0,6,4,6, 0.037888625975
0,6,4,9,-0.052324610220
0,6,5,0, 0.023355621662
0,6,5,1, 0.044899446894
0,6,5,4, 0.031751533989
0,6,5,5, 0.128519674371
0,6,5,6, 0.085120992112
0,6,5,9,-0.027891800187
0,6,6,0, 0.059664623182
0,6,6,1, 0.084331775824
0,6,6,4, 0.037888625975
0,6,6,5, 0.085120992112
0,6,6,6, 0.110540823319
0,6,6,9,-0.024132791917
0,6,7,2, 0.009512435954
0,6,7,7, 0.122708814163
0,6,8,3, 0.009512435954
0,6,8,8, 0.122708814163
0,6,9,0,-0.032889153661
0,6,9,1,-0.036706515911
0,6,9,4,-0.052324610220
0,6,9,5,-0.027891800187
0,6,9,6,-0.024132791917
0,6,9,9, 0.136056641366
0,7,0,2, 0.005013635939
0,7,0,7, 0.001219608524
0,7,1,2, 0.004053567817
0,7,1,7, 0.003417568601
0,7,2,0, 0.005013635939
0,7,2,1, 0.004053567817
0,7,2,4, 0.002968600576
0,7,2,5, 0.001056997808
0,7,2,6, 0.002375578533
0,7,2,9,-0.001561262217
0,7,4,2, 0.002968600576
0,7,4,7, 0.001758398596
0,7,5,2, 0.001056997808
0,7,5,7, 0.008865016909
0,7,6,2, 0.002375578533
0,7,6,7, 0.006540319641
0,7,7,0, 0.001219608524
0,7,7,1, 0.003417568601
0,7,7,4, 0.001758398596
0,7,7,5, 0.008865016909
0,7,7,6, 0.006540319641
0,7,7,9,-0.004015403954
0,7,9,2,-0.001561262217
0,7,9,7,-0.004015403954
0,8,0,3, 0.005013635939
0,8,0,8, 0.001219608524
0,8,1,3, 0.004053567817
0,8,1,8, 0.003417568601
0,8,3,0, 0.005013635939
0,8,3,1, 0.004053567817
0,8,3,4, 0.002968600576
0,8,3,5, 0.001056997808
0,8,3,6, 0.002375578533
0,8,3,9,-0.001561262217
0,8,4,3, 0.002968600576
0,8,4,8, 0.001758398596
0,8,5,3, 0.001056997808
0,8,5,8, 0.008865016909
0,8,6,3, 0.002375578533
0,8,6,8, 0.006540319641
0,8,8,0, 0.001219608524
0,8,8,1, 0.003417568601
0,8,8,4, 0.001758398596
0,8,8,5, 0.008865016909
0,8,8,6, 0.006540319641
0,8,8,9,-0.004015403954
0,8,9,3,-0.001561262217
0,8,9,8,-0.004015403954
0,9,0,0,-0.101963720062
0,9,0,1,-0.063576976959
0,9,0,4,-0.027228039429
0,9,0,5,-0.015981038696
0,9,0,6,-0.032889153661
0,9,0,9, 0.023456428376
0,9,1,0,-0.063576976959
0,9,1,1,-0.072689263038
0,9,1,4,-0.020858873288
0,9,1,5,-0.031751533989
0,9,1,6,-0.049771592553
0,9,1,9, 0.027600423773
0,9,2,2,-0.092755211546
0,9,2,7,-0.006482367893
0,9,3,3,-0.092755211546
0,9,3,8,-0.006482367893
0,9,4,0,-0.027228039429
0,9,4,1,-0.020858873288
0,9,4,4,-0.107877947908
0,9,4,5,-0.023354642267
0,9,4,6,-0.027771591026
0,9,4,9, 0.039150161561
0,9,5,0,-0.015981038696
0,9,5,1,-0.031751533989
0,9,5,4,-0.023354642267
0,9,5,5,-0.094884627269
0,9,5,6,-0.060259584692
0,9,5,9, 0.027275712962
0,9,6,0,-0.032889153661
0,9,6,1,-0.049771592553
0,9,6,4,-0.027771591026
0,9,6,5,-0.060259584692
0,9,6,6,-0.070619761679
0,9,6,9, 0.021236048251
0,9,7,2,-0.006482367893
0,9,7,7,-0.087304840348
0,9,8,3,-0.006482367893
0,9,8,8,-0.087304840348
0,9,9,0, 0.023456428376
0,9,9,1, 0.027600423773
0,9,9,4, 0.039150161561
0,9,9,5, 0.027275712962
0,9,9,6, 0.021236048251
0,9,9,9,-0.102937465804
1,0,0,0, 0.504699283325
1,0,0,1, 0.300015949963
1,0,0,5, 0.045811889199
1,0,0,6, 0.129749558581
1,0,0,9,-0.063576976959
1,0,1,0, 0.300015949963
1,0,1,1, 0.324022459289
1,0,1,5, 0.085120992112
1,0,1,6, 0.175410588426
1,0,1,9,-0.069108479766
1,0,2,2, 0.462081934851
1,0,2,7, 0.018437636784
1,0,3,3, 0.462081934851
1,0,3,8, 0.018437636784
1,0,4,4, 0.462081934851
1,0,4,5, 0.060259584692
1,0,4,6, 0.068545127877
1,0,4,9,-0.099124826595
1,0,5,0, 0.045811889199
1,0,5,1, 0.085120992112
1,0,5,4, 0.060259584692
1,0,5,5, 0.236596053856
1,0,5,6, 0.159741695104
1,0,5,9,-0.048186532805
1,0,6,0, 0.129749558581
1,0,6,1, 0.175410588426
1,0,6,4, 0.068545127877
1,0,6,5, 0.159741695104
1,0,6,6, 0.217750003860
1,0,6,9,-0.043389968236
1,0,7,2, 0.018437636784
1,0,7,7, 0.228055214999
1,0,8,3, 0.018437636784
1,0,8,8, 0.228055214999
1,0,9,0,-0.063576976959
1,0,9,1,-0.069108479766
1,0,9,4,-0.099124826595
1,0,9,5,-0.048186532805
1,0,9,6,-0.043389968236
1,0,9,9, 0.251615674466
1,1,0,0, 0.507364877272
1,1,0,1, 0.324022459289
1,1,0,5, 0.053082847815
1,1,0,6, 0.142550630868
1,1,0,9,-0.072689263038
1,1,1,0, 0.324022459289
1,1,1,1, 0.394125899248
1,1,1,5, 0.110540823319
1,1,1,6, 0.220804319086
1,1,1,9,-0.082330441495
1,1,2,2, 0.491073083906
1,1,2,7, 0.022070601022
1,1,3,3, 0.491073083906
1,1,3,8, 0.022070601022
1,1,4,4, 0.491073083906
1,1,4,5, 0.070619761679
1,1,4,6, 0.078886530815
1,1,4,9,-0.114544918901
1,1,5,0, 0.053082847815
1,1,5,1, 0.110540823319
1,1,5,4, 0.070619761679
1,1,5,5, 0.325307086937
1,1,5,6, 0.217750003860
1,1,5,9,-0.050574271776
1,1,6,0, 0.142550630868
1,1,6,1, 0.220804319086
1,1,6,4, 0.078886530815
1,1,6,5, 0.217750003860
1,1,6,6, 0.294498802318
1,1,6,9,-0.044993695612
1,1,7,2, 0.022070601022
1,1,7,7, 0.317276383528
1,1,8,3, 0.022070601022
1,1,8,8, 0.317276383528
1,1,9,0,-0.072689263038
1,1,9,1,-0.082330441495
1,1,9,4,-0.114544918901
1,1,9,5,-0.050574271776
1,1,9,6,-0.044993695612
1,1,9,9, 0.333336264836
1,2,0,2, 0.101353944495
1,2,0,7, 0.004053567817
1,2,1,2, 0.072461555243
1,2,1,7, 0.008422327474
1,2,2,0, 0.101353944495
1,2,2,1, 0.072461555243
1,2,2,5, 0.006540319641
1,2,2,6, 0.029538674098
1,2,2,9,-0.008210035463
1,2,4,7, 0.005559043068
1,2,5,2, 0.006540319641
1,2,5,7, 0.015206590243
1,2,6,2, 0.029538674098
1,2,6,7, 0.013790697321
1,2,7,0, 0.004053567817
1,2,7,1, 0.008422327474
1,2,7,4, 0.005559043068
1,2,7,5, 0.015206590243
1,2,7,6, 0.013790697321
1,2,7,9,-0.008020017493
1,2,9,2,-0.008210035463
1,2,9,7,-0.008020017493
1,3,0,3, 0.101353944495
1,3,0,8, 0.004053567817
1,3,1,3, 0.072461555243
1,3,1,8, 0.008422327474
1,3,3,0, 0.101353944495
1,3,3,1, 0.072461555243
1,3,3,5, 0.006540319641
1,3,3,6, 0.029538674098
1,3,3,9,-0.008210035463
1,3,4,8, 0.005559043068
1,3,5,3, 0.006540319641
1,3,5,8, 0.015206590243
1,3,6,3, 0.029538674098
1,3,6,8, 0.013790697321
1,3,8,0, 0.004053567817
1,3,8,1, 0.008422327474
1,3,8,4, 0.005559043068
1,3,8,5, 0.015206590243
1,3,8,6, 0.013790697321
1,3,8,9,-0.008020017493
1,3,9,3,-0.008210035463
1,3,9,8,-0.008020017493
1,4,0,4, 0.101353944495
1,4,0,5, 0.013184720542
1,4,0,6, 0.014928457808
1,4,0,9,-0.020858873288
1,4,1,4, 0.072461555243
1,4,1,5, 0.024132791917
1,4,1,6, 0.025336974873
1,4,1,9,-0.023987716697
1,4,2,7, 0.005559043068
1,4,3,8, 0.005559043068
1,4,4,0, 0.101353944495
1,4,4,1, 0.072461555243
1,4,4,5, 0.021236048251
1,4,4,6, 0.035489679020
1,4,4,9,-0.036112052034
1,4,5,0, 0.013184720542
1,4,5,1, 0.024132791917
1,4,5,4, 0.021236048251
1,4,5,5, 0.068516248334
1,4,5,6, 0.043389968236
1,4,5,9,-0.025547888886
1,4,6,0, 0.014928457808
1,4,6,1, 0.025336974873
1,4,6,4, 0.035489679020
1,4,6,5, 0.043389968236
1,4,6,6, 0.044993695612
1,4,6,9,-0.020832165904
1,4,7,2, 0.005559043068
1,4,7,7, 0.061782317234
1,4,8,3, 0.005559043068
1,4,8,8, 0.061782317234
1,4,9,0,-0.020858873288
1,4,9,1,-0.023987716697
1,4,9,4,-0.036112052034
1,4,9,5,-0.025547888886
1,4,9,6,-0.020832165904
1,4,9,9, 0.078970502466
1,5,0,0, 0.128519674371
1,5,0,1, 0.085120992112
1,5,0,4, 0.027891800187
1,5,0,5, 0.023355621662
1,5,0,6, 0.044899446894
1,5,0,9,-0.031751533989
1,5,1,0, 0.085120992112
1,5,1,1, 0.110540823319
1,5,1,4, 0.024132791917
1,5,1,5, 0.059664623182
1,5,1,6, 0.084331775824
1,5,1,9,-0.037888625975
1,5,2,2, 0.122708814163
1,5,2,7, 0.009512435954
1,5,3,3, 0.122708814163
1,5,3,8, 0.009512435954
1,5,4,0, 0.027891800187
1,5,4,1, 0.024132791917
1,5,4,4, 0.136056641366
1,5,4,5, 0.032889153661
1,5,4,6, 0.036706515911
1,5,4,9,-0.052324610220
1,5,5,0, 0.023355621662
1,5,5,1, 0.059664623182
1,5,5,4, 0.032889153661
1,5,5,5, 0.215862834841
1,5,5,6, 0.129749558581
1,5,5,9,-0.019737997542
1,5,6,0, 0.044899446894
1,5,6,1, 0.084331775824
1,5,6,4, 0.036706515911
1,5,6,5, 0.129749558581
1,5,6,6, 0.142550630868
1,5,6,9,-0.014928457808
1,5,7,2, 0.009512435954
1,5,7,7, 0.198414355228
1,5,8,3, 0.009512435954
1,5,8,8, 0.198414355228
1,5,9,0,-0.031751533989
1,5,9,1,-0.037888625975
1,5,9,4,-0.052324610220
1,5,9,5,-0.019737997542
1,5,9,6,-0.014928457808
1,5,9,9, 0.201689269819
1,6,0,0, 0.270263797878
1,6,0,1, 0.175410588426
1,6,0,4, 0.029681926080
1,6,0,5, 0.036417789776
1,6,0,6, 0.084331775824
1,6,0,9,-0.049771592553
1,6,1,0, 0.175410588426
1,6,1,1, 0.220804319086
1,6,1,4, 0.025336974873
1,6,1,5, 0.084331775824
1,6,1,6, 0.145293988906
1,6,1,9,-0.057610023191
1,6,2,2, 0.262060515537
1,6,2,7, 0.015246542618
1,6,3,3, 0.262060515537
1,6,3,8, 0.015246542618
1,6,4,0, 0.029681926080
1,6,4,1, 0.025336974873
1,6,4,4, 0.267752560430
1,6,4,5, 0.049771592553
1,6,4,6, 0.057610023191
1,6,4,9,-0.079979349762
1,6,5,0, 0.036417789776
1,6,5,1, 0.084331775824
1,6,5,4, 0.049771592553
1,6,5,5, 0.270263797878
1,6,5,6, 0.175410588426
1,6,5,9,-0.029681926080
1,6,6,0, 0.084331775824
1,6,6,1, 0.145293988906
1,6,6,4, 0.057610023191
1,6,6,5, 0.175410588426
1,6,6,6, 0.220804319086
1,6,6,9,-0.025336974873
1,6,7,2, 0.015246542618
1,6,7,7, 0.262060515537
1,6,8,3, 0.015246542618
1,6,8,8, 0.262060515537
1,6,9,0,-0.049771592553
1,6,9,1,-0.057610023191
1,6,9,4,-0.079979349762
1,6,9,5,-0.029681926080
1,6,9,6,-0.025336974873
1,6,9,9, 0.267752560430
1,7,0,2, 0.009573845084
1,7,0,7, 0.003417568601
1,7,1,2, 0.008422327474
1,7,1,7, 0.013118590831
1,7,2,0, 0.009573845084
1,7,2,1, 0.008422327474
1,7,2,4, 0.005281278973
1,7,2,5, 0.002375578533
1,7,2,6, 0.005084677925
1,7,2,9,-0.003345316953
1,7,4,2, 0.005281278973
1,7,4,7, 0.004501844917
1,7,5,2, 0.002375578533
1,7,5,7, 0.040945451823
1,7,6,2, 0.005084677925
1,7,6,7, 0.029538674098
1,7,7,0, 0.003417568601
1,7,7,1, 0.013118590831
1,7,7,4, 0.004501844917
1,7,7,5, 0.040945451823
1,7,7,6, 0.029538674098
1,7,7,9,-0.006317772317
1,7,9,2,-0.003345316953
1,7,9,7,-0.006317772317
1,8,0,3, 0.009573845084
1,8,0,8, 0.003417568601
1,8,1,3, 0.008422327474
1,8,1,8, 0.013118590831
1,8,3,0, 0.009573845084
1,8,3,1, 0.008422327474
1,8,3,4, 0.005281278973
1,8,3,5, 0.002375578533
1,8,3,6, 0.005084677925
1,8,3,9,-0.003345316953
1,8,4,3, 0.005281278973
1,8,4,8, 0.004501844917
1,8,5,3, 0.002375578533
1,8,5,8, 0.040945451823
1,8,6,3, 0.005084677925
1,8,6,8, 0.029538674098
1,8,8,0, 0.003417568601
1,8,8,1, 0.013118590831
1,8,8,4, 0.004501844917
1,8,8,5, 0.040945451823
1,8,8,6, 0.029538674098
1,8,8,9,-0.006317772317
1,8,9,3,-0.003345316953
1,8,9,8,-0.006317772317
1,9,0,0,-0.107137165092
1,9,0,1,-0.069108479766
1,9,0,4,-0.029340301935
1,9,0,5,-0.018837334891
1,9,0,6,-0.036706515911
1,9,0,9, 0.027600423773
1,9,1,0,-0.069108479766
1,9,1,1,-0.082330441495
1,9,1,4,-0.023987716697
1,9,1,5,-0.037888625975
1,9,1,6,-0.057610023191
1,9,1,9, 0.035692796112
1,9,2,2,-0.099738869577
1,9,2,7,-0.007790212600
1,9,3,3,-0.099738869577
1,9,3,8,-0.007790212600
1,9,4,0,-0.029340301935
1,9,4,1,-0.023987716697
1,9,4,4,-0.116545280005
1,9,4,5,-0.027771591026
1,9,4,6,-0.032039553406
1,9,4,9, 0.046191350781
1,9,5,0,-0.018837334891
1,9,5,1,-0.037888625975
1,9,5,4,-0.027771591026
1,9,5,5,-0.109160178920
1,9,5,6,-0.068545127877
1,9,5,9, 0.048463936461
1,9,6,0,-0.036706515911
1,9,6,1,-0.057610023191
1,9,6,4,-0.032039553406
1,9,6,5,-0.068545127877
1,9,6,6,-0.078886530815
1,9,6,9, 0.035489679020
1,9,7,2,-0.007790212600
1,9,7,7,-0.101111399033
1,9,8,3,-0.007790212600
1,9,8,8,-0.101111399033
1,9,9,0, 0.027600423773
1,9,9,1, 0.035692796112
1,9,9,4, 0.046191350781
1,9,9,5, 0.048463936461
1,9,9,6, 0.035489679020
1,9,9,9,-0.114746479594
2,0,0,2, 0.152608082603
2,0,0,7, 0.005013635939
2,0,1,2, 0.101353944495
2,0,1,7, 0.009573845084
2,0,2,0, 0.152608082603
2,0,2,1, 0.101353944495
2,0,2,5, 0.008865016909
2,0,2,6, 0.040945451823
2,0,2,9,-0.011058392761
2,0,4,7, 0.006846745694
2,0,5,2, 0.008865016909
2,0,5,7, 0.016599341248
2,0,6,2, 0.040945451823
2,0,6,7, 0.015206590243
2,0,7,0, 0.005013635939
2,0,7,1, 0.009573845084
2,0,7,4, 0.006846745694
2,0,7,5, 0.016599341248
2,0,7,6, 0.015206590243
2,0,7,9,-0.009172050875
2,0,9,2,-0.011058392761
2,0,9,7,-0.009172050875
2,1,0,2, 0.101353944495
2,1,0,7, 0.004053567817
2,1,1,2, 0.072461555243
2,1,1,7, 0.008422327474
2,1,2,0, 0.101353944495
2,1,2,1, 0.072461555243
2,1,2,5, 0.006540319641
2,1,2,6, 0.029538674098
2,1,2,9,-0.008210035463
2,1,4,7, 0.005559043068
2,1,5,2, 0.006540319641
2,1,5,7, 0.015206590243
2,1,6,2, 0.029538674098
2,1,6,7, 0.013790697321
2,1,7,0, 0.004053567817
2,1,7,1, 0.008422327474
2,1,7,4, 0.005559043068
2,1,7,5, 0.015206590243
2,1,7,6, 0.013790697321
2,1,7,9,-0.008020017493
2,1,9,2,-0.008210035463
2,1,9,7,-0.008020017493
2,2,0,0, 0.775037038942
2,2,0,1, 0.462081934851
2,2,0,5, 0.067398833407
2,2,0,6, 0.198414355228
2,2,0,9,-0.092755211546
2,2,1,0, 0.462081934851
2,2,1,1, 0.491073083906
2,2,1,5, 0.122708814163
2,2,1,6, 0.262060515537
2,2,1,9,-0.099738869577
2,2,2,2, 0.785718708997
2,2,2,7, 0.028157800810
2,2,3,3, 0.689508254834
2,2,3,8, 0.026362491977
2,2,4,4, 0.689508254834
2,2,4,5, 0.087304840348
2,2,4,6, 0.101111399033
2,2,4,9,-0.143041784201
2,2,5,0, 0.067398833407
2,2,5,1, 0.122708814163
2,2,5,4, 0.087304840348
2,2,5,5, 0.334613024721
2,2,5,6, 0.228055214999
2,2,5,9,-0.066761014006
2,2,6,0, 0.198414355228
2,2,6,1, 0.262060515537
2,2,6,4, 0.101111399033
2,2,6,5, 0.228055214999
2,2,6,6, 0.317276383528
2,2,6,9,-0.061782317234
2,2,7,2, 0.028157800810
2,2,7,7, 0.325642217568
2,2,8,3, 0.026362491977
2,2,8,8, 0.322068811503
2,2,9,0,-0.092755211546
2,2,9,1,-0.099738869577
2,2,9,4,-0.143041784201
2,2,9,5,-0.066761014006
2,2,9,6,-0.061782317234
2,2,9,9, 0.356263236005
2,3,2,3, 0.048105227081
2,3,2,8, 0.000897654416
2,3,3,2, 0.048105227081
2,3,3,7, 0.000897654416
2,3,7,3, 0.000897654416
2,3,7,8, 0.001786703032
2,3,8,2, 0.000897654416
2,3,8,7, 0.001786703032
2,4,0,7, 0.002968600576
2,4,1,7, 0.005281278973
2,4,2,4, 0.048105227081
2,4,2,5, 0.004015403954
2,4,2,6, 0.006317772317
2,4,2,9,-0.006147327908
2,4,4,2, 0.048105227081
2,4,4,7, 0.004528600299
2,4,5,2, 0.004015403954
2,4,5,7, 0.009172050875
2,4,6,2, 0.006317772317
2,4,6,7, 0.008020017493
2,4,7,0, 0.002968600576
2,4,7,1, 0.005281278973
2,4,7,4, 0.004528600299
2,4,7,5, 0.009172050875
2,4,7,6, 0.008020017493
2,4,7,9,-0.006517885356
2,4,9,2,-0.006147327908
2,4,9,7,-0.006517885356
2,5,0,2, 0.008865016909
2,5,0,7, 0.001056997808
2,5,1,2, 0.006540319641
2,5,1,7, 0.002375578533
2,5,2,0, 0.008865016909
2,5,2,1, 0.006540319641
2,5,2,4, 0.004015403954
2,5,2,5, 0.001219608524
2,5,2,6, 0.003417568601
2,5,2,9,-0.001758398596
2,5,4,2, 0.004015403954
2,5,4,7, 0.001561262217
2,5,5,2, 0.001219608524
2,5,5,7, 0.005013635939
2,5,6,2, 0.003417568601
2,5,6,7, 0.004053567817
2,5,7,0, 0.001056997808
2,5,7,1, 0.002375578533
2,5,7,4, 0.001561262217
2,5,7,5, 0.005013635939
2,5,7,6, 0.004053567817
2,5,7,9,-0.002968600576
2,5,9,2,-0.001758398596
2,5,9,7,-0.002968600576
2,6,0,2, 0.040945451823
2,6,0,7, 0.002375578533
2,6,1,2, 0.029538674098
2,6,1,7, 0.005084677925
2,6,2,0, 0.040945451823
2,6,2,1, 0.029538674098
2,6,2,4, 0.006317772317
2,6,2,5, 0.003417568601
2,6,2,6, 0.013118590831
2,6,2,9,-0.004501844917
2,6,4,2, 0.006317772317
2,6,4,7, 0.003345316953
2,6,5,2, 0.003417568601
2,6,5,7, 0.009573845084
2,6,6,2, 0.013118590831
2,6,6,7, 0.008422327474
2,6,7,0, 0.002375578533
2,6,7,1, 0.005084677925
2,6,7,4, 0.003345316953
2,6,7,5, 0.009573845084
2,6,7,6, 0.008422327474
2,6,7,9,-0.005281278973
2,6,9,2,-0.004501844917
2,6,9,7,-0.005281278973
2,7,0,0, 0.028631536379
2,7,0,1, 0.018437636784
2,7,0,4, 0.006846745694
2,7,0,5, 0.004526207768
2,7,0,6, 0.009512435954
2,7,0,9,-0.006482367893
2,7,1,0, 0.018437636784
2,7,1,1, 0.022070601022
2,7,1,4, 0.005559043068
2,7,1,5, 0.009512435954
2,7,1,6, 0.015246542618
2,7,1,9,-0.007790212600
2,7,2,2, 0.028157800810
2,7,2,7, 0.002054494129
2,7,3,3, 0.026362491977
2,7,3,8, 0.001802923419
2,7,4,0, 0.006846745694
2,7,4,1, 0.005559043068
2,7,4,4, 0.029993437860
2,7,4,5, 0.006482367893
2,7,4,6, 0.007790212600
2,7,4,9,-0.010663598530
2,7,5,0, 0.004526207768
2,7,5,1, 0.009512435954
2,7,5,4, 0.006482367893
2,7,5,5, 0.028631536379
2,7,5,6, 0.018437636784
2,7,5,9,-0.006846745694
2,7,6,0, 0.009512435954
2,7,6,1, 0.015246542618
2,7,6,4, 0.007790212600
2,7,6,5, 0.018437636784
2,7,6,6, 0.022070601022
2,7,6,9,-0.005559043068
2,7,7,2, 0.002054494129
2,7,7,7, 0.028157800810
2,7,8,3, 0.001802923419
2,7,8,8, 0.026362491977
2,7,9,0,-0.006482367893
2,7,9,1,-0.007790212600
2,7,9,4,-0.010663598530
2,7,9,5,-0.006846745694
2,7,9,6,-0.005559043068
2,7,9,9, 0.029993437860
2,8,2,3, 0.000897654416
2,8,2,8, 0.000125785355
2,8,3,2, 0.000897654416
2,8,3,7, 0.000125785355
2,8,7,3, 0.000125785355
2,8,7,8, 0.000897654416
2,8,8,2, 0.000125785355
2,8,8,7, 0.000897654416
2,9,0,2,-0.011058392761
2,9,0,7,-0.001561262217
2,9,1,2,-0.008210035463
2,9,1,7,-0.003345316953
2,9,2,0,-0.011058392761
2,9,2,1,-0.008210035463
2,9,2,4,-0.006147327908
2,9,2,5,-0.001758398596
2,9,2,6,-0.004501844917
2,9,2,9, 0.002619089745
2,9,4,2,-0.006147327908
2,9,4,7,-0.002367519035
2,9,5,2,-0.001758398596
2,9,5,7,-0.006846745694
2,9,6,2,-0.004501844917
2,9,6,7,-0.005559043068
2,9,7,0,-0.001561262217
2,9,7,1,-0.003345316953
2,9,7,4,-0.002367519035
2,9,7,5,-0.006846745694
2,9,7,6,-0.005559043068
2,9,7,9, 0.004528600299
2,9,9,2, 0.002619089745
2,9,9,7, 0.004528600299
3,0,0,3, 0.152608082603
3,0,0,8, 0.005013635939
3,0,1,3, 0.101353944495
3,0,1,8, 0.009573845084
3,0,3,0, 0.152608082603
3,0,3,1, 0.101353944495
3,0,3,5, 0.008865016909
3,0,3,6, 0.040945451823
3,0,3,9,-0.011058392761
3,0,4,8, 0.006846745694
3,0,5,3, 0.008865016909
3,0,5,8, 0.016599341248
3,0,6,3, 0.040945451823
3,0,6,8, 0.015206590243
3,0,8,0, 0.005013635939
3,0,8,1, 0.009573845084
3,0,8,4, 0.006846745694
3,0,8,5, 0.016599341248
3,0,8,6, 0.015206590243
3,0,8,9,-0.009172050875
3,0,9,3,-0.011058392761
3,0,9,8,-0.009172050875
3,1,0,3, 0.101353944495
3,1,0,8, 0.004053567817
3,1,1,3, 0.072461555243
3,1,1,8, 0.008422327474
3,1,3,0, 0.101353944495
3,1,3,1, 0.072461555243
3,1,3,5, 0.006540319641
3,1,3,6, 0.029538674098
3,1,3,9,-0.008210035463
3,1,4,8, 0.005559043068
3,1,5,3, 0.006540319641
3,1,5,8, 0.015206590243
3,1,6,3, 0.029538674098
3,1,6,8, 0.013790697321
3,1,8,0, 0.004053567817
3,1,8,1, 0.008422327474
3,1,8,4, 0.005559043068
3,1,8,5, 0.015206590243
3,1,8,6, 0.013790697321
3,1,8,9,-0.008020017493
3,1,9,3,-0.008210035463
3,1,9,8,-0.008020017493
3,2,2,3, 0.048105227081
3,2,2,8, 0.000897654416
3,2,3,2, 0.048105227081
3,2,3,7, 0.000897654416
3,2,7,3, 0.000897654416
3,2,7,8, 0.001786703032
3,2,8,2, 0.000897654416
3,2,8,7, 0.001786703032
3,3,0,0, 0.775037038942
3,3,0,1, 0.462081934851
3,3,0,5, 0.067398833407
3,3,0,6, 0.198414355228
3,3,0,9,-0.092755211546
3,3,1,0, 0.462081934851
3,3,1,1, 0.491073083906
3,3,1,5, 0.122708814163
3,3,1,6, 0.262060515537
3,3,1,9,-0.099738869577
3,3,2,2, 0.689508254834
3,3,2,7, 0.026362491977
3,3,3,3, 0.785718708997
3,3,3,8, 0.028157800810
3,3,4,4, 0.689508254834
3,3,4,5, 0.087304840348
3,3,4,6, 0.101111399033
3,3,4,9,-0.143041784201
3,3,5,0, 0.067398833407
3,3,5,1, 0.122708814163
3,3,5,4, 0.087304840348
3,3,5,5, 0.334613024721
3,3,5,6, 0.228055214999
3,3,5,9,-0.066761014006
3,3,6,0, 0.198414355228
3,3,6,1, 0.262060515537
3,3,6,4, 0.101111399033
3,3,6,5, 0.228055214999
3,3,6,6, 0.317276383528
3,3,6,9,-0.061782317234
3,3,7,2, 0.026362491977
3,3,7,7, 0.322068811503
3,3,8,3, 0.028157800810
3,3,8,8, 0.325642217568
3,3,9,0,-0.092755211546
3,3,9,1,-0.099738869577
3,3,9,4,-0.143041784201
3,3,9,5,-0.066761014006
3,3,9,6,-0.061782317234
3,3,9,9, 0.356263236005
3,4,0,8, 0.002968600576
3,4,1,8, 0.005281278973
3,4,3,4, 0.048105227081
3,4,3,5, 0.004015403954
3,4,3,6, 0.006317772317
3,4,3,9,-0.006147327908
3,4,4,3, 0.048105227081
3,4,4,8, 0.004528600299
3,4,5,3, 0.004015403954
3,4,5,8, 0.009172050875
3,4,6,3, 0.006317772317
3,4,6,8, 0.008020017493
3,4,8,0, 0.002968600576
3,4,8,1, 0.005281278973
3,4,8,4, 0.004528600299
3,4,8,5, 0.009172050875
3,4,8,6, 0.008020017493
3,4,8,9,-0.006517885356
3,4,9,3,-0.006147327908
3,4,9,8,-0.006517885356
3,5,0,3, 0.008865016909
3,5,0,8, 0.001056997808
3,5,1,3, 0.006540319641
3,5,1,8, 0.002375578533
3,5,3,0, 0.008865016909
3,5,3,1, 0.006540319641
3,5,3,4, 0.004015403954
3,5,3,5, 0.001219608524
3,5,3,6, 0.003417568601
3,5,3,9,-0.001758398596
3,5,4,3, 0.004015403954
3,5,4,8, 0.001561262217
3,5,5,3, 0.001219608524
3,5,5,8, 0.005013635939
3,5,6,3, 0.003417568601
3,5,6,8, 0.004053567817
3,5,8,0, 0.001056997808
3,5,8,1, 0.002375578533
3,5,8,4, 0.001561262217
3,5,8,5, 0.005013635939
3,5,8,6, 0.004053567817
3,5,8,9,-0.002968600576
3,5,9,3,-0.001758398596
3,5,9,8,-0.002968600576
3,6,0,3, 0.040945451823
3,6,0,8, 0.002375578533
3,6,1,3, 0.029538674098
3,6,1,8, 0.005084677925
3,6,3,0, 0.040945451823
3,6,3,1, 0.029538674098
3,6,3,4, 0.006317772317
3,6,3,5, 0.003417568601
3,6,3,6, 0.013118590831
3,6,3,9,-0.004501844917
3,6,4,3, 0.006317772317
3,6,4,8, 0.003345316953
3,6,5,3, 0.003417568601
3,6,5,8, 0.009573845084
3,6,6,3, 0.013118590831
3,6,6,8, 0.008422327474
3,6,8,0, 0.002375578533
3,6,8,1, 0.005084677925
3,6,8,4, 0.003345316953
3,6,8,5, 0.009573845084
3,6,8,6, 0.008422327474
3,6,8,9,-0.005281278973
3,6,9,3,-0.004501844917
3,6,9,8,-0.005281278973
3,7,2,3, 0.000897654416
3,7,2,8, 0.000125785355
3,7,3,2, 0.000897654416
3,7,3,7, 0.000125785355
3,7,7,3, 0.000125785355
3,7,7,8, 0.000897654416
3,7,8,2, 0.000125785355
3,7,8,7, 0.000897654416
3,8,0,0, 0.028631536379
3,8,0,1, 0.018437636784
3,8,0,4, 0.006846745694
3,8,0,5, 0.004526207768
3,8,0,6, 0.009512435954
3,8,0,9,-0.006482367893
3,8,1,0, 0.018437636784
3,8,1,1, 0.022070601022
3,8,1,4, 0.005559043068
3,8,1,5, 0.009512435954
3,8,1,6, 0.015246542618
3,8,1,9,-0.007790212600
3,8,2,2, 0.026362491977
3,8,2,7, 0.001802923419
3,8,3,3, 0.028157800810
3,8,3,8, 0.002054494129
3,8,4,0, 0.006846745694
3,8,4,1, 0.005559043068
3,8,4,4, 0.029993437860
3,8,4,5, 0.006482367893
3,8,4,6, 0.007790212600
3,8,4,9,-0.010663598530
3,8,5,0, 0.004526207768
3,8,5,1, 0.009512435954
3,8,5,4, 0.006482367893
3,8,5,5, 0.028631536379
3,8,5,6, 0.018437636784
3,8,5,9,-0.006846745694
3,8,6,0, 0.009512435954
3,8,6,1, 0.015246542618
3,8,6,4, 0.007790212600
3,8,6,5, 0.018437636784
3,8,6,6, 0.022070601022
3,8,6,9,-0.005559043068
3,8,7,2, 0.001802923419
3,8,7,7, 0.026362491977
3,8,8,3, 0.002054494129
3,8,8,8, 0.028157800810
3,8,9,0,-0.006482367893
3,8,9,1,-0.007790212600
3,8,9,4,-0.010663598530
3,8,9,5,-0.006846745694
3,8,9,6,-0.005559043068
3,8,9,9, 0.029993437860
3,9,0,3,-0.011058392761
3,9,0,8,-0.001561262217
3,9,1,3,-0.008210035463
3,9,1,8,-0.003345316953
3,9,3,0,-0.011058392761
3,9,3,1,-0.008210035463
3,9,3,4,-0.006147327908
3,9,3,5,-0.001758398596
3,9,3,6,-0.004501844917
3,9,3,9, 0.002619089745
3,9,4,3,-0.006147327908
3,9,4,8,-0.002367519035
3,9,5,3,-0.001758398596
3,9,5,8,-0.006846745694
3,9,6,3,-0.004501844917
3,9,6,8,-0.005559043068
3,9,8,0,-0.001561262217
3,9,8,1,-0.003345316953
3,9,8,4,-0.002367519035
3,9,8,5,-0.006846745694
3,9,8,6,-0.005559043068
3,9,8,9, 0.004528600299
3,9,9,3, 0.002619089745
3,9,9,8, 0.004528600299
4,0,0,4, 0.152608082603
4,0,0,5, 0.016919500917
4,0,0,6, 0.019737997542
4,0,0,9,-0.027228039429
4,0,1,4, 0.101353944495
4,0,1,5, 0.027891800187
4,0,1,6, 0.029681926080
4,0,1,9,-0.029340301935
4,0,2,7, 0.006846745694
4,0,3,8, 0.006846745694
4,0,4,0, 0.152608082603
4,0,4,1, 0.101353944495
4,0,4,5, 0.027275712962
4,0,4,6, 0.048463936461
4,0,4,9,-0.046752067904
4,0,5,0, 0.016919500917
4,0,5,1, 0.027891800187
4,0,5,4, 0.027275712962
4,0,5,5, 0.074888252965
4,0,5,6, 0.048186532805
4,0,5,9,-0.030358249066
4,0,6,0, 0.019737997542
4,0,6,1, 0.029681926080
4,0,6,4, 0.048463936461
4,0,6,5, 0.048186532805
4,0,6,6, 0.050574271776
4,0,6,9,-0.025547888886
4,0,7,2, 0.006846745694
4,0,7,7, 0.066761014006
4,0,8,3, 0.006846745694
4,0,8,8, 0.066761014006
4,0,9,0,-0.027228039429
4,0,9,1,-0.029340301935
4,0,9,4,-0.046752067904
4,0,9,5,-0.030358249066
4,0,9,6,-0.025547888886
4,0,9,9, 0.089946647640
4,1,0,4, 0.101353944495
4,1,0,5, 0.013184720542
4,1,0,6, 0.014928457808
4,1,0,9,-0.020858873288
4,1,1,4, 0.072461555243
4,1,1,5, 0.024132791917
4,1,1,6, 0.025336974873
4,1,1,9,-0.023987716697
4,1,2,7, 0.005559043068
4,1,3,8, 0.005559043068
4,1,4,0, 0.101353944495
4,1,4,1, 0.072461555243
4,1,4,5, 0.021236048251
4,1,4,6, 0.035489679020
4,1,4,9,-0.036112052034
4,1,5,0, 0.013184720542
4,1,5,1, 0.024132791917
4,1,5,4, 0.021236048251
4,1,5,5, 0.068516248334
4,1,5,6, 0.043389968236
4,1,5,9,-0.025547888886
4,1,6,0, 0.014928457808
4,1,6,1, 0.025336974873
4,1,6,4, 0.035489679020
4,1,6,5, 0.043389968236
4,1,6,6, 0.044993695612
4,1,6,9,-0.020832165904
4,1,7,2, 0.005559043068
4,1,7,7, 0.061782317234
4,1,8,3, 0.005559043068
4,1,8,8, 0.061782317234
4,1,9,0,-0.020858873288
4,1,9,1,-0.023987716697
4,1,9,4,-0.036112052034
4,1,9,5,-0.025547888886
4,1,9,6,-0.020832165904
4,1,9,9, 0.078970502466
4,2,0,7, 0.002968600576
4,2,1,7, 0.005281278973
4,2,2,4, 0.048105227081
4,2,2,5, 0.004015403954
4,2,2,6, 0.006317772317
4,2,2,9,-0.006147327908
4,2,4,2, 0.048105227081
4,2,4,7, 0.004528600299
4,2,5,2, 0.004015403954
4,2,5,7, 0.009172050875
4,2,6,2, 0.006317772317
4,2,6,7, 0.008020017493
4,2,7,0, 0.002968600576
4,2,7,1, 0.005281278973
4,2,7,4, 0.004528600299
4,2,7,5, 0.009172050875
4,2,7,6, 0.008020017493
4,2,7,9,-0.006517885356
4,2,9,2,-0.006147327908
4,2,9,7,-0.006517885356
4,3,0,8, 0.002968600576
4,3,1,8, 0.005281278973
4,3,3,4, 0.048105227081
4,3,3,5, 0.004015403954
4,3,3,6, 0.006317772317
4,3,3,9,-0.006147327908
4,3,4,3, 0.048105227081
4,3,4,8, 0.004528600299
4,3,5,3, 0.004015403954
4,3,5,8, 0.009172050875
4,3,6,3, 0.006317772317
4,3,6,8, 0.008020017493
4,3,8,0, 0.002968600576
4,3,8,1, 0.005281278973
4,3,8,4, 0.004528600299
4,3,8,5, 0.009172050875
4,3,8,6, 0.008020017493
4,3,8,9,-0.006517885356
4,3,9,3,-0.006147327908
4,3,9,8,-0.006517885356
4,4,0,0, 0.775037038942
4,4,0,1, 0.462081934851
4,4,0,5, 0.075401290318
4,4,0,6, 0.201689269819
4,4,0,9,-0.107877947908
4,4,1,0, 0.462081934851
4,4,1,1, 0.491073083906
4,4,1,5, 0.136056641366
4,4,1,6, 0.267752560430
4,4,1,9,-0.116545280005
4,4,2,2, 0.689508254834
4,4,2,7, 0.029993437860
4,4,3,3, 0.689508254834
4,4,3,8, 0.029993437860
4,4,4,4, 0.785718708997
4,4,4,5, 0.102937465804
4,4,4,6, 0.114746479594
4,4,4,9,-0.172506507022
4,4,5,0, 0.075401290318
4,4,5,1, 0.136056641366
4,4,5,4, 0.102937465804
4,4,5,5, 0.375420141644
4,4,5,6, 0.251615674466
4,4,5,9,-0.089946647640
4,4,6,0, 0.201689269819
4,4,6,1, 0.267752560430
4,4,6,4, 0.114746479594
4,4,6,5, 0.251615674466
4,4,6,6, 0.333336264836
4,4,6,9,-0.078970502466
4,4,7,2, 0.029993437860
4,4,7,7, 0.356263236005
4,4,8,3, 0.029993437860
4,4,8,8, 0.356263236005
4,4,9,0,-0.107877947908
4,4,9,1,-0.116545280005
4,4,9,4,-0.172506507022
4,4,9,5,-0.089946647640
4,4,9,6,-0.078970502466
4,4,9,9, 0.411464918567
4,5,0,0, 0.094884627269
4,5,0,1, 0.060259584692
4,5,0,4, 0.027275712962
4,5,0,5, 0.015981038696
4,5,0,6, 0.031751533989
4,5,0,9,-0.023354642267
4,5,1,0, 0.060259584692
4,5,1,1, 0.070619761679
4,5,1,4, 0.021236048251
4,5,1,5, 0.032889153661
4,5,1,6, 0.049771592553
4,5,1,9,-0.027771591026
4,5,2,2, 0.087304840348
4,5,2,7, 0.006482367893
4,5,3,3, 0.087304840348
4,5,3,8, 0.006482367893
4,5,4,0, 0.027275712962
4,5,4,1, 0.021236048251
4,5,4,4, 0.102937465804
4,5,4,5, 0.023456428376
4,5,4,6, 0.027600423773
4,5,4,9,-0.039150161561
4,5,5,0, 0.015981038696
4,5,5,1, 0.032889153661
4,5,5,4, 0.023456428376
4,5,5,5, 0.101963720062
4,5,5,6, 0.063576976959
4,5,5,9,-0.027228039429
4,5,6,0, 0.031751533989
4,5,6,1, 0.049771592553
4,5,6,4, 0.027600423773
4,5,6,5, 0.063576976959
4,5,6,6, 0.072689263038
4,5,6,9,-0.020858873288
4,5,7,2, 0.006482367893
4,5,7,7, 0.092755211546
4,5,8,3, 0.006482367893
4,5,8,8, 0.092755211546
4,5,9,0,-0.023354642267
4,5,9,1,-0.027771591026
4,5,9,4,-0.039150161561
4,5,9,5,-0.027228039429
4,5,9,6,-0.020858873288
4,5,9,9, 0.107877947908
4,6,0,0, 0.109160178920
4,6,0,1, 0.068545127877
4,6,0,4, 0.048463936461
4,6,0,5, 0.018837334891
4,6,0,6, 0.037888625975
4,6,0,9,-0.027771591026
4,6,1,0, 0.068545127877
4,6,1,1, 0.078886530815
4,6,1,4, 0.035489679020
4,6,1,5, 0.036706515911
4,6,1,6, 0.057610023191
4,6,1,9,-0.032039553406
4,6,2,2, 0.101111399033
4,6,2,7, 0.007790212600
4,6,3,3, 0.101111399033
4,6,3,8, 0.007790212600
4,6,4,0, 0.048463936461
4,6,4,1, 0.035489679020
4,6,4,4, 0.114746479594
4,6,4,5, 0.027600423773
4,6,4,6, 0.035692796112
4,6,4,9,-0.046191350781
4,6,5,0, 0.018837334891
4,6,5,1, 0.036706515911
4,6,5,4, 0.027600423773
4,6,5,5, 0.107137165092
4,6,5,6, 0.069108479766
4,6,5,9,-0.029340301935
4,6,6,0, 0.037888625975
4,6,6,1, 0.057610023191
4,6,6,4, 0.035692796112
4,6,6,5, 0.069108479766
4,6,6,6, 0.082330441495
4,6,6,9,-0.023987716697
4,6,7,2, 0.007790212600
4,6,7,7, 0.099738869577
4,6,8,3, 0.007790212600
4,6,8,8, 0.099738869577
4,6,9,0,-0.027771591026
4,6,9,1,-0.032039553406
4,6,9,4,-0.046191350781
4,6,9,5,-0.029340301935
4,6,9,6,-0.023987716697
4,6,9,9, 0.116545280005
4,7,0,2, 0.006846745694
4,7,0,7, 0.001758398596
4,7,1,2, 0.005559043068
4,7,1,7, 0.004501844917
4,7,2,0, 0.006846745694
4,7,2,1, 0.005559043068
4,7,2,4, 0.004528600299
4,7,2,5, 0.001561262217
4,7,2,6, 0.003345316953
4,7,2,9,-0.002367519035
4,7,4,2, 0.004528600299
4,7,4,7, 0.002619089745
4,7,5,2, 0.001561262217
4,7,5,7, 0.011058392761
4,7,6,2, 0.003345316953
4,7,6,7, 0.008210035463
4,7,7,0, 0.001758398596
4,7,7,1, 0.004501844917
4,7,7,4, 0.002619089745
4,7,7,5, 0.011058392761
4,7,7,6, 0.008210035463
4,7,7,9,-0.006147327908
4,7,9,2,-0.002367519035
4,7,9,7,-0.006147327908
4,8,0,3, 0.006846745694
4,8,0,8, 0.001758398596
4,8,1,3, 0.005559043068
4,8,1,8, 0.004501844917
4,8,3,0, 0.006846745694
4,8,3,1, 0.005559043068
4,8,3,4, 0.004528600299
4,8,3,5, 0.001561262217
4,8,3,6, 0.003345316953
4,8,3,9,-0.002367519035
4,8,4,3, 0.004528600299
4,8,4,8, 0.002619089745
4,8,5,3, 0.001561262217
4,8,5,8, 0.011058392761
4,8,6,3, 0.003345316953
4,8,6,8, 0.008210035463
4,8,8,0, 0.001758398596
4,8,8,1, 0.004501844917
4,8,8,4, 0.002619089745
4,8,8,5, 0.011058392761
4,8,8,6, 0.008210035463
4,8,8,9,-0.006147327908
4,8,9,3,-0.002367519035
4,8,9,8,-0.006147327908
4,9,0,0,-0.156840273903
4,9,0,1,-0.099124826595
4,9,0,4,-0.046752067904
4,9,0,5,-0.026380727106
4,9,0,6,-0.052324610220
4,9,0,9, 0.039150161561
4,9,1,0,-0.099124826595
4,9,1,1,-0.114544918901
4,9,1,4,-0.036112052034
4,9,1,5,-0.052324610220
4,9,1,6,-0.079979349762
4,9,1,9, 0.046191350781
4,9,2,2,-0.143041784201
4,9,2,7,-0.010663598530
4,9,3,3,-0.143041784201
4,9,3,8,-0.010663598530
4,9,4,0,-0.046752067904
4,9,4,1,-0.036112052034
4,9,4,4,-0.172506507022
4,9,4,5,-0.039150161561
4,9,4,6,-0.046191350781
4,9,4,9, 0.066081092775
4,9,5,0,-0.026380727106
4,9,5,1,-0.052324610220
4,9,5,4,-0.039150161561
4,9,5,5,-0.156840273903
4,9,5,6,-0.099124826595
4,9,5,9, 0.046752067904
4,9,6,0,-0.052324610220
4,9,6,1,-0.079979349762
4,9,6,4,-0.046191350781
4,9,6,5,-0.099124826595
4,9,6,6,-0.114544918901
4,9,6,9, 0.036112052034
4,9,7,2,-0.010663598530
4,9,7,7,-0.143041784201
4,9,8,3,-0.010663598530
4,9,8,8,-0.143041784201
4,9,9,0, 0.039150161561
4,9,9,1, 0.046191350781
4,9,9,4, 0.066081092775
4,9,9,5, 0.046752067904
4,9,9,6, 0.036112052034
4,9,9,9,-0.172506507022
5,0,0,0, 0.073424030897
5,0,0,1, 0.045811889199
5,0,0,4, 0.016919500917
5,0,0,5, 0.011148632907
5,0,0,6, 0.023355621662
5,0,0,9,-0.015981038696
5,0,1,0, 0.045811889199
5,0,1,1, 0.053082847815
5,0,1,4, 0.013184720542
5,0,1,5, 0.023355621662
5,0,1,6, 0.036417789776
5,0,1,9,-0.018837334891
5,0,2,2, 0.067398833407
5,0,2,7, 0.004526207768
5,0,3,3, 0.067398833407
5,0,3,8, 0.004526207768
5,0,4,0, 0.016919500917
5,0,4,1, 0.013184720542
5,0,4,4, 0.075401290318
5,0,4,5, 0.015981038696
5,0,4,6, 0.018837334891
5,0,4,9,-0.026380727106
5,0,5,0, 0.011148632907
5,0,5,1, 0.023355621662
5,0,5,4, 0.015981038696
5,0,5,5, 0.073424030897
5,0,5,6, 0.045811889199
5,0,5,9,-0.016919500917
5,0,6,0, 0.023355621662
5,0,6,1, 0.036417789776
5,0,6,4, 0.018837334891
5,0,6,5, 0.045811889199
5,0,6,6, 0.053082847815
5,0,6,9,-0.013184720542
5,0,7,2, 0.004526207768
5,0,7,7, 0.067398833407
5,0,8,3, 0.004526207768
5,0,8,8, 0.067398833407
5,0,9,0,-0.015981038696
5,0,9,1,-0.018837334891
5,0,9,4,-0.026380727106
5,0,9,5,-0.016919500917
5,0,9,6,-0.013184720542
5,0,9,9, 0.075401290318
5,1,0,0, 0.128519674371
5,1,0,1, 0.085120992112
5,1,0,4, 0.027891800187
5,1,0,5, 0.023355621662
5,1,0,6, 0.044899446894
5,1,0,9,-0.031751533989
5,1,1,0, 0.085120992112
5,1,1,1, 0.110540823319
5,1,1,4, 0.024132791917
5,1,1,5, 0.059664623182
5,1,1,6, 0.084331775824
5,1,1,9,-0.037888625975
5,1,2,2, 0.122708814163
5,1,2,7, 0.009512435954
5,1,3,3, 0.122708814163
5,1,3,8, 0.009512435954
5,1,4,0, 0.027891800187
5,1,4,1, 0.024132791917
5,1,4,4, 0.136056641366
5,1,4,5, 0.032889153661
5,1,4,6, 0.036706515911
5,1,4,9,-0.052324610220
5,1,5,0, 0.023355621662
5,1,5,1, 0.059664623182
5,1,5,4, 0.032889153661
5,1,5,5, 0.215862834841
5,1,5,6, 0.129749558581
5,1,5,9,-0.019737997542
5,1,6,0, 0.044899446894
5,1,6,1, 0.084331775824
5,1,6,4, 0.036706515911
5,1,6,5, 0.129749558581
5,1,6,6, 0.142550630868
5,1,6,9,-0.014928457808
5,1,7,2, 0.009512435954
5,1,7,7, 0.198414355228
5,1,8,3, 0.009512435954
5,1,8,8, 0.198414355228
5,1,9,0,-0.031751533989
5,1,9,1,-0.037888625975
5,1,9,4,-0.052324610220
5,1,9,5,-0.019737997542
5,1,9,6,-0.014928457808
5,1,9,9, 0.201689269819
5,2,0,2, 0.008865016909
5,2,0,7, 0.001056997808
5,2,1,2, 0.006540319641
5,2,1,7, 0.002375578533
5,2,2,0, 0.008865016909
5,2,2,1, 0.006540319641
5,2,2,4, 0.004015403954
5,2,2,5, 0.001219608524
5,2,2,6, 0.003417568601
5,2,2,9,-0.001758398596
5,2,4,2, 0.004015403954
5,2,4,7, 0.001561262217
5,2,5,2, 0.001219608524
5,2,5,7, 0.005013635939
5,2,6,2, 0.003417568601
5,2,6,7, 0.004053567817
5,2,7,0, 0.001056997808
5,2,7,1, 0.002375578533
5,2,7,4, 0.001561262217
5,2,7,5, 0.005013635939
5,2,7,6, 0.004053567817
5,2,7,9,-0.002968600576
5,2,9,2,-0.001758398596
5,2,9,7,-0.002968600576
5,3,0,3, 0.008865016909
5,3,0,8, 0.001056997808
5,3,1,3, 0.006540319641
5,3,1,8, 0.002375578533
5,3,3,0, 0.008865016909
5,3,3,1, 0.006540319641
5,3,3,4, 0.004015403954
5,3,3,5, 0.001219608524
5,3,3,6, 0.003417568601
5,3,3,9,-0.001758398596
5,3,4,3, 0.004015403954
5,3,4,8, 0.001561262217
5,3,5,3, 0.001219608524
5,3,5,8, 0.005013635939
5,3,6,3, 0.003417568601
5,3,6,8, 0.004053567817
5,3,8,0, 0.001056997808
5,3,8,1, 0.002375578533
5,3,8,4, 0.001561262217
5,3,8,5, 0.005013635939
5,3,8,6, 0.004053567817
5,3,8,9,-0.002968600576
5,3,9,3,-0.001758398596
5,3,9,8,-0.002968600576
5,4,0,0, 0.094884627269
5,4,0,1, 0.060259584692
5,4,0,4, 0.027275712962
5,4,0,5, 0.015981038696
5,4,0,6, 0.031751533989
5,4,0,9,-0.023354642267
5,4,1,0, 0.060259584692
5,4,1,1, 0.070619761679
5,4,1,4, 0.021236048251
5,4,1,5, 0.032889153661
5,4,1,6, 0.049771592553
5,4,1,9,-0.027771591026
5,4,2,2, 0.087304840348
5,4,2,7, 0.006482367893
5,4,3,3, 0.087304840348
5,4,3,8, 0.006482367893
5,4,4,0, 0.027275712962
5,4,4,1, 0.021236048251
5,4,4,4, 0.102937465804
5,4,4,5, 0.023456428376
5,4,4,6, 0.027600423773
5,4,4,9,-0.039150161561
5,4,5,0, 0.015981038696
5,4,5,1, 0.032889153661
5,4,5,4, 0.023456428376
5,4,5,5, 0.101963720062
5,4,5,6, 0.063576976959
5,4,5,9,-0.027228039429
5,4,6,0, 0.031751533989
5,4,6,1, 0.049771592553
5,4,6,4, 0.027600423773
5,4,6,5, 0.063576976959
5,4,6,6, 0.072689263038
5,4,6,9,-0.020858873288
5,4,7,2, 0.006482367893
5,4,7,7, 0.092755211546
5,4,8,3, 0.006482367893
5,4,8,8, 0.092755211546
5,4,9,0,-0.023354642267
5,4,9,1,-0.027771591026
5,4,9,4,-0.039150161561
5,4,9,5,-0.027228039429
5,4,9,6,-0.020858873288
5,4,9,9, 0.107877947908
5,5,0,0, 0.348425462770
5,5,0,1, 0.236596053856
5,5,0,4, 0.074888252965
5,5,0,5, 0.073424030897
5,5,0,6, 0.128519674371
5,5,0,9,-0.094884627269
5,5,1,0, 0.236596053856
5,5,1,1, 0.325307086937
5,5,1,4, 0.068516248334
5,5,1,5, 0.215862834841
5,5,1,6, 0.270263797878
5,5,1,9,-0.109160178920
5,5,2,2, 0.334613024721
5,5,2,7, 0.028631536379
5,5,3,3, 0.334613024721
5,5,3,8, 0.028631536379
5,5,4,0, 0.074888252965
5,5,4,1, 0.068516248334
5,5,4,4, 0.375420141644
5,5,4,5, 0.101963720062
5,5,4,6, 0.107137165092
5,5,4,9,-0.156840273903
5,5,5,0, 0.073424030897
5,5,5,1, 0.215862834841
5,5,5,4, 0.101963720062
5,5,5,5, 0.897251802255
5,5,5,6, 0.504699283325
5,5,6,0, 0.128519674371
5,5,6,1, 0.270263797878
5,5,6,4, 0.107137165092
5,5,6,5, 0.504699283325
5,5,6,6, 0.507364877272
5,5,7,2, 0.028631536379
5,5,7,7, 0.775037038942
5,5,8,3, 0.028631536379
5,5,8,8, 0.775037038942
5,5,9,0,-0.094884627269
5,5,9,1,-0.109160178920
5,5,9,4,-0.156840273903
5,5,9,9, 0.775037038942
5,6,0,0, 0.236596053856
5,6,0,1, 0.159741695104
5,6,0,4, 0.048186532805
5,6,0,5, 0.045811889199
5,6,0,6, 0.085120992112
5,6,0,9,-0.060259584692
5,6,1,0, 0.159741695104
5,6,1,1, 0.217750003860
5,6,1,4, 0.043389968236
5,6,1,5, 0.129749558581
5,6,1,6, 0.175410588426
5,6,1,9,-0.068545127877
5,6,2,2, 0.228055214999
5,6,2,7, 0.018437636784
5,6,3,3, 0.228055214999
5,6,3,8, 0.018437636784
5,6,4,0, 0.048186532805
5,6,4,1, 0.043389968236
5,6,4,4, 0.251615674466
5,6,4,5, 0.063576976959
5,6,4,6, 0.069108479766
5,6,4,9,-0.099124826595
5,6,5,0, 0.045811889199
5,6,5,1, 0.129749558581
5,6,5,4, 0.063576976959
5,6,5,5, 0.504699283325
5,6,5,6, 0.300015949963
5,6,6,0, 0.085120992112
5,6,6,1, 0.175410588426
5,6,6,4, 0.069108479766
5,6,6,5, 0.300015949963
5,6,6,6, 0.324022459289
5,6,7,2, 0.018437636784
5,6,7,7, 0.462081934851
5,6,8,3, 0.018437636784
5,6,8,8, 0.462081934851
5,6,9,0,-0.060259584692
5,6,9,1,-0.068545127877
5,6,9,4,-0.099124826595
5,6,9,9, 0.462081934851
5,7,0,2, 0.016599341248
5,7,0,7, 0.008865016909
5,7,1,2, 0.015206590243
5,7,1,7, 0.040945451823
5,7,2,0, 0.016599341248
5,7,2,1, 0.015206590243
5,7,2,4, 0.009172050875
5,7,2,5, 0.005013635939
5,7,2,6, 0.009573845084
5,7,2,9,-0.006846745694
5,7,4,2, 0.009172050875
5,7,4,7, 0.011058392761
5,7,5,2, 0.005013635939
5,7,5,7, 0.152608082603
5,7,6,2, 0.009573845084
5,7,6,7, 0.101353944495
5,7,7,0, 0.008865016909
5,7,7,1, 0.040945451823
5,7,7,4, 0.011058392761
5,7,7,5, 0.152608082603
5,7,7,6, 0.101353944495
5,7,9,2,-0.006846745694
5,8,0,3, 0.016599341248
5,8,0,8, 0.008865016909
5,8,1,3, 0.015206590243
5,8,1,8, 0.040945451823
5,8,3,0, 0.016599341248
5,8,3,1, 0.015206590243
5,8,3,4, 0.009172050875
5,8,3,5, 0.005013635939
5,8,3,6, 0.009573845084
5,8,3,9,-0.006846745694
5,8,4,3, 0.009172050875
5,8,4,8, 0.011058392761
5,8,5,3, 0.005013635939
5,8,5,8, 0.152608082603
5,8,6,3, 0.009573845084
5,8,6,8, 0.101353944495
5,8,8,0, 0.008865016909
5,8,8,1, 0.040945451823
5,8,8,4, 0.011058392761
5,8,8,5, 0.152608082603
5,8,8,6, 0.101353944495
5,8,9,3,-0.006846745694
5,9,0,0,-0.074888252965
5,9,0,1,-0.048186532805
5,9,0,4,-0.030358249066
5,9,0,5,-0.016919500917
5,9,0,6,-0.027891800187
5,9,0,9, 0.027275712962
5,9,1,0,-0.048186532805
5,9,1,1,-0.050574271776
5,9,1,4,-0.025547888886
5,9,1,5,-0.019737997542
5,9,1,6,-0.029681926080
5,9,1,9, 0.048463936461
5,9,2,2,-0.066761014006
5,9,2,7,-0.006846745694
5,9,3,3,-0.066761014006
5,9,3,8,-0.006846745694
5,9,4,0,-0.030358249066
5,9,4,1,-0.025547888886
5,9,4,4,-0.089946647640
5,9,4,5,-0.027228039429
5,9,4,6,-0.029340301935
5,9,4,9, 0.046752067904
5,9,5,0,-0.016919500917
5,9,5,1,-0.019737997542
5,9,5,4,-0.027228039429
5,9,5,9, 0.152608082603
5,9,6,0,-0.027891800187
5,9,6,1,-0.029681926080
5,9,6,4,-0.029340301935
5,9,6,9, 0.101353944495
5,9,7,2,-0.006846745694
5,9,8,3,-0.006846745694
5,9,9,0, 0.027275712962
5,9,9,1, 0.048463936461
5,9,9,4, 0.046752067904
5,9,9,5, 0.152608082603
5,9,9,6, 0.101353944495
6,0,0,0, 0.215862834841
6,0,0,1, 0.129749558581
6,0,0,4, 0.019737997542
6,0,0,5, 0.023355621662
6,0,0,6, 0.059664623182
6,0,0,9,-0.032889153661
6,0,1,0, 0.129749558581
6,0,1,1, 0.142550630868
6,0,1,4, 0.014928457808
6,0,1,5, 0.044899446894
6,0,1,6, 0.084331775824
6,0,1,9,-0.036706515911
6,0,2,2, 0.198414355228
6,0,2,7, 0.009512435954
6,0,3,3, 0.198414355228
6,0,3,8, 0.009512435954
6,0,4,0, 0.019737997542
6,0,4,1, 0.014928457808
6,0,4,4, 0.201689269819
6,0,4,5, 0.031751533989
6,0,4,6, 0.037888625975
6,0,4,9,-0.052324610220
6,0,5,0, 0.023355621662
6,0,5,1, 0.044899446894
6,0,5,4, 0.031751533989
6,0,5,5, 0.128519674371
6,0,5,6, 0.085120992112
6,0,5,9,-0.027891800187
6,0,6,0, 0.059664623182
6,0,6,1, 0.084331775824
6,0,6,4, 0.037888625975
6,0,6,5, 0.085120992112
6,0,6,6, 0.110540823319
6,0,6,9,-0.024132791917
6,0,7,2, 0.009512435954
6,0,7,7, 0.122708814163
6,0,8,3, 0.009512435954
6,0,8,8, 0.122708814163
6,0,9,0,-0.032889153661
6,0,9,1,-0.036706515911
6,0,9,4,-0.052324610220
6,0,9,5,-0.027891800187
6,0,9,6,-0.024132791917
6,0,9,9, 0.136056641366
6,1,0,0, 0.270263797878
6,1,0,1, 0.175410588426
6,1,0,4, 0.029681926080
6,1,0,5, 0.036417789776
6,1,0,6, 0.084331775824
6,1,0,9,-0.049771592553
6,1,1,0, 0.175410588426
6,1,1,1, 0.220804319086
6,1,1,4, 0.025336974873
6,1,1,5, 0.084331775824
6,1,1,6, 0.145293988906
6,1,1,9,-0.057610023191
6,1,2,2, 0.262060515537
6,1,2,7, 0.015246542618
6,1,3,3, 0.262060515537
6,1,3,8, 0.015246542618
6,1,4,0, 0.029681926080
6,1,4,1, 0.025336974873
6,1,4,4, 0.267752560430
6,1,4,5, 0.049771592553
6,1,4,6, 0.057610023191
6,1,4,9,-0.079979349762
6,1,5,0, 0.036417789776
6,1,5,1, 0.084331775824
6,1,5,4, 0.049771592553
6,1,5,5, 0.270263797878
6,1,5,6, 0.175410588426
6,1,5,9,-0.029681926080
6,1,6,0, 0.084331775824
6,1,6,1, 0.145293988906
6,1,6,4, 0.057610023191
6,1,6,5, 0.175410588426
6,1,6,6, 0.220804319086
6,1,6,9,-0.025336974873
6,1,7,2, 0.015246542618
6,1,7,7, 0.262060515537
6,1,8,3, 0.015246542618
6,1,8,8, 0.262060515537
6,1,9,0,-0.049771592553
6,1,9,1,-0.057610023191
6,1,9,4,-0.079979349762
6,1,9,5,-0.029681926080
6,1,9,6,-0.025336974873
6,1,9,9, 0.267752560430
6,2,0,2, 0.040945451823
6,2,0,7, 0.002375578533
6,2,1,2, 0.029538674098
6,2,1,7, 0.005084677925
6,2,2,0, 0.040945451823
6,2,2,1, 0.029538674098
6,2,2,4, 0.006317772317
6,2,2,5, 0.003417568601
6,2,2,6, 0.013118590831
6,2,2,9,-0.004501844917
6,2,4,2, 0.006317772317
6,2,4,7, 0.003345316953
6,2,5,2, 0.003417568601
6,2,5,7, 0.009573845084
6,2,6,2, 0.013118590831
6,2,6,7, 0.008422327474
6,2,7,0, 0.002375578533
6,2,7,1, 0.005084677925
6,2,7,4, 0.003345316953
6,2,7,5, 0.009573845084
6,2,7,6, 0.008422327474
6,2,7,9,-0.005281278973
6,2,9,2,-0.004501844917
6,2,9,7,-0.005281278973
6,3,0,3, 0.040945451823
6,3,0,8, 0.002375578533
6,3,1,3, 0.029538674098
6,3,1,8, 0.005084677925
6,3,3,0, 0.040945451823
6,3,3,1, 0.029538674098
6,3,3,4, 0.006317772317
6,3,3,5, 0.003417568601
6,3,3,6, 0.013118590831
6,3,3,9,-0.004501844917
6,3,4,3, 0.006317772317
6,3,4,8, 0.003345316953
6,3,5,3, 0.003417568601
6,3,5,8, 0.009573845084
6,3,6,3, 0.013118590831
6,3,6,8, 0.008422327474
6,3,8,0, 0.002375578533
6,3,8,1, 0.005084677925
6,3,8,4, 0.003345316953
6,3,8,5, 0.009573845084
6,3,8,6, 0.008422327474
6,3,8,9,-0.005281278973
6,3,9,3,-0.004501844917
6,3,9,8,-0.005281278973
6,4,0,0, 0.109160178920
6,4,0,1, 0.068545127877
6,4,0,4, 0.048463936461
6,4,0,5, 0.018837334891
6,4,0,6, 0.037888625975
6,4,0,9,-0.027771591026
6,4,1,0, 0.068545127877
6,4,1,1, 0.078886530815
6,4,1,4, 0.035489679020
6,4,1,5, 0.036706515911
6,4,1,6, 0.057610023191
6,4,1,9,-0.032039553406
6,4,2,2, 0.101111399033
6,4,2,7, 0.007790212600
6,4,3,3, 0.101111399033
6,4,3,8, 0.007790212600
6,4,4,0, 0.048463936461
6,4,4,1, 0.035489679020
6,4,4,4, 0.114746479594
6,4,4,5, 0.027600423773
6,4,4,6, 0.035692796112
6,4,4,9,-0.046191350781
6,4,5,0, 0.018837334891
6,4,5,1, 0.036706515911
6,4,5,4, 0.027600423773
6,4,5,5, 0.107137165092
6,4,5,6, 0.069108479766
6,4,5,9,-0.029340301935
6,4,6,0, 0.037888625975
6,4,6,1, 0.057610023191
6,4,6,4, 0.035692796112
6,4,6,5, 0.069108479766
6,4,6,6, 0.082330441495
6,4,6,9,-0.023987716697
6,4,7,2, 0.007790212600
6,4,7,7, 0.099738869577
6,4,8,3, 0.007790212600
6,4,8,8, 0.099738869577
6,4,9,0,-0.027771591026
6,4,9,1,-0.032039553406
6,4,9,4,-0.046191350781
6,4,9,5,-0.029340301935
6,4,9,6,-0.023987716697
6,4,9,9, 0.116545280005
6,5,0,0, 0.236596053856
6,5,0,1, 0.159741695104
6,5,0,4, 0.048186532805
6,5,0,5, 0.045811889199
6,5,0,6, 0.085120992112
6,5,0,9,-0.060259584692
6,5,1,0, 0.159741695104
6,5,1,1, 0.217750003860
6,5,1,4, 0.043389968236
6,5,1,5, 0.129749558581
6,5,1,6, 0.175410588426
6,5,1,9,-0.068545127877
6,5,2,2, 0.228055214999
6,5,2,7, 0.018437636784
6,5,3,3, 0.228055214999
6,5,3,8, 0.018437636784
6,5,4,0, 0.048186532805
6,5,4,1, 0.043389968236
6,5,4,4, 0.251615674466
6,5,4,5, 0.063576976959
6,5,4,6, 0.069108479766
6,5,4,9,-0.099124826595
6,5,5,0, 0.045811889199
6,5,5,1, 0.129749558581
6,5,5,4, 0.063576976959
6,5,5,5, 0.504699283325
6,5,5,6, 0.300015949963
6,5,6,0, 0.085120992112
6,5,6,1, 0.175410588426
6,5,6,4, 0.069108479766
6,5,6,5, 0.300015949963
6,5,6,6, 0.324022459289
6,5,7,2, 0.018437636784
6,5,7,7, 0.462081934851
6,5,8,3, 0.018437636784
6,5,8,8, 0.462081934851
6,5,9,0,-0.060259584692
6,5,9,1,-0.068545127877
6,5,9,4,-0.099124826595
6,5,9,9, 0.462081934851
6,6,0,0, 0.325307086937
6,6,0,1, 0.217750003860
6,6,0,4, 0.050574271776
6,6,0,5, 0.053082847815
6,6,0,6, 0.110540823319
6,6,0,9,-0.070619761679
6,6,1,0, 0.217750003860
6,6,1,1, 0.294498802318
6,6,1,4, 0.044993695612
6,6,1,5, 0.142550630868
6,6,1,6, 0.220804319086
6,6,1,9,-0.078886530815
6,6,2,2, 0.317276383528
6,6,2,7, 0.022070601022
6,6,3,3, 0.317276383528
6,6,3,8, 0.022070601022
6,6,4,0, 0.050574271776
6,6,4,1, 0.044993695612
6,6,4,4, 0.333336264836
6,6,4,5, 0.072689263038
6,6,4,6, 0.082330441495
6,6,4,9,-0.114544918901
6,6,5,0, 0.053082847815
6,6,5,1, 0.142550630868
6,6,5,4, 0.072689263038
6,6,5,5, 0.507364877272
6,6,5,6, 0.324022459289
6,6,6,0, 0.110540823319
6,6,6,1, 0.220804319086
6,6,6,4, 0.082330441495
6,6,6,5, 0.324022459289
6,6,6,6, 0.394125899248
6,6,7,2, 0.022070601022
6,6,7,7, 0.491073083906
6,6,8,3, 0.022070601022
6,6,8,8, 0.491073083906
6,6,9,0,-0.070619761679
6,6,9,1,-0.078886530815
6,6,9,4,-0.114544918901
6,6,9,9, 0.491073083906
6,7,0,2, 0.015206590243
6,7,0,7, 0.006540319641
6,7,1,2, 0.013790697321
6,7,1,7, 0.029538674098
6,7,2,0, 0.015206590243
6,7,2,1, 0.013790697321
6,7,2,4, 0.008020017493
6,7,2,5, 0.004053567817
6,7,2,6, 0.008422327474
6,7,2,9,-0.005559043068
6,7,4,2, 0.008020017493
6,7,4,7, 0.008210035463
6,7,5,2, 0.004053567817
6,7,5,7, 0.101353944495
6,7,6,2, 0.008422327474
6,7,6,7, 0.072461555243
6,7,7,0, 0.006540319641
6,7,7,1, 0.029538674098
6,7,7,4, 0.008210035463
6,7,7,5, 0.101353944495
6,7,7,6, 0.072461555243
6,7,9,2,-0.005559043068
6,8,0,3, 0.015206590243
6,8,0,8, 0.006540319641
6,8,1,3, 0.013790697321
6,8,1,8, 0.029538674098
6,8,3,0, 0.015206590243
6,8,3,1, 0.013790697321
6,8,3,4, 0.008020017493
6,8,3,5, 0.004053567817
6,8,3,6, 0.008422327474
6,8,3,9,-0.005559043068
6,8,4,3, 0.008020017493
6,8,4,8, 0.008210035463
6,8,5,3, 0.004053567817
6,8,5,8, 0.101353944495
6,8,6,3, 0.008422327474
6,8,6,8, 0.072461555243
6,8,8,0, 0.006540319641
6,8,8,1, 0.029538674098
6,8,8,4, 0.008210035463
6,8,8,5, 0.101353944495
6,8,8,6, 0.072461555243
6,8,9,3,-0.005559043068
6,9,0,0,-0.068516248334
6,9,0,1,-0.043389968236
6,9,0,4,-0.025547888886
6,9,0,5,-0.013184720542
6,9,0,6,-0.024132791917
6,9,0,9, 0.021236048251
6,9,1,0,-0.043389968236
6,9,1,1,-0.044993695612
6,9,1,4,-0.020832165904
6,9,1,5,-0.014928457808
6,9,1,6,-0.025336974873
6,9,1,9, 0.035489679020
6,9,2,2,-0.061782317234
6,9,2,7,-0.005559043068
6,9,3,3,-0.061782317234
6,9,3,8,-0.005559043068
6,9,4,0,-0.025547888886
6,9,4,1,-0.020832165904
6,9,4,4,-0.078970502466
6,9,4,5,-0.020858873288
6,9,4,6,-0.023987716697
6,9,4,9, 0.036112052034
6,9,5,0,-0.013184720542
6,9,5,1,-0.014928457808
6,9,5,4,-0.020858873288
6,9,5,9, 0.101353944495
6,9,6,0,-0.024132791917
6,9,6,1,-0.025336974873
6,9,6,4,-0.023987716697
6,9,6,9, 0.072461555243
6,9,7,2,-0.005559043068
6,9,8,3,-0.005559043068
6,9,9,0, 0.021236048251
6,9,9,1, 0.035489679020
6,9,9,4, 0.036112052034
6,9,9,5, 0.101353944495
6,9,9,6, 0.072461555243
7,0,0,2, 0.005013635939
7,0,0,7, 0.001219608524
7,0,1,2, 0.004053567817
7,0,1,7, 0.003417568601
7,0,2,0, 0.005013635939
7,0,2,1, 0.004053567817
7,0,2,4, 0.002968600576
7,0,2,5, 0.001056997808
7,0,2,6, 0.002375578533
7,0,2,9,-0.001561262217
7,0,4,2, 0.002968600576
7,0,4,7, 0.001758398596
7,0,5,2, 0.001056997808
7,0,5,7, 0.008865016909
7,0,6,2, 0.002375578533
7,0,6,7, 0.006540319641
7,0,7,0, 0.001219608524
7,0,7,1, 0.003417568601
7,0,7,4, 0.001758398596
7,0,7,5, 0.008865016909
7,0,7,6, 0.006540319641
7,0,7,9,-0.004015403954
7,0,9,2,-0.001561262217
7,0,9,7,-0.004015403954
7,1,0,2, 0.009573845084
7,1,0,7, 0.003417568601
7,1,1,2, 0.008422327474
7,1,1,7, 0.013118590831
7,1,2,0, 0.009573845084
7,1,2,1, 0.008422327474
7,1,2,4, 0.005281278973
7,1,2,5, 0.002375578533
7,1,2,6, 0.005084677925
7,1,2,9,-0.003345316953
7,1,4,2, 0.005281278973
7,1,4,7, 0.004501844917
7,1,5,2, 0.002375578533
7,1,5,7, 0.040945451823
7,1,6,2, 0.005084677925
7,1,6,7, 0.029538674098
7,1,7,0, 0.003417568601
7,1,7,1, 0.013118590831
7,1,7,4, 0.004501844917
7,1,7,5, 0.040945451823
7,1,7,6, 0.029538674098
7,1,7,9,-0.006317772317
7,1,9,2,-0.003345316953
7,1,9,7,-0.006317772317
7,2,0,0, 0.028631536379
7,2,0,1, 0.018437636784
7,2,0,4, 0.006846745694
7,2,0,5, 0.004526207768
7,2,0,6, 0.009512435954
7,2,0,9,-0.006482367893
7,2,1,0, 0.018437636784
7,2,1,1, 0.022070601022
7,2,1,4, 0.005559043068
7,2,1,5, 0.009512435954
7,2,1,6, 0.015246542618
7,2,1,9,-0.007790212600
7,2,2,2, 0.028157800810
7,2,2,7, 0.002054494129
7,2,3,3, 0.026362491977
7,2,3,8, 0.001802923419
7,2,4,0, 0.006846745694
7,2,4,1, 0.005559043068
7,2,4,4, 0.029993437860
7,2,4,5, 0.006482367893
7,2,4,6, 0.007790212600
7,2,4,9,-0.010663598530
7,2,5,0, 0.004526207768
7,2,5,1, 0.009512435954
7,2,5,4, 0.006482367893
7,2,5,5, 0.028631536379
7,2,5,6, 0.018437636784
7,2,5,9,-0.006846745694
7,2,6,0, 0.009512435954
7,2,6,1, 0.015246542618
7,2,6,4, 0.007790212600
7,2,6,5, 0.018437636784
7,2,6,6, 0.022070601022
7,2,6,9,-0.005559043068
7,2,7,2, 0.002054494129
7,2,7,7, 0.028157800810
7,2,8,3, 0.001802923419
7,2,8,8, 0.026362491977
7,2,9,0,-0.006482367893
7,2,9,1,-0.007790212600
7,2,9,4,-0.010663598530
7,2,9,5,-0.006846745694
7,2,9,6,-0.005559043068
7,2,9,9, 0.029993437860
7,3,2,3, 0.000897654416
7,3,2,8, 0.000125785355
7,3,3,2, 0.000897654416
7,3,3,7, 0.000125785355
7,3,7,3, 0.000125785355
7,3,7,8, 0.000897654416
7,3,8,2, 0.000125785355
7,3,8,7, 0.000897654416
7,4,0,2, 0.006846745694
7,4,0,7, 0.001758398596
7,4,1,2, 0.005559043068
7,4,1,7, 0.004501844917
7,4,2,0, 0.006846745694
7,4,2,1, 0.005559043068
7,4,2,4, 0.004528600299
7,4,2,5, 0.001561262217
7,4,2,6, 0.003345316953
7,4,2,9,-0.002367519035
7,4,4,2, 0.004528600299
7,4,4,7, 0.002619089745
7,4,5,2, 0.001561262217
7,4,5,7, 0.011058392761
7,4,6,2, 0.003345316953
7,4,6,7, 0.008210035463
7,4,7,0, 0.001758398596
7,4,7,1, 0.004501844917
7,4,7,4, 0.002619089745
7,4,7,5, 0.011058392761
7,4,7,6, 0.008210035463
7,4,7,9,-0.006147327908
7,4,9,2,-0.002367519035
7,4,9,7,-0.006147327908
7,5,0,2, 0.016599341248
7,5,0,7, 0.008865016909
7,5,1,2, 0.015206590243
7,5,1,7, 0.040945451823
7,5,2,0, 0.016599341248
7,5,2,1, 0.015206590243
7,5,2,4, 0.009172050875
7,5,2,5, 0.005013635939
7,5,2,6, 0.009573845084
7,5,2,9,-0.006846745694
7,5,4,2, 0.009172050875
7,5,4,7, 0.011058392761
7,5,5,2, 0.005013635939
7,5,5,7, 0.152608082603
7,5,6,2, 0.009573845084
7,5,6,7, 0.101353944495
7,5,7,0, 0.008865016909
7,5,7,1, 0.040945451823
7,5,7,4, 0.011058392761
7,5,7,5, 0.152608082603
7,5,7,6, 0.101353944495
7,5,9,2,-0.006846745694
7,6,0,2, 0.015206590243
7,6,0,7, 0.006540319641
7,6,1,2, 0.013790697321
7,6,1,7, 0.029538674098
7,6,2,0, 0.015206590243
7,6,2,1, 0.013790697321
7,6,2,4, 0.008020017493
7,6,2,5, 0.004053567817
7,6,2,6, 0.008422327474
7,6,2,9,-0.005559043068
7,6,4,2, 0.008020017493
7,6,4,7, 0.008210035463
7,6,5,2, 0.004053567817
7,6,5,7, 0.101353944495
7,6,6,2, 0.008422327474
7,6,6,7, 0.072461555243
7,6,7,0, 0.006540319641
7,6,7,1, 0.029538674098
7,6,7,4, 0.008210035463
7,6,7,5, 0.101353944495
7,6,7,6, 0.072461555243
7,6,9,2,-0.005559043068
7,7,0,0, 0.334613024721
7,7,0,1, 0.228055214999
7,7,0,4, 0.066761014006
7,7,0,5, 0.067398833407
7,7,0,6, 0.122708814163
7,7,0,9,-0.087304840348
7,7,1,0, 0.228055214999
7,7,1,1, 0.317276383528
7,7,1,4, 0.061782317234
7,7,1,5, 0.198414355228
7,7,1,6, 0.262060515537
7,7,1,9,-0.101111399033
7,7,2,2, 0.325642217568
7,7,2,7, 0.028157800810
7,7,3,3, 0.322068811503
7,7,3,8, 0.026362491977
7,7,4,0, 0.066761014006
7,7,4,1, 0.061782317234
7,7,4,4, 0.356263236005
7,7,4,5, 0.092755211546
7,7,4,6, 0.099738869577
7,7,4,9,-0.143041784201
7,7,5,0, 0.067398833407
7,7,5,1, 0.198414355228
7,7,5,4, 0.092755211546
7,7,5,5, 0.775037038942
7,7,5,6, 0.462081934851
7,7,6,0, 0.122708814163
7,7,6,1, 0.262060515537
7,7,6,4, 0.099738869577
7,7,6,5, 0.462081934851
7,7,6,6, 0.491073083906
7,7,7,2, 0.028157800810
7,7,7,7, 0.785718708997
7,7,8,3, 0.026362491977
7,7,8,8, 0.689508254834
7,7,9,0,-0.087304840348
7,7,9,1,-0.101111399033
7,7,9,4,-0.143041784201
7,7,9,9, 0.689508254834
7,8,2,3, 0.001786703032
7,8,2,8, 0.000897654416
7,8,3,2, 0.001786703032
7,8,3,7, 0.000897654416
7,8,7,3, 0.000897654416
7,8,7,8, 0.048105227081
7,8,8,2, 0.000897654416
7,8,8,7, 0.048105227081
7,9,0,2,-0.009172050875
7,9,0,7,-0.004015403954
7,9,1,2,-0.008020017493
7,9,1,7,-0.006317772317
7,9,2,0,-0.009172050875
7,9,2,1,-0.008020017493
7,9,2,4,-0.006517885356
7,9,2,5,-0.002968600576
7,9,2,6,-0.005281278973
7,9,2,9, 0.004528600299
7,9,4,2,-0.006517885356
7,9,4,7,-0.006147327908
7,9,5,2,-0.002968600576
7,9,6,2,-0.005281278973
7,9,7,0,-0.004015403954
7,9,7,1,-0.006317772317
7,9,7,4,-0.006147327908
7,9,7,9, 0.048105227081
7,9,9,2, 0.004528600299
7,9,9,7, 0.048105227081
8,0,0,3, 0.005013635939
8,0,0,8, 0.001219608524
8,0,1,3, 0.004053567817
8,0,1,8, 0.003417568601
8,0,3,0, 0.005013635939
8,0,3,1, 0.004053567817
8,0,3,4, 0.002968600576
8,0,3,5, 0.001056997808
8,0,3,6, 0.002375578533
8,0,3,9,-0.001561262217
8,0,4,3, 0.002968600576
8,0,4,8, 0.001758398596
8,0,5,3, 0.001056997808
8,0,5,8, 0.008865016909
8,0,6,3, 0.002375578533
8,0,6,8, 0.006540319641
8,0,8,0, 0.001219608524
8,0,8,1, 0.003417568601
8,0,8,4, 0.001758398596
8,0,8,5, 0.008865016909
8,0,8,6, 0.006540319641
8,0,8,9,-0.004015403954
8,0,9,3,-0.001561262217
8,0,9,8,-0.004015403954
8,1,0,3, 0.009573845084
8,1,0,8, 0.003417568601
8,1,1,3, 0.008422327474
8,1,1,8, 0.013118590831
8,1,3,0, 0.009573845084
8,1,3,1, 0.008422327474
8,1,3,4, 0.005281278973
8,1,3,5, 0.002375578533
8,1,3,6, 0.005084677925
8,1,3,9,-0.003345316953
8,1,4,3, 0.005281278973
8,1,4,8, 0.004501844917
8,1,5,3, 0.002375578533
8,1,5,8, 0.040945451823
8,1,6,3, 0.005084677925
8,1,6,8, 0.029538674098
8,1,8,0, 0.003417568601
8,1,8,1, 0.013118590831
8,1,8,4, 0.004501844917
8,1,8,5, 0.040945451823
8,1,8,6, 0.029538674098
8,1,8,9,-0.006317772317
8,1,9,3,-0.003345316953
8,1,9,8,-0.006317772317
8,2,2,3, 0.000897654416
8,2,2,8, 0.000125785355
8,2,3,2, 0.000897654416
8,2,3,7, 0.000125785355
8,2,7,3, 0.000125785355
8,2,7,8, 0.000897654416
8,2,8,2, 0.000125785355
8,2,8,7, 0.000897654416
8,3,0,0, 0.028631536379
8,3,0,1, 0.018437636784
8,3,0,4, 0.006846745694
8,3,0,5, 0.004526207768
8,3,0,6, 0.009512435954
8,3,0,9,-0.006482367893
8,3,1,0, 0.018437636784
8,3,1,1, 0.022070601022
8,3,1,4, 0.005559043068
8,3,1,5, 0.009512435954
8,3,1,6, 0.015246542618
8,3,1,9,-0.007790212600
8,3,2,2, 0.026362491977
8,3,2,7, 0.001802923419
8,3,3,3, 0.028157800810
8,3,3,8, 0.002054494129
8,3,4,0, 0.006846745694
8,3,4,1, 0.005559043068
8,3,4,4, 0.029993437860
8,3,4,5, 0.006482367893
8,3,4,6, 0.007790212600
8,3,4,9,-0.010663598530
8,3,5,0, 0.004526207768
8,3,5,1, 0.009512435954
8,3,5,4, 0.006482367893
8,3,5,5, 0.028631536379
8,3,5,6, 0.018437636784
8,3,5,9,-0.006846745694
8,3,6,0, 0.009512435954
8,3,6,1, 0.015246542618
8,3,6,4, 0.007790212600
8,3,6,5, 0.018437636784
8,3,6,6, 0.022070601022
8,3,6,9,-0.005559043068
8,3,7,2, 0.001802923419
8,3,7,7, 0.026362491977
8,3,8,3, 0.002054494129
8,3,8,8, 0.028157800810
8,3,9,0,-0.006482367893
8,3,9,1,-0.007790212600
8,3,9,4,-0.010663598530
8,3,9,5,-0.006846745694
8,3,9,6,-0.005559043068
8,3,9,9, 0.029993437860
8,4,0,3, 0.006846745694
8,4,0,8, 0.001758398596
8,4,1,3, 0.005559043068
8,4,1,8, 0.004501844917
8,4,3,0, 0.006846745694
8,4,3,1, 0.005559043068
8,4,3,4, 0.004528600299
8,4,3,5, 0.001561262217
8,4,3,6, 0.003345316953
8,4,3,9,-0.002367519035
8,4,4,3, 0.004528600299
8,4,4,8, 0.002619089745
8,4,5,3, 0.001561262217
8,4,5,8, 0.011058392761
8,4,6,3, 0.003345316953
8,4,6,8, 0.008210035463
8,4,8,0, 0.001758398596
8,4,8,1, 0.004501844917
8,4,8,4, 0.002619089745
8,4,8,5, 0.011058392761
8,4,8,6, 0.008210035463
8,4,8,9,-0.006147327908
8,4,9,3,-0.002367519035
8,4,9,8,-0.006147327908
8,5,0,3, 0.016599341248
8,5,0,8, 0.008865016909
8,5,1,3, 0.015206590243
8,5,1,8, 0.040945451823
8,5,3,0, 0.016599341248
8,5,3,1, 0.015206590243
8,5,3,4, 0.009172050875
8,5,3,5, 0.005013635939
8,5,3,6, 0.009573845084
8,5,3,9,-0.006846745694
8,5,4,3, 0.009172050875
8,5,4,8, 0.011058392761
8,5,5,3, 0.005013635939
8,5,5,8, 0.152608082603
8,5,6,3, 0.009573845084
8,5,6,8, 0.101353944495
8,5,8,0, 0.008865016909
8,5,8,1, 0.040945451823
8,5,8,4, 0.011058392761
8,5,8,5, 0.152608082603
8,5,8,6, 0.101353944495
8,5,9,3,-0.006846745694
8,6,0,3, 0.015206590243
8,6,0,8, 0.006540319641
8,6,1,3, 0.013790697321
8,6,1,8, 0.029538674098
8,6,3,0, 0.015206590243
8,6,3,1, 0.013790697321
8,6,3,4, 0.008020017493
8,6,3,5, 0.004053567817
8,6,3,6, 0.008422327474
8,6,3,9,-0.005559043068
8,6,4,3, 0.008020017493
8,6,4,8, 0.008210035463
8,6,5,3, 0.004053567817
8,6,5,8, 0.101353944495
8,6,6,3, 0.008422327474
8,6,6,8, 0.072461555243
8,6,8,0, 0.006540319641
8,6,8,1, 0.029538674098
8,6,8,4, 0.008210035463
8,6,8,5, 0.101353944495
8,6,8,6, 0.072461555243
8,6,9,3,-0.005559043068
8,7,2,3, 0.001786703032
8,7,2,8, 0.000897654416
8,7,3,2, 0.001786703032
8,7,3,7, 0.000897654416
8,7,7,3, 0.000897654416
8,7,7,8, 0.048105227081
8,7,8,2, 0.000897654416
8,7,8,7, 0.048105227081
8,8,0,0, 0.334613024721
8,8,0,1, 0.228055214999
8,8,0,4, 0.066761014006
8,8,0,5, 0.067398833407
8,8,0,6, 0.122708814163
8,8,0,9,-0.087304840348
8,8,1,0, 0.228055214999
8,8,1,1, 0.317276383528
8,8,1,4, 0.061782317234
8,8,1,5, 0.198414355228
8,8,1,6, 0.262060515537
8,8,1,9,-0.101111399033
8,8,2,2, 0.322068811503
8,8,2,7, 0.026362491977
8,8,3,3, 0.325642217568
8,8,3,8, 0.028157800810
8,8,4,0, 0.066761014006
8,8,4,1, 0.061782317234
8,8,4,4, 0.356263236005
8,8,4,5, 0.092755211546
8,8,4,6, 0.099738869577
8,8,4,9,-0.143041784201
8,8,5,0, 0.067398833407
8,8,5,1, 0.198414355228
8,8,5,4, 0.092755211546
8,8,5,5, 0.775037038942
8,8,5,6, 0.462081934851
8,8,6,0, 0.122708814163
8,8,6,1, 0.262060515537
8,8,6,4, 0.099738869577
8,8,6,5, 0.462081934851
8,8,6,6, 0.491073083906
8,8,7,2, 0.026362491977
8,8,7,7, 0.689508254834
8,8,8,3, 0.028157800810
8,8,8,8, 0.785718708997
8,8,9,0,-0.087304840348
8,8,9,1,-0.101111399033
8,8,9,4,-0.143041784201
8,8,9,9, 0.689508254834
8,9,0,3,-0.009172050875
8,9,0,8,-0.004015403954
8,9,1,3,-0.008020017493
8,9,1,8,-0.006317772317
8,9,3,0,-0.009172050875
8,9,3,1,-0.008020017493
8,9,3,4,-0.006517885356
8,9,3,5,-0.002968600576
8,9,3,6,-0.005281278973
8,9,3,9, 0.004528600299
8,9,4,3,-0.006517885356
8,9,4,8,-0.006147327908
8,9,5,3,-0.002968600576
8,9,6,3,-0.005281278973
8,9,8,0,-0.004015403954
8,9,8,1,-0.006317772317
8,9,8,4,-0.006147327908
8,9,8,9, 0.048105227081
8,9,9,3, 0.004528600299
8,9,9,8, 0.048105227081
9,0,0,0,-0.101963720062
9,0,0,1,-0.063576976959
9,0,0,4,-0.027228039429
9,0,0,5,-0.015981038696
9,0,0,6,-0.032889153661
9,0,0,9, 0.023456428376
9,0,1,0,-0.063576976959
9,0,1,1,-0.072689263038
9,0,1,4,-0.020858873288
9,0,1,5,-0.031751533989
9,0,1,6,-0.049771592553
9,0,1,9, 0.027600423773
9,0,2,2,-0.092755211546
9,0,2,7,-0.006482367893
9,0,3,3,-0.092755211546
9,0,3,8,-0.006482367893
9,0,4,0,-0.027228039429
9,0,4,1,-0.020858873288
9,0,4,4,-0.107877947908
9,0,4,5,-0.023354642267
9,0,4,6,-0.027771591026
9,0,4,9, 0.039150161561
9,0,5,0,-0.015981038696
9,0,5,1,-0.031751533989
9,0,5,4,-0.023354642267
9,0,5,5,-0.094884627269
9,0,5,6,-0.060259584692
9,0,5,9, 0.027275712962
9,0,6,0,-0.032889153661
9,0,6,1,-0.049771592553
9,0,6,4,-0.027771591026
9,0,6,5,-0.060259584692
9,0,6,6,-0.070619761679
9,0,6,9, 0.021236048251
9,0,7,2,-0.006482367893
9,0,7,7,-0.087304840348
9,0,8,3,-0.006482367893
9,0,8,8,-0.087304840348
9,0,9,0, 0.023456428376
9,0,9,1, 0.027600423773
9,0,9,4, 0.039150161561
9,0,9,5, 0.027275712962
9,0,9,6, 0.021236048251
9,0,9,9,-0.102937465804
9,1,0,0,-0.107137165092
9,1,0,1,-0.069108479766
9,1,0,4,-0.029340301935
9,1,0,5,-0.018837334891
9,1,0,6,-0.036706515911
9,1,0,9, 0.027600423773
9,1,1,0,-0.069108479766
9,1,1,1,-0.082330441495
9,1,1,4,-0.023987716697
9,1,1,5,-0.037888625975
9,1,1,6,-0.057610023191
9,1,1,9, 0.035692796112
9,1,2,2,-0.099738869577
9,1,2,7,-0.007790212600
9,1,3,3,-0.099738869577
9,1,3,8,-0.007790212600
9,1,4,0,-0.029340301935
9,1,4,1,-0.023987716697
9,1,4,4,-0.116545280005
9,1,4,5,-0.027771591026
9,1,4,6,-0.032039553406
9,1,4,9, 0.046191350781
9,1,5,0,-0.018837334891
9,1,5,1,-0.037888625975
9,1,5,4,-0.027771591026
9,1,5,5,-0.109160178920
9,1,5,6,-0.068545127877
9,1,5,9, 0.048463936461
9,1,6,0,-0.036706515911
9,1,6,1,-0.057610023191
9,1,6,4,-0.032039553406
9,1,6,5,-0.068545127877
9,1,6,6,-0.078886530815
9,1,6,9, 0.035489679020
9,1,7,2,-0.007790212600
9,1,7,7,-0.101111399033
9,1,8,3,-0.007790212600
9,1,8,8,-0.101111399033
9,1,9,0, 0.027600423773
9,1,9,1, 0.035692796112
9,1,9,4, 0.046191350781
9,1,9,5, 0.048463936461
9,1,9,6, 0.035489679020
9,1,9,9,-0.114746479594
9,2,0,2,-0.011058392761
9,2,0,7,-0.001561262217
9,2,1,2,-0.008210035463
9,2,1,7,-0.003345316953
9,2,2,0,-0.011058392761
9,2,2,1,-0.008210035463
9,2,2,4,-0.006147327908
9,2,2,5,-0.001758398596
9,2,2,6,-0.004501844917
9,2,2,9, 0.002619089745
9,2,4,2,-0.006147327908
9,2,4,7,-0.002367519035
9,2,5,2,-0.001758398596
9,2,5,7,-0.006846745694
9,2,6,2,-0.004501844917
9,2,6,7,-0.005559043068
9,2,7,0,-0.001561262217
9,2,7,1,-0.003345316953
9,2,7,4,-0.002367519035
9,2,7,5,-0.006846745694
9,2,7,6,-0.005559043068
9,2,7,9, 0.004528600299
9,2,9,2, 0.002619089745
9,2,9,7, 0.004528600299
9,3,0,3,-0.011058392761
9,3,0,8,-0.001561262217
9,3,1,3,-0.008210035463
9,3,1,8,-0.003345316953
9,3,3,0,-0.011058392761
9,3,3,1,-0.008210035463
9,3,3,4,-0.006147327908
9,3,3,5,-0.001758398596
9,3,3,6,-0.004501844917
9,3,3,9, 0.002619089745
9,3,4,3,-0.006147327908
9,3,4,8,-0.002367519035
9,3,5,3,-0.001758398596
9,3,5,8,-0.006846745694
9,3,6,3,-0.004501844917
9,3,6,8,-0.005559043068
9,3,8,0,-0.001561262217
9,3,8,1,-0.003345316953
9,3,8,4,-0.002367519035
9,3,8,5,-0.006846745694
9,3,8,6,-0.005559043068
9,3,8,9, 0.004528600299
9,3,9,3, 0.002619089745
9,3,9,8, 0.004528600299
9,4,0,0,-0.156840273903
9,4,0,1,-0.099124826595
9,4,0,4,-0.046752067904
9,4,0,5,-0.026380727106
9,4,0,6,-0.052324610220
9,4,0,9, 0.039150161561
9,4,1,0,-0.099124826595
9,4,1,1,-0.114544918901
9,4,1,4,-0.036112052034
9,4,1,5,-0.052324610220
9,4,1,6,-0.079979349762
9,4,1,9, 0.046191350781
9,4,2,2,-0.143041784201
9,4,2,7,-0.010663598530
9,4,3,3,-0.143041784201
9,4,3,8,-0.010663598530
9,4,4,0,-0.046752067904
9,4,4,1,-0.036112052034
9,4,4,4,-0.172506507022
9,4,4,5,-0.039150161561
9,4,4,6,-0.046191350781
9,4,4,9, 0.066081092775
9,4,5,0,-0.026380727106
9,4,5,1,-0.052324610220
9,4,5,4,-0.039150161561
9,4,5,5,-0.156840273903
9,4,5,6,-0.099124826595
9,4,5,9, 0.046752067904
9,4,6,0,-0.052324610220
9,4,6,1,-0.079979349762
9,4,6,4,-0.046191350781
9,4,6,5,-0.099124826595
9,4,6,6,-0.114544918901
9,4,6,9, 0.036112052034
9,4,7,2,-0.010663598530
9,4,7,7,-0.143041784201
9,4,8,3,-0.010663598530
9,4,8,8,-0.143041784201
9,4,9,0, 0.039150161561
9,4,9,1, 0.046191350781
9,4,9,4, 0.066081092775
9,4,9,5, 0.046752067904
9,4,9,6, 0.036112052034
9,4,9,9,-0.172506507022
9,5,0,0,-0.074888252965
9,5,0,1,-0.048186532805
9,5,0,4,-0.030358249066
9,5,0,5,-0.016919500917
9,5,0,6,-0.027891800187
9,5,0,9, 0.027275712962
9,5,1,0,-0.048186532805
9,5,1,1,-0.050574271776
9,5,1,4,-0.025547888886
9,5,1,5,-0.019737997542
9,5,1,6,-0.029681926080
9,5,1,9, 0.048463936461
9,5,2,2,-0.066761014006
9,5,2,7,-0.006846745694
9,5,3,3,-0.066761014006
9,5,3,8,-0.006846745694
9,5,4,0,-0.030358249066
9,5,4,1,-0.025547888886
9,5,4,4,-0.089946647640
9,5,4,5,-0.027228039429
9,5,4,6,-0.029340301935
9,5,4,9, 0.046752067904
9,5,5,0,-0.016919500917
9,5,5,1,-0.019737997542
9,5,5,4,-0.027228039429
9,5,5,9, 0.152608082603
9,5,6,0,-0.027891800187
9,5,6,1,-0.029681926080
9,5,6,4,-0.029340301935
9,5,6,9, 0.101353944495
9,5,7,2,-0.006846745694
9,5,8,3,-0.006846745694
9,5,9,0, 0.027275712962
9,5,9,1, 0.048463936461
9,5,9,4, 0.046752067904
9,5,9,5, 0.152608082603
9,5,9,6, 0.101353944495
9,6,0,0,-0.068516248334
9,6,0,1,-0.043389968236
9,6,0,4,-0.025547888886
9,6,0,5,-0.013184720542
9,6,0,6,-0.024132791917
9,6,0,9, 0.021236048251
9,6,1,0,-0.043389968236
9,6,1,1,-0.044993695612
9,6,1,4,-0.020832165904
9,6,1,5,-0.014928457808
9,6,1,6,-0.025336974873
9,6,1,9, 0.035489679020
9,6,2,2,-0.061782317234
9,6,2,7,-0.005559043068
9,6,3,3,-0.061782317234
9,6,3,8,-0.005559043068
9,6,4,0,-0.025547888886
9,6,4,1,-0.020832165904
9,6,4,4,-0.078970502466
9,6,4,5,-0.020858873288
9,6,4,6,-0.023987716697
9,6,4,9, 0.036112052034
9,6,5,0,-0.013184720542
9,6,5,1,-0.014928457808
9,6,5,4,-0.020858873288
9,6,5,9, 0.101353944495
9,6,6,0,-0.024132791917
9,6,6,1,-0.025336974873
9,6,6,4,-0.023987716697
9,6,6,9, 0.072461555243
9,6,7,2,-0.005559043068
9,6,8,3,-0.005559043068
9,6,9,0, 0.021236048251
9,6,9,1, 0.035489679020
9,6,9,4, 0.036112052034
9,6,9,5, 0.101353944495
9,6,9,6, 0.072461555243
9,7,0,2,-0.009172050875
9,7,0,7,-0.004015403954
9,7,1,2,-0.008020017493
9,7,1,7,-0.006317772317
9,7,2,0,-0.009172050875
9,7,2,1,-0.008020017493
9,7,2,4,-0.006517885356
9,7,2,5,-0.002968600576
9,7,2,6,-0.005281278973
9,7,2,9, 0.004528600299
9,7,4,2,-0.006517885356
9,7,4,7,-0.006147327908
9,7,5,2,-0.002968600576
9,7,6,2,-0.005281278973
9,7,7,0,-0.004015403954
9,7,7,1,-0.006317772317
9,7,7,4,-0.006147327908
9,7,7,9, 0.048105227081
9,7,9,2, 0.004528600299
9,7,9,7, 0.048105227081
9,8,0,3,-0.009172050875
9,8,0,8,-0.004015403954
9,8,1,3,-0.008020017493
9,8,1,8,-0.006317772317
9,8,3,0,-0.009172050875
9,8,3,1,-0.008020017493
9,8,3,4,-0.006517885356
9,8,3,5,-0.002968600576
9,8,3,6,-0.005281278973
9,8,3,9, 0.004528600299
9,8,4,3,-0.006517885356
9,8,4,8,-0.006147327908
9,8,5,3,-0.002968600576
9,8,6,3,-0.005281278973
9,8,8,0,-0.004015403954
9,8,8,1,-0.006317772317
9,8,8,4,-0.006147327908
9,8,8,9, 0.048105227081
9,8,9,3, 0.004528600299
9,8,9,8, 0.048105227081
9,9,0,0, 0.375420141644
9,9,0,1, 0.251615674466
9,9,0,4, 0.089946647640
9,9,0,5, 0.075401290318
9,9,0,6, 0.136056641366
9,9,0,9,-0.102937465804
9,9,1,0, 0.251615674466
9,9,1,1, 0.333336264836
9,9,1,4, 0.078970502466
9,9,1,5, 0.201689269819
9,9,1,6, 0.267752560430
9,9,1,9,-0.114746479594
9,9,2,2, 0.356263236005
9,9,2,7, 0.029993437860
9,9,3,3, 0.356263236005
9,9,3,8, 0.029993437860
9,9,4,0, 0.089946647640
9,9,4,1, 0.078970502466
9,9,4,4, 0.411464918567
9,9,4,5, 0.107877947908
9,9,4,6, 0.116545280005
9,9,4,9,-0.172506507022
9,9,5,0, 0.075401290318
9,9,5,1, 0.201689269819
9,9,5,4, 0.107877947908
9,9,5,5, 0.775037038942
9,9,5,6, 0.462081934851
9,9,6,0, 0.136056641366
9,9,6,1, 0.267752560430
9,9,6,4, 0.116545280005
9,9,6,5, 0.462081934851
9,9,6,6, 0.491073083906
9,9,7,2, 0.029993437860
9,9,7,7, 0.689508254834
9,9,8,3, 0.029993437860
9,9,8,8, 0.689508254834
9,9,9,0,-0.102937465804
9,9,9,1,-0.114746479594
9,9,9,4,-0.172506507022
9,9,9,9, 0.785718708997
