0,0,0,0, 0.897251802255
0,0,0,1, 0.504699283325
0,0,0,5, 0.018466821156
0,0,0,6, 0.125821124170
0,0,0,9,-0.022848512126
0,0,1,0, 0.504699283325
0,0,1,1, 0.507364877272
0,0,1,5, 0.062674572669
0,0,1,6, 0.182225076543
0,0,1,9,-0.055832554860
0,0,2,2, 0.775037038942
0,0,2,7, 0.003695109549
0,0,3,3, 0.775037038942
0,0,3,8, 0.003695109549
0,0,4,4, 0.775037038942
0,0,4,5, 0.025252469786
0,0,4,6, 0.079884648520
0,0,4,9,-0.034860974004
0,0,5,0, 0.018466821156
0,0,5,1, 0.062674572669
0,0,5,4, 0.025252469786
0,0,5,5, 0.273154126529
0,0,5,6, 0.186841688032
0,0,5,9,-0.046861804669
0,0,6,0, 0.125821124170
0,0,6,1, 0.182225076543
0,0,6,4, 0.079884648520
0,0,6,5, 0.186841688032
0,0,6,6, 0.267645983534
0,0,6,9,-0.043790962534
0,0,7,2, 0.003695109549
0,0,7,7, 0.266197598376
0,0,8,3, 0.003695109549
0,0,8,8, 0.266197598376
0,0,9,0,-0.022848512126
0,0,9,1,-0.055832554860
0,0,9,4,-0.034860974004
0,0,9,5,-0.046861804669
0,0,9,6,-0.043790962534
0,0,9,9, 0.287080453648
0,1,0,0, 0.504699283325
0,1,0,1, 0.300015949963
0,1,0,5, 0.011895834005
0,1,0,6, 0.076141827841
0,1,0,9,-0.014986079401
0,1,1,0, 0.300015949963
0,1,1,1, 0.324022459289
0,1,1,5, 0.042324234743
0,1,1,6, 0.119288254197
0,1,1,9,-0.037566283949
0,1,2,2, 0.462081934851
0,1,2,7, 0.002440607942
0,1,3,3, 0.462081934851
0,1,3,8, 0.002440607942
0,1,4,4, 0.462081934851
0,1,4,5, 0.016309679401
0,1,4,6, 0.050302454932
0,1,4,9,-0.022782966458
0,1,5,0, 0.011895834005
0,1,5,1, 0.042324234743
0,1,5,4, 0.016309679401
0,1,5,5, 0.186841688032
0,1,5,6, 0.127547421909
0,1,5,9,-0.031719698945
0,1,6,0, 0.076141827841
0,1,6,1, 0.119288254197
0,1,6,4, 0.050302454932
0,1,6,5, 0.127547421909
0,1,6,6, 0.181396637977
0,1,6,9,-0.029421930200
0,1,7,2, 0.002440607942
0,1,7,7, 0.182211015272
0,1,8,3, 0.002440607942
0,1,8,8, 0.182211015272
0,1,9,0,-0.014986079401
0,1,9,1,-0.037566283949
0,1,9,4,-0.022782966458
0,1,9,5,-0.031719698945
0,1,9,6,-0.029421930200
0,1,9,9, 0.195945786990
0,2,0,2, 0.152608082603
0,2,0,7, 0.000689816404
0,2,1,2, 0.101353944495
0,2,1,7, 0.002916484309
0,2,2,0, 0.152608082603
0,2,2,1, 0.101353944495
0,2,2,5, 0.001635857083
0,2,2,6, 0.022978253897
0,2,2,9,-0.001366485042
0,2,4,7, 0.000902715993
0,2,5,2, 0.001635857083
0,2,5,7, 0.008064251612
0,2,6,2, 0.022978253897
0,2,6,7, 0.007543413488
0,2,7,0, 0.000689816404
0,2,7,1, 0.002916484309
0,2,7,4, 0.000902715993
0,2,7,5, 0.008064251612
0,2,7,6, 0.007543413488
0,2,7,9,-0.003604416451
0,2,9,2,-0.001366485042
0,2,9,7,-0.003604416451
0,3,0,3, 0.152608082603
0,3,0,8, 0.000689816404
0,3,1,3, 0.101353944495
0,3,1,8, 0.002916484309
0,3,3,0, 0.152608082603
0,3,3,1, 0.101353944495
0,3,3,5, 0.001635857083
0,3,3,6, 0.022978253897
0,3,3,9,-0.001366485042
0,3,4,8, 0.000902715993
0,3,5,3, 0.001635857083
0,3,5,8, 0.008064251612
0,3,6,3, 0.022978253897
0,3,6,8, 0.007543413488
0,3,8,0, 0.000689816404
0,3,8,1, 0.002916484309
0,3,8,4, 0.000902715993
0,3,8,5, 0.008064251612
0,3,8,6, 0.007543413488
0,3,8,9,-0.003604416451
0,3,9,3,-0.001366485042
0,3,9,8,-0.003604416451
0,4,0,4, 0.152608082603
0,4,0,5, 0.004555564212
0,4,0,6, 0.014436380891
0,4,0,9,-0.006121430757
0,4,1,4, 0.101353944495
0,4,1,5, 0.012520407689
0,4,1,6, 0.023792963667
0,4,1,9,-0.013466416968
0,4,2,7, 0.000902715993
0,4,3,8, 0.000902715993
0,4,4,0, 0.152608082603
0,4,4,1, 0.101353944495
0,4,4,5, 0.007086200583
0,4,4,6, 0.029914870871
0,4,4,9,-0.009977985296
0,4,5,0, 0.004555564212
0,4,5,1, 0.012520407689
0,4,5,4, 0.007086200583
0,4,5,5, 0.046861804669
0,4,5,6, 0.031719698945
0,4,5,9,-0.015999627192
0,4,6,0, 0.014436380891
0,4,6,1, 0.023792963667
0,4,6,4, 0.029914870871
0,4,6,5, 0.031719698945
0,4,6,6, 0.040349256324
0,4,6,9,-0.014722914015
0,4,7,2, 0.000902715993
0,4,7,7, 0.043335638102
0,4,8,3, 0.000902715993
0,4,8,8, 0.043335638102
0,4,9,0,-0.006121430757
0,4,9,1,-0.013466416968
0,4,9,4,-0.009977985296
0,4,9,5,-0.015999627192
0,4,9,6,-0.014722914015
0,4,9,9, 0.053964615571
0,5,0,0, 0.018466821156
0,5,0,1, 0.011895834005
0,5,0,4, 0.004555564212
0,5,0,5, 0.000955993875
0,5,0,6, 0.003900180546
0,5,0,9,-0.001341539167
0,5,1,0, 0.011895834005
0,5,1,1, 0.014537509085
0,5,1,4, 0.003724945748
0,5,1,5, 0.003900180546
0,5,1,6, 0.007791204554
0,5,1,9,-0.003714276123
0,5,2,2, 0.017210767377
0,5,2,7, 0.000199746320
0,5,3,3, 0.017210767377
0,5,3,8, 0.000199746320
0,5,4,0, 0.004555564212
0,5,4,1, 0.003724945748
0,5,4,4, 0.019638137587
0,5,4,5, 0.001341539167
0,5,4,6, 0.003714276123
0,5,4,9,-0.002027958702
0,5,5,0, 0.000955993875
0,5,5,1, 0.003900180546
0,5,5,4, 0.001341539167
0,5,5,5, 0.018466821156
0,5,5,6, 0.011895834005
0,5,5,9,-0.004555564212
0,5,6,0, 0.003900180546
0,5,6,1, 0.007791204554
0,5,6,4, 0.003714276123
0,5,6,5, 0.011895834005
0,5,6,6, 0.014537509085
0,5,6,9,-0.003724945748
0,5,7,2, 0.000199746320
0,5,7,7, 0.017210767377
0,5,8,3, 0.000199746320
0,5,8,8, 0.017210767377
0,5,9,0,-0.001341539167
0,5,9,1,-0.003714276123
0,5,9,4,-0.002027958702
0,5,9,5,-0.004555564212
0,5,9,6,-0.003724945748
0,5,9,9, 0.019638137587
0,6,0,0, 0.125821124170
0,6,0,1, 0.076141827841
0,6,0,4, 0.014436380891
0,6,0,5, 0.003900180546
0,6,0,6, 0.021386793845
0,6,0,9,-0.005091089226
0,6,1,0, 0.076141827841
0,6,1,1, 0.084545037451
0,6,1,4, 0.011004981597
0,6,1,5, 0.014176662856
0,6,1,6, 0.035878704569
0,6,1,9,-0.013011662804
0,6,2,2, 0.115929863258
0,6,2,7, 0.000811301703
0,6,3,3, 0.115929863258
0,6,3,8, 0.000811301703
0,6,4,0, 0.014436380891
0,6,4,1, 0.011004981597
0,6,4,4, 0.118960035025
0,6,4,5, 0.005441776952
0,6,4,6, 0.016834009370
0,6,4,9,-0.007773487091
0,6,5,0, 0.003900180546
0,6,5,1, 0.014176662856
0,6,5,4, 0.005441776952
0,6,5,5, 0.062674572669
0,6,5,6, 0.042324234743
0,6,5,9,-0.012520407689
0,6,6,0, 0.021386793845
0,6,6,1, 0.035878704569
0,6,6,4, 0.016834009370
0,6,6,5, 0.042324234743
0,6,6,6, 0.057853164241
0,6,6,9,-0.011271765760
0,6,7,2, 0.000811301703
0,6,7,7, 0.060496803532
0,6,8,3, 0.000811301703
0,6,8,8, 0.060496803532
0,6,9,0,-0.005091089226
0,6,9,1,-0.013011662804
0,6,9,4,-0.007773487091
0,6,9,5,-0.012520407689
0,6,9,6,-0.011271765760
0,6,9,9, 0.066472117013
0,7,0,2, 0.000689816404
0,7,0,7, 0.000067050519
0,7,1,2, 0.000598795360
0,7,1,7, 0.000429545049
0,7,2,0, 0.000689816404
0,7,2,1, 0.000598795360
0,7,2,4, 0.000419064817
0,7,2,5, 0.000051818333
0,7,2,6, 0.000236920706
0,7,2,9,-0.000067853106
0,7,4,2, 0.000419064817
0,7,4,7, 0.000076905081
0,7,5,2, 0.000051818333
0,7,5,7, 0.001635857083
0,7,6,2, 0.000236920706
0,7,6,7, 0.001260136526
0,7,7,0, 0.000067050519
0,7,7,1, 0.000429545049
0,7,7,4, 0.000076905081
0,7,7,5, 0.001635857083
0,7,7,6, 0.001260136526
0,7,7,9,-0.000874015622
0,7,9,2,-0.000067853106
0,7,9,7,-0.000874015622
0,8,0,3, 0.000689816404
0,8,0,8, 0.000067050519
0,8,1,3, 0.000598795360
0,8,1,8, 0.000429545049
0,8,3,0, 0.000689816404
0,8,3,1, 0.000598795360
0,8,3,4, 0.000419064817
0,8,3,5, 0.000051818333
0,8,3,6, 0.000236920706
0,8,3,9,-0.000067853106
0,8,4,3, 0.000419064817
0,8,4,8, 0.000076905081
0,8,5,3, 0.000051818333
0,8,5,8, 0.001635857083
0,8,6,3, 0.000236920706
0,8,6,8, 0.001260136526
0,8,8,0, 0.000067050519
0,8,8,1, 0.000429545049
0,8,8,4, 0.000076905081
0,8,8,5, 0.001635857083
0,8,8,6, 0.001260136526
0,8,8,9,-0.000874015622
0,8,9,3,-0.000067853106
0,8,9,8,-0.000874015622
0,9,0,0,-0.022848512126
0,9,0,1,-0.014986079401
0,9,0,4,-0.006121430757
0,9,0,5,-0.001341539167
0,9,0,6,-0.005091089226
0,9,0,9, 0.001928140825
0,9,1,0,-0.014986079401
0,9,1,1,-0.018730397187
0,9,1,4,-0.005150004587
0,9,1,5,-0.005441776952
0,9,1,6,-0.010462149598
0,9,1,9, 0.005377948813
0,9,2,2,-0.021337346172
0,9,2,7,-0.000279174621
0,9,3,3,-0.021337346172
0,9,3,8,-0.000279174621
0,9,4,0,-0.006121430757
0,9,4,1,-0.005150004587
0,9,4,4,-0.025122270967
0,9,4,5,-0.001896293239
0,9,4,6,-0.005032906247
0,9,4,9, 0.002922654604
0,9,5,0,-0.001341539167
0,9,5,1,-0.005441776952
0,9,5,4,-0.001896293239
0,9,5,5,-0.025252469786
0,9,5,6,-0.016309679401
0,9,5,9, 0.007086200583
0,9,6,0,-0.005091089226
0,9,6,1,-0.010462149598
0,9,6,4,-0.005032906247
0,9,6,5,-0.016309679401
0,9,6,6,-0.019701288411
0,9,6,9, 0.005730651734
0,9,7,2,-0.000279174621
0,9,7,7,-0.023417756403
0,9,8,3,-0.000279174621
0,9,8,8,-0.023417756403
0,9,9,0, 0.001928140825
0,9,9,1, 0.005377948813
0,9,9,4, 0.002922654604
0,9,9,5, 0.007086200583
0,9,9,6, 0.005730651734
0,9,9,9,-0.027720761423
1,0,0,0, 0.504699283325
1,0,0,1, 0.300015949963
1,0,0,5, 0.011895834005
1,0,0,6, 0.076141827841
1,0,0,9,-0.014986079401
1,0,1,0, 0.300015949963
1,0,1,1, 0.324022459289
1,0,1,5, 0.042324234743
1,0,1,6, 0.119288254197
1,0,1,9,-0.037566283949
1,0,2,2, 0.462081934851
1,0,2,7, 0.002440607942
1,0,3,3, 0.462081934851
1,0,3,8, 0.002440607942
1,0,4,4, 0.462081934851
1,0,4,5, 0.016309679401
1,0,4,6, 0.050302454932
1,0,4,9,-0.022782966458
1,0,5,0, 0.011895834005
1,0,5,1, 0.042324234743
1,0,5,4, 0.016309679401
1,0,5,5, 0.186841688032
1,0,5,6, 0.127547421909
1,0,5,9,-0.031719698945
1,0,6,0, 0.076141827841
1,0,6,1, 0.119288254197
1,0,6,4, 0.050302454932
1,0,6,5, 0.127547421909
1,0,6,6, 0.181396637977
1,0,6,9,-0.029421930200
1,0,7,2, 0.002440607942
1,0,7,7, 0.182211015272
1,0,8,3, 0.002440607942
1,0,8,8, 0.182211015272
1,0,9,0,-0.014986079401
1,0,9,1,-0.037566283949
1,0,9,4,-0.022782966458
1,0,9,5,-0.031719698945
1,0,9,6,-0.029421930200
1,0,9,9, 0.195945786990
1,1,0,0, 0.507364877272
1,1,0,1, 0.324022459289
1,1,0,5, 0.014537509085
1,1,0,6, 0.084545037451
1,1,0,9,-0.018730397187
1,1,1,0, 0.324022459289
1,1,1,1, 0.394125899248
1,1,1,5, 0.057853164241
1,1,1,6, 0.153020147539
1,1,1,9,-0.049747631089
1,1,2,2, 0.491073083906
1,1,2,7, 0.003075507646
1,1,3,3, 0.491073083906
1,1,3,8, 0.003075507646
1,1,4,4, 0.491073083906
1,1,4,5, 0.019701288411
1,1,4,6, 0.058174568885
1,1,4,9,-0.028012900554
1,1,5,0, 0.014537509085
1,1,5,1, 0.057853164241
1,1,5,4, 0.019701288411
1,1,5,5, 0.267645983534
1,1,5,6, 0.181396637977
1,1,5,9,-0.040349256324
1,1,6,0, 0.084545037451
1,1,6,1, 0.153020147539
1,1,6,4, 0.058174568885
1,1,6,5, 0.181396637977
1,1,6,6, 0.253928679515
1,1,6,9,-0.036733892837
1,1,7,2, 0.003075507646
1,1,7,7, 0.262228616609
1,1,8,3, 0.003075507646
1,1,8,8, 0.262228616609
1,1,9,0,-0.018730397187
1,1,9,1,-0.049747631089
1,1,9,4,-0.028012900554
1,1,9,5,-0.040349256324
1,1,9,6,-0.036733892837
1,1,9,9, 0.275961509547
1,2,0,2, 0.101353944495
1,2,0,7, 0.000598795360
1,2,1,2, 0.072461555243
1,2,1,7, 0.002681271709
1,2,2,0, 0.101353944495
1,2,2,1, 0.072461555243
1,2,2,5, 0.001260136526
1,2,2,6, 0.016670756197
1,2,2,9,-0.001097342236
1,2,4,7, 0.000772031885
1,2,5,2, 0.001260136526
1,2,5,7, 0.007543413488
1,2,6,2, 0.016670756197
1,2,6,7, 0.007033567296
1,2,7,0, 0.000598795360
1,2,7,1, 0.002681271709
1,2,7,4, 0.000772031885
1,2,7,5, 0.007543413488
1,2,7,6, 0.007033567296
1,2,7,9,-0.003347144866
1,2,9,2,-0.001097342236
1,2,9,7,-0.003347144866
1,3,0,3, 0.101353944495
1,3,0,8, 0.000598795360
1,3,1,3, 0.072461555243
1,3,1,8, 0.002681271709
1,3,3,0, 0.101353944495
1,3,3,1, 0.072461555243
1,3,3,5, 0.001260136526
1,3,3,6, 0.016670756197
1,3,3,9,-0.001097342236
1,3,4,8, 0.000772031885
1,3,5,3, 0.001260136526
1,3,5,8, 0.007543413488
1,3,6,3, 0.016670756197
1,3,6,8, 0.007033567296
1,3,8,0, 0.000598795360
1,3,8,1, 0.002681271709
1,3,8,4, 0.000772031885
1,3,8,5, 0.007543413488
1,3,8,6, 0.007033567296
1,3,8,9,-0.003347144866
1,3,9,3,-0.001097342236
1,3,9,8,-0.003347144866
1,4,0,4, 0.101353944495
1,4,0,5, 0.003724945748
1,4,0,6, 0.011004981597
1,4,0,9,-0.005150004587
1,4,1,4, 0.072461555243
1,4,1,5, 0.011271765760
1,4,1,6, 0.020517491917
1,4,1,9,-0.012037845969
1,4,2,7, 0.000772031885
1,4,3,8, 0.000772031885
1,4,4,0, 0.101353944495
1,4,4,1, 0.072461555243
1,4,4,5, 0.005730651734
1,4,4,6, 0.022183408807
1,4,4,9,-0.008292309674
1,4,5,0, 0.003724945748
1,4,5,1, 0.011271765760
1,4,5,4, 0.005730651734
1,4,5,5, 0.043790962534
1,4,5,6, 0.029421930200
1,4,5,9,-0.014722914015
1,4,6,0, 0.011004981597
1,4,6,1, 0.020517491917
1,4,6,4, 0.022183408807
1,4,6,5, 0.029421930200
1,4,6,6, 0.036733892837
1,4,6,9,-0.013329837061
1,4,7,2, 0.000772031885
1,4,7,7, 0.040600409750
1,4,8,3, 0.000772031885
1,4,8,8, 0.040600409750
1,4,9,0,-0.005150004587
1,4,9,1,-0.012037845969
1,4,9,4,-0.008292309674
1,4,9,5,-0.014722914015
1,4,9,6,-0.013329837061
1,4,9,9, 0.050104859112
1,5,0,0, 0.062674572669
1,5,0,1, 0.042324234743
1,5,0,4, 0.012520407689
1,5,0,5, 0.003900180546
1,5,0,6, 0.014176662856
1,5,0,9,-0.005441776952
1,5,1,0, 0.042324234743
1,5,1,1, 0.057853164241
1,5,1,4, 0.011271765760
1,5,1,5, 0.021386793845
1,5,1,6, 0.035878704569
1,5,1,9,-0.016834009370
1,5,2,2, 0.060496803532
1,5,2,7, 0.000811301703
1,5,3,3, 0.060496803532
1,5,3,8, 0.000811301703
1,5,4,0, 0.012520407689
1,5,4,1, 0.011271765760
1,5,4,4, 0.066472117013
1,5,4,5, 0.005091089226
1,5,4,6, 0.013011662804
1,5,4,9,-0.007773487091
1,5,5,0, 0.003900180546
1,5,5,1, 0.021386793845
1,5,5,4, 0.005091089226
1,5,5,5, 0.125821124170
1,5,5,6, 0.076141827841
1,5,5,9,-0.014436380891
1,5,6,0, 0.014176662856
1,5,6,1, 0.035878704569
1,5,6,4, 0.013011662804
1,5,6,5, 0.076141827841
1,5,6,6, 0.084545037451
1,5,6,9,-0.011004981597
1,5,7,2, 0.000811301703
1,5,7,7, 0.115929863258
1,5,8,3, 0.000811301703
1,5,8,8, 0.115929863258
1,5,9,0,-0.005441776952
1,5,9,1,-0.016834009370
1,5,9,4,-0.007773487091
1,5,9,5,-0.014436380891
1,5,9,6,-0.011004981597
1,5,9,9, 0.118960035025
1,6,0,0, 0.182225076543
1,6,0,1, 0.119288254197
1,6,0,4, 0.023792963667
1,6,0,5, 0.007791204554
1,6,0,6, 0.035878704569
1,6,0,9,-0.010462149598
1,6,1,0, 0.119288254197
1,6,1,1, 0.153020147539
1,6,1,4, 0.020517491917
1,6,1,5, 0.035878704569
1,6,1,6, 0.076892412112
1,6,1,9,-0.029762330588
1,6,2,2, 0.176909619134
1,6,2,7, 0.001665558935
1,6,3,3, 0.176909619134
1,6,3,8, 0.001665558935
1,6,4,0, 0.023792963667
1,6,4,1, 0.020517491917
1,6,4,4, 0.182532446161
1,6,4,5, 0.010462149598
1,6,4,6, 0.029762330588
1,6,4,9,-0.015370682581
1,6,5,0, 0.007791204554
1,6,5,1, 0.035878704569
1,6,5,4, 0.010462149598
1,6,5,5, 0.182225076543
1,6,5,6, 0.119288254197
1,6,5,9,-0.023792963667
1,6,6,0, 0.035878704569
1,6,6,1, 0.076892412112
1,6,6,4, 0.029762330588
1,6,6,5, 0.119288254197
1,6,6,6, 0.153020147539
1,6,6,9,-0.020517491917
1,6,7,2, 0.001665558935
1,6,7,7, 0.176909619134
1,6,8,3, 0.001665558935
1,6,8,8, 0.176909619134
1,6,9,0,-0.010462149598
1,6,9,1,-0.029762330588
1,6,9,4,-0.015370682581
1,6,9,5,-0.023792963667
1,6,9,6,-0.020517491917
1,6,9,9, 0.182532446161
1,7,0,2, 0.002916484309
1,7,0,7, 0.000429545049
1,7,1,2, 0.002681271709
1,7,1,7, 0.004411487736
1,7,2,0, 0.002916484309
1,7,2,1, 0.002681271709
1,7,2,4, 0.001461213667
1,7,2,5, 0.000236920706
1,7,2,6, 0.001048046442
1,7,2,9,-0.000309272133
1,7,4,2, 0.001461213667
1,7,4,7, 0.000410548684
1,7,5,2, 0.000236920706
1,7,5,7, 0.022978253897
1,7,6,2, 0.001048046442
1,7,6,7, 0.016670756197
1,7,7,0, 0.000429545049
1,7,7,1, 0.004411487736
1,7,7,4, 0.000410548684
1,7,7,5, 0.022978253897
1,7,7,6, 0.016670756197
1,7,7,9,-0.004500448709
1,7,9,2,-0.000309272133
1,7,9,7,-0.004500448709
1,8,0,3, 0.002916484309
1,8,0,8, 0.000429545049
1,8,1,3, 0.002681271709
1,8,1,8, 0.004411487736
1,8,3,0, 0.002916484309
1,8,3,1, 0.002681271709
1,8,3,4, 0.001461213667
1,8,3,5, 0.000236920706
1,8,3,6, 0.001048046442
1,8,3,9,-0.000309272133
1,8,4,3, 0.001461213667
1,8,4,8, 0.000410548684
1,8,5,3, 0.000236920706
1,8,5,8, 0.022978253897
1,8,6,3, 0.001048046442
1,8,6,8, 0.016670756197
1,8,8,0, 0.000429545049
1,8,8,1, 0.004411487736
1,8,8,4, 0.000410548684
1,8,8,5, 0.022978253897
1,8,8,6, 0.016670756197
1,8,8,9,-0.004500448709
1,8,9,3,-0.000309272133
1,8,9,8,-0.004500448709
1,9,0,0,-0.055832554860
1,9,0,1,-0.037566283949
1,9,0,4,-0.013466416968
1,9,0,5,-0.003714276123
1,9,0,6,-0.013011662804
1,9,0,9, 0.005377948813
1,9,1,0,-0.037566283949
1,9,1,1,-0.049747631089
1,9,1,4,-0.012037845969
1,9,1,5,-0.016834009370
1,9,1,6,-0.029762330588
1,9,1,9, 0.016843472354
1,9,2,2,-0.053159561435
1,9,2,7,-0.000775656913
1,9,3,3,-0.053159561435
1,9,3,8,-0.000775656913
1,9,4,0,-0.013466416968
1,9,4,1,-0.012037845969
1,9,4,4,-0.060862647039
1,9,4,5,-0.005032906247
1,9,4,6,-0.012619173173
1,9,4,9, 0.007839932195
1,9,5,0,-0.003714276123
1,9,5,1,-0.016834009370
1,9,5,4,-0.005032906247
1,9,5,5,-0.079884648520
1,9,5,6,-0.050302454932
1,9,5,9, 0.029914870871
1,9,6,0,-0.013011662804
1,9,6,1,-0.029762330588
1,9,6,4,-0.012619173173
1,9,6,5,-0.050302454932
1,9,6,6,-0.058174568885
1,9,6,9, 0.022183408807
1,9,7,2,-0.000775656913
1,9,7,7,-0.074061030700
1,9,8,3,-0.000775656913
1,9,8,8,-0.074061030700
1,9,9,0, 0.005377948813
1,9,9,1, 0.016843472354
1,9,9,4, 0.007839932195
1,9,9,5, 0.029914870871
1,9,9,6, 0.022183408807
1,9,9,9,-0.084231545537
2,0,0,2, 0.152608082603
2,0,0,7, 0.000689816404
2,0,1,2, 0.101353944495
2,0,1,7, 0.002916484309
2,0,2,0, 0.152608082603
2,0,2,1, 0.101353944495
2,0,2,5, 0.001635857083
2,0,2,6, 0.022978253897
2,0,2,9,-0.001366485042
2,0,4,7, 0.000902715993
2,0,5,2, 0.001635857083
2,0,5,7, 0.008064251612
2,0,6,2, 0.022978253897
2,0,6,7, 0.007543413488
2,0,7,0, 0.000689816404
2,0,7,1, 0.002916484309
2,0,7,4, 0.000902715993
2,0,7,5, 0.008064251612
2,0,7,6, 0.007543413488
2,0,7,9,-0.003604416451
2,0,9,2,-0.001366485042
2,0,9,7,-0.003604416451
2,1,0,2, 0.101353944495
2,1,0,7, 0.000598795360
2,1,1,2, 0.072461555243
2,1,1,7, 0.002681271709
2,1,2,0, 0.101353944495
2,1,2,1, 0.072461555243
2,1,2,5, 0.001260136526
2,1,2,6, 0.016670756197
2,1,2,9,-0.001097342236
2,1,4,7, 0.000772031885
2,1,5,2, 0.001260136526
2,1,5,7, 0.007543413488
2,1,6,2, 0.016670756197
2,1,6,7, 0.007033567296
2,1,7,0, 0.000598795360
2,1,7,1, 0.002681271709
2,1,7,4, 0.000772031885
2,1,7,5, 0.007543413488
2,1,7,6, 0.007033567296
2,1,7,9,-0.003347144866
2,1,9,2,-0.001097342236
2,1,9,7,-0.003347144866
2,2,0,0, 0.775037038942
2,2,0,1, 0.462081934851
2,2,0,5, 0.017210767377
2,2,0,6, 0.115929863258
2,2,0,9,-0.021337346172
2,2,1,0, 0.462081934851
2,2,1,1, 0.491073083906
2,2,1,5, 0.060496803532
2,2,1,6, 0.176909619134
2,2,1,9,-0.053159561435
2,2,2,2, 0.785718708997
2,2,2,7, 0.003602248916
2,2,3,3, 0.689508254834
2,2,3,8, 0.003451478696
2,2,4,4, 0.689508254834
2,2,4,5, 0.023417756403
2,2,4,6, 0.074061030700
2,2,4,9,-0.032341826185
2,2,5,0, 0.017210767377
2,2,5,1, 0.060496803532
2,2,5,4, 0.023417756403
2,2,5,5, 0.266197598376
2,2,5,6, 0.182211015272
2,2,5,9,-0.043335638102
2,2,6,0, 0.115929863258
2,2,6,1, 0.176909619134
2,2,6,4, 0.074061030700
2,2,6,5, 0.182211015272
2,2,6,6, 0.262228616609
2,2,6,9,-0.040600409750
2,2,7,2, 0.003602248916
2,2,7,7, 0.260814387727
2,2,8,3, 0.003451478696
2,2,8,8, 0.259735747862
2,2,9,0,-0.021337346172
2,2,9,1,-0.053159561435
2,2,9,4,-0.032341826185
2,2,9,5,-0.043335638102
2,2,9,6,-0.040600409750
2,2,9,9, 0.278062217307
2,3,2,3, 0.048105227081
2,3,2,8, 0.000075385110
2,3,3,2, 0.048105227081
2,3,3,7, 0.000075385110
2,3,7,3, 0.000075385110
2,3,7,8, 0.000539319933
2,3,8,2, 0.000075385110
2,3,8,7, 0.000539319933
2,4,0,7, 0.000419064817
2,4,1,7, 0.001461213667
2,4,2,4, 0.048105227081
2,4,2,5, 0.000874015622
2,4,2,6, 0.004500448709
2,4,2,9,-0.000873841924
2,4,4,2, 0.048105227081
2,4,4,7, 0.000594449118
2,4,5,2, 0.000874015622
2,4,5,7, 0.003604416451
2,4,6,2, 0.004500448709
2,4,6,7, 0.003347144866
2,4,7,0, 0.000419064817
2,4,7,1, 0.001461213667
2,4,7,4, 0.000594449118
2,4,7,5, 0.003604416451
2,4,7,6, 0.003347144866
2,4,7,9,-0.002143097599
2,4,9,2,-0.000873841924
2,4,9,7,-0.002143097599
2,5,0,2, 0.001635857083
2,5,0,7, 0.000051818333
2,5,1,2, 0.001260136526
2,5,1,7, 0.000236920706
2,5,2,0, 0.001635857083
2,5,2,1, 0.001260136526
2,5,2,4, 0.000874015622
2,5,2,5, 0.000067050519
2,5,2,6, 0.000429545049
2,5,2,9,-0.000076905081
2,5,4,2, 0.000874015622
2,5,4,7, 0.000067853106
2,5,5,2, 0.000067050519
2,5,5,7, 0.000689816404
2,5,6,2, 0.000429545049
2,5,6,7, 0.000598795360
2,5,7,0, 0.000051818333
2,5,7,1, 0.000236920706
2,5,7,4, 0.000067853106
2,5,7,5, 0.000689816404
2,5,7,6, 0.000598795360
2,5,7,9,-0.000419064817
2,5,9,2,-0.000076905081
2,5,9,7,-0.000419064817
2,6,0,2, 0.022978253897
2,6,0,7, 0.000236920706
2,6,1,2, 0.016670756197
2,6,1,7, 0.001048046442
2,6,2,0, 0.022978253897
2,6,2,1, 0.016670756197
2,6,2,4, 0.004500448709
2,6,2,5, 0.000429545049
2,6,2,6, 0.004411487736
2,6,2,9,-0.000410548684
2,6,4,2, 0.004500448709
2,6,4,7, 0.000309272133
2,6,5,2, 0.000429545049
2,6,5,7, 0.002916484309
2,6,6,2, 0.004411487736
2,6,6,7, 0.002681271709
2,6,7,0, 0.000236920706
2,6,7,1, 0.001048046442
2,6,7,4, 0.000309272133
2,6,7,5, 0.002916484309
2,6,7,6, 0.002681271709
2,6,7,9,-0.001461213667
2,6,9,2,-0.000410548684
2,6,9,7,-0.001461213667
2,7,0,0, 0.003695109549
2,7,0,1, 0.002440607942
2,7,0,4, 0.000902715993
2,7,0,5, 0.000199746320
2,7,0,6, 0.000811301703
2,7,0,9,-0.000279174621
2,7,1,0, 0.002440607942
2,7,1,1, 0.003075507646
2,7,1,4, 0.000772031885
2,7,1,5, 0.000811301703
2,7,1,6, 0.001665558935
2,7,1,9,-0.000775656913
2,7,2,2, 0.003602248916
2,7,2,7, 0.000046328297
2,7,3,3, 0.003451478696
2,7,3,8, 0.000040655444
2,7,4,0, 0.000902715993
2,7,4,1, 0.000772031885
2,7,4,4, 0.003970542705
2,7,4,5, 0.000279174621
2,7,4,6, 0.000775656913
2,7,4,9,-0.000419724969
2,7,5,0, 0.000199746320
2,7,5,1, 0.000811301703
2,7,5,4, 0.000279174621
2,7,5,5, 0.003695109549
2,7,5,6, 0.002440607942
2,7,5,9,-0.000902715993
2,7,6,0, 0.000811301703
2,7,6,1, 0.001665558935
2,7,6,4, 0.000775656913
2,7,6,5, 0.002440607942
2,7,6,6, 0.003075507646
2,7,6,9,-0.000772031885
2,7,7,2, 0.000046328297
2,7,7,7, 0.003602248916
2,7,8,3, 0.000040655444
2,7,8,8, 0.003451478696
2,7,9,0,-0.000279174621
2,7,9,1,-0.000775656913
2,7,9,4,-0.000419724969
2,7,9,5,-0.000902715993
2,7,9,6,-0.000772031885
2,7,9,9, 0.003970542705
2,8,2,3, 0.000075385110
2,8,2,8, 0.000002836426
2,8,3,2, 0.000075385110
2,8,3,7, 0.000002836426
2,8,7,3, 0.000002836426
2,8,7,8, 0.000075385110
2,8,8,2, 0.000002836426
2,8,8,7, 0.000075385110
2,9,0,2,-0.001366485042
2,9,0,7,-0.000067853106
2,9,1,2,-0.001097342236
2,9,1,7,-0.000309272133
2,9,2,0,-0.001366485042
2,9,2,1,-0.001097342236
2,9,2,4,-0.000873841924
2,9,2,5,-0.000076905081
2,9,2,6,-0.000410548684
2,9,2,9, 0.000094912509
2,9,4,2,-0.000873841924
2,9,4,7,-0.000089239656
2,9,5,2,-0.000076905081
2,9,5,7,-0.000902715993
2,9,6,2,-0.000410548684
2,9,6,7,-0.000772031885
2,9,7,0,-0.000067853106
2,9,7,1,-0.000309272133
2,9,7,4,-0.000089239656
2,9,7,5,-0.000902715993
2,9,7,6,-0.000772031885
2,9,7,9, 0.000594449118
2,9,9,2, 0.000094912509
2,9,9,7, 0.000594449118
3,0,0,3, 0.152608082603
3,0,0,8, 0.000689816404
3,0,1,3, 0.101353944495
3,0,1,8, 0.002916484309
3,0,3,0, 0.152608082603
3,0,3,1, 0.101353944495
3,0,3,5, 0.001635857083
3,0,3,6, 0.022978253897
3,0,3,9,-0.001366485042
3,0,4,8, 0.000902715993
3,0,5,3, 0.001635857083
3,0,5,8, 0.008064251612
3,0,6,3, 0.022978253897
3,0,6,8, 0.007543413488
3,0,8,0, 0.000689816404
3,0,8,1, 0.002916484309
3,0,8,4, 0.000902715993
3,0,8,5, 0.008064251612
3,0,8,6, 0.007543413488
3,0,8,9,-0.003604416451
3,0,9,3,-0.001366485042
3,0,9,8,-0.003604416451
3,1,0,3, 0.101353944495
3,1,0,8, 0.000598795360
3,1,1,3, 0.072461555243
3,1,1,8, 0.002681271709
3,1,3,0, 0.101353944495
3,1,3,1, 0.072461555243
3,1,3,5, 0.001260136526
3,1,3,6, 0.016670756197
3,1,3,9,-0.001097342236
3,1,4,8, 0.000772031885
3,1,5,3, 0.001260136526
3,1,5,8, 0.007543413488
3,1,6,3, 0.016670756197
3,1,6,8, 0.007033567296
3,1,8,0, 0.000598795360
3,1,8,1, 0.002681271709
3,1,8,4, 0.000772031885
3,1,8,5, 0.007543413488
3,1,8,6, 0.007033567296
3,1,8,9,-0.003347144866
3,1,9,3,-0.001097342236
3,1,9,8,-0.003347144866
3,2,2,3, 0.048105227081
3,2,2,8, 0.000075385110
3,2,3,2, 0.048105227081
3,2,3,7, 0.000075385110
3,2,7,3, 0.000075385110
3,2,7,8, 0.000539319933
3,2,8,2, 0.000075385110
3,2,8,7, 0.000539319933
3,3,0,0, 0.775037038942
3,3,0,1, 0.462081934851
3,3,0,5, 0.017210767377
3,3,0,6, 0.115929863258
3,3,0,9,-0.021337346172
3,3,1,0, 0.462081934851
3,3,1,1, 0.491073083906
3,3,1,5, 0.060496803532
3,3,1,6, 0.176909619134
3,3,1,9,-0.053159561435
3,3,2,2, 0.689508254834
3,3,2,7, 0.003451478696
3,3,3,3, 0.785718708997
3,3,3,8, 0.003602248916
3,3,4,4, 0.689508254834
3,3,4,5, 0.023417756403
3,3,4,6, 0.074061030700
3,3,4,9,-0.032341826185
3,3,5,0, 0.017210767377
3,3,5,1, 0.060496803532
3,3,5,4, 0.023417756403
3,3,5,5, 0.266197598376
3,3,5,6, 0.182211015272
3,3,5,9,-0.043335638102
3,3,6,0, 0.115929863258
3,3,6,1, 0.176909619134
3,3,6,4, 0.074061030700
3,3,6,5, 0.182211015272
3,3,6,6, 0.262228616609
3,3,6,9,-0.040600409750
3,3,7,2, 0.003451478696
3,3,7,7, 0.259735747862
3,3,8,3, 0.003602248916
3,3,8,8, 0.260814387727
3,3,9,0,-0.021337346172
3,3,9,1,-0.053159561435
3,3,9,4,-0.032341826185
3,3,9,5,-0.043335638102
3,3,9,6,-0.040600409750
3,3,9,9, 0.278062217307
3,4,0,8, 0.000419064817
3,4,1,8, 0.001461213667
3,4,3,4, 0.048105227081
3,4,3,5, 0.000874015622
3,4,3,6, 0.004500448709
3,4,3,9,-0.000873841924
3,4,4,3, 0.048105227081
3,4,4,8, 0.000594449118
3,4,5,3, 0.000874015622
3,4,5,8, 0.003604416451
3,4,6,3, 0.004500448709
3,4,6,8, 0.003347144866
3,4,8,0, 0.000419064817
3,4,8,1, 0.001461213667
3,4,8,4, 0.000594449118
3,4,8,5, 0.003604416451
3,4,8,6, 0.003347144866
3,4,8,9,-0.002143097599
3,4,9,3,-0.000873841924
3,4,9,8,-0.002143097599
3,5,0,3, 0.001635857083
3,5,0,8, 0.000051818333
3,5,1,3, 0.001260136526
3,5,1,8, 0.000236920706
3,5,3,0, 0.001635857083
3,5,3,1, 0.001260136526
3,5,3,4, 0.000874015622
3,5,3,5, 0.000067050519
3,5,3,6, 0.000429545049
3,5,3,9,-0.000076905081
3,5,4,3, 0.000874015622
3,5,4,8, 0.000067853106
3,5,5,3, 0.000067050519
3,5,5,8, 0.000689816404
3,5,6,3, 0.000429545049
3,5,6,8, 0.000598795360
3,5,8,0, 0.000051818333
3,5,8,1, 0.000236920706
3,5,8,4, 0.000067853106
3,5,8,5, 0.000689816404
3,5,8,6, 0.000598795360
3,5,8,9,-0.000419064817
3,5,9,3,-0.000076905081
3,5,9,8,-0.000419064817
3,6,0,3, 0.022978253897
3,6,0,8, 0.000236920706
3,6,1,3, 0.016670756197
3,6,1,8, 0.001048046442
3,6,3,0, 0.022978253897
3,6,3,1, 0.016670756197
3,6,3,4, 0.004500448709
3,6,3,5, 0.000429545049
3,6,3,6, 0.004411487736
3,6,3,9,-0.000410548684
3,6,4,3, 0.004500448709
3,6,4,8, 0.000309272133
3,6,5,3, 0.000429545049
3,6,5,8, 0.002916484309
3,6,6,3, 0.004411487736
3,6,6,8, 0.002681271709
3,6,8,0, 0.000236920706
3,6,8,1, 0.001048046442
3,6,8,4, 0.000309272133
3,6,8,5, 0.002916484309
3,6,8,6, 0.002681271709
3,6,8,9,-0.001461213667
3,6,9,3,-0.000410548684
3,6,9,8,-0.001461213667
3,7,2,3, 0.000075385110
3,7,2,8, 0.000002836426
3,7,3,2, 0.000075385110
3,7,3,7, 0.000002836426
3,7,7,3, 0.000002836426
3,7,7,8, 0.000075385110
3,7,8,2, 0.000002836426
3,7,8,7, 0.000075385110
3,8,0,0, 0.003695109549
3,8,0,1, 0.002440607942
3,8,0,4, 0.000902715993
3,8,0,5, 0.000199746320
3,8,0,6, 0.000811301703
3,8,0,9,-0.000279174621
3,8,1,0, 0.002440607942
3,8,1,1, 0.003075507646
3,8,1,4, 0.000772031885
3,8,1,5, 0.000811301703
3,8,1,6, 0.001665558935
3,8,1,9,-0.000775656913
3,8,2,2, 0.003451478696
3,8,2,7, 0.000040655444
3,8,3,3, 0.003602248916
3,8,3,8, 0.000046328297
3,8,4,0, 0.000902715993
3,8,4,1, 0.000772031885
3,8,4,4, 0.003970542705
3,8,4,5, 0.000279174621
3,8,4,6, 0.000775656913
3,8,4,9,-0.000419724969
3,8,5,0, 0.000199746320
3,8,5,1, 0.000811301703
3,8,5,4, 0.000279174621
3,8,5,5, 0.003695109549
3,8,5,6, 0.002440607942
3,8,5,9,-0.000902715993
3,8,6,0, 0.000811301703
3,8,6,1, 0.001665558935
3,8,6,4, 0.000775656913
3,8,6,5, 0.002440607942
3,8,6,6, 0.003075507646
3,8,6,9,-0.000772031885
3,8,7,2, 0.000040655444
3,8,7,7, 0.003451478696
3,8,8,3, 0.000046328297
3,8,8,8, 0.003602248916
3,8,9,0,-0.000279174621
3,8,9,1,-0.000775656913
3,8,9,4,-0.000419724969
3,8,9,5,-0.000902715993
3,8,9,6,-0.000772031885
3,8,9,9, 0.003970542705
3,9,0,3,-0.001366485042
3,9,0,8,-0.000067853106
3,9,1,3,-0.001097342236
3,9,1,8,-0.000309272133
3,9,3,0,-0.001366485042
3,9,3,1,-0.001097342236
3,9,3,4,-0.000873841924
3,9,3,5,-0.000076905081
3,9,3,6,-0.000410548684
3,9,3,9, 0.000094912509
3,9,4,3,-0.000873841924
3,9,4,8,-0.000089239656
3,9,5,3,-0.000076905081
3,9,5,8,-0.000902715993
3,9,6,3,-0.000410548684
3,9,6,8,-0.000772031885
3,9,8,0,-0.000067853106
3,9,8,1,-0.000309272133
3,9,8,4,-0.000089239656
3,9,8,5,-0.000902715993
3,9,8,6,-0.000772031885
3,9,8,9, 0.000594449118
3,9,9,3, 0.000094912509
3,9,9,8, 0.000594449118
4,0,0,4, 0.152608082603
4,0,0,5, 0.004555564212
4,0,0,6, 0.014436380891
4,0,0,9,-0.006121430757
4,0,1,4, 0.101353944495
4,0,1,5, 0.012520407689
4,0,1,6, 0.023792963667
4,0,1,9,-0.013466416968
4,0,2,7, 0.000902715993
4,0,3,8, 0.000902715993
4,0,4,0, 0.152608082603
4,0,4,1, 0.101353944495
4,0,4,5, 0.007086200583
4,0,4,6, 0.029914870871
4,0,4,9,-0.009977985296
4,0,5,0, 0.004555564212
4,0,5,1, 0.012520407689
4,0,5,4, 0.007086200583
4,0,5,5, 0.046861804669
4,0,5,6, 0.031719698945
4,0,5,9,-0.015999627192
4,0,6,0, 0.014436380891
4,0,6,1, 0.023792963667
4,0,6,4, 0.029914870871
4,0,6,5, 0.031719698945
4,0,6,6, 0.040349256324
4,0,6,9,-0.014722914015
4,0,7,2, 0.000902715993
4,0,7,7, 0.043335638102
4,0,8,3, 0.000902715993
4,0,8,8, 0.043335638102
4,0,9,0,-0.006121430757
4,0,9,1,-0.013466416968
4,0,9,4,-0.009977985296
4,0,9,5,-0.015999627192
4,0,9,6,-0.014722914015
4,0,9,9, 0.053964615571
4,1,0,4, 0.101353944495
4,1,0,5, 0.003724945748
4,1,0,6, 0.011004981597
4,1,0,9,-0.005150004587
4,1,1,4, 0.072461555243
4,1,1,5, 0.011271765760
4,1,1,6, 0.020517491917
4,1,1,9,-0.012037845969
4,1,2,7, 0.000772031885
4,1,3,8, 0.000772031885
4,1,4,0, 0.101353944495
4,1,4,1, 0.072461555243
4,1,4,5, 0.005730651734
4,1,4,6, 0.022183408807
4,1,4,9,-0.008292309674
4,1,5,0, 0.003724945748
4,1,5,1, 0.011271765760
4,1,5,4, 0.005730651734
4,1,5,5, 0.043790962534
4,1,5,6, 0.029421930200
4,1,5,9,-0.014722914015
4,1,6,0, 0.011004981597
4,1,6,1, 0.020517491917
4,1,6,4, 0.022183408807
4,1,6,5, 0.029421930200
4,1,6,6, 0.036733892837
4,1,6,9,-0.013329837061
4,1,7,2, 0.000772031885
4,1,7,7, 0.040600409750
4,1,8,3, 0.000772031885
4,1,8,8, 0.040600409750
4,1,9,0,-0.005150004587
4,1,9,1,-0.012037845969
4,1,9,4,-0.008292309674
4,1,9,5,-0.014722914015
4,1,9,6,-0.013329837061
4,1,9,9, 0.050104859112
4,2,0,7, 0.000419064817
4,2,1,7, 0.001461213667
4,2,2,4, 0.048105227081
4,2,2,5, 0.000874015622
4,2,2,6, 0.004500448709
4,2,2,9,-0.000873841924
4,2,4,2, 0.048105227081
4,2,4,7, 0.000594449118
4,2,5,2, 0.000874015622
4,2,5,7, 0.003604416451
4,2,6,2, 0.004500448709
4,2,6,7, 0.003347144866
4,2,7,0, 0.000419064817
4,2,7,1, 0.001461213667
4,2,7,4, 0.000594449118
4,2,7,5, 0.003604416451
4,2,7,6, 0.003347144866
4,2,7,9,-0.002143097599
4,2,9,2,-0.000873841924
4,2,9,7,-0.002143097599
4,3,0,8, 0.000419064817
4,3,1,8, 0.001461213667
4,3,3,4, 0.048105227081
4,3,3,5, 0.000874015622
4,3,3,6, 0.004500448709
4,3,3,9,-0.000873841924
4,3,4,3, 0.048105227081
4,3,4,8, 0.000594449118
4,3,5,3, 0.000874015622
4,3,5,8, 0.003604416451
4,3,6,3, 0.004500448709
4,3,6,8, 0.003347144866
4,3,8,0, 0.000419064817
4,3,8,1, 0.001461213667
4,3,8,4, 0.000594449118
4,3,8,5, 0.003604416451
4,3,8,6, 0.003347144866
4,3,8,9,-0.002143097599
4,3,9,3,-0.000873841924
4,3,9,8,-0.002143097599
4,4,0,0, 0.775037038942
4,4,0,1, 0.462081934851
4,4,0,5, 0.019638137587
4,4,0,6, 0.118960035025
4,4,0,9,-0.025122270967
4,4,1,0, 0.462081934851
4,4,1,1, 0.491073083906
4,4,1,5, 0.066472117013
4,4,1,6, 0.182532446161
4,4,1,9,-0.060862647039
4,4,2,2, 0.689508254834
4,4,2,7, 0.003970542705
4,4,3,3, 0.689508254834
4,4,3,8, 0.003970542705
4,4,4,4, 0.785718708997
4,4,4,5, 0.027720761423
4,4,4,6, 0.084231545537
4,4,4,9,-0.038964365137
4,4,5,0, 0.019638137587
4,4,5,1, 0.066472117013
4,4,5,4, 0.027720761423
4,4,5,5, 0.287080453648
4,4,5,6, 0.195945786990
4,4,5,9,-0.053964615571
4,4,6,0, 0.118960035025
4,4,6,1, 0.182532446161
4,4,6,4, 0.084231545537
4,4,6,5, 0.195945786990
4,4,6,6, 0.275961509547
4,4,6,9,-0.050104859112
4,4,7,2, 0.003970542705
4,4,7,7, 0.278062217307
4,4,8,3, 0.003970542705
4,4,8,8, 0.278062217307
4,4,9,0,-0.025122270967
4,4,9,1,-0.060862647039
4,4,9,4,-0.038964365137
4,4,9,5,-0.053964615571
4,4,9,6,-0.050104859112
4,4,9,9, 0.305238350966
4,5,0,0, 0.025252469786
4,5,0,1, 0.016309679401
4,5,0,4, 0.007086200583
4,5,0,5, 0.001341539167
4,5,0,6, 0.005441776952
4,5,0,9,-0.001896293239
4,5,1,0, 0.016309679401
4,5,1,1, 0.019701288411
4,5,1,4, 0.005730651734
4,5,1,5, 0.005091089226
4,5,1,6, 0.010462149598
4,5,1,9,-0.005032906247
4,5,2,2, 0.023417756403
4,5,2,7, 0.000279174621
4,5,3,3, 0.023417756403
4,5,3,8, 0.000279174621
4,5,4,0, 0.007086200583
4,5,4,1, 0.005730651734
4,5,4,4, 0.027720761423
4,5,4,5, 0.001928140825
4,5,4,6, 0.005377948813
4,5,4,9,-0.002922654604
4,5,5,0, 0.001341539167
4,5,5,1, 0.005091089226
4,5,5,4, 0.001928140825
4,5,5,5, 0.022848512126
4,5,5,6, 0.014986079401
4,5,5,9,-0.006121430757
4,5,6,0, 0.005441776952
4,5,6,1, 0.010462149598
4,5,6,4, 0.005377948813
4,5,6,5, 0.014986079401
4,5,6,6, 0.018730397187
4,5,6,9,-0.005150004587
4,5,7,2, 0.000279174621
4,5,7,7, 0.021337346172
4,5,8,3, 0.000279174621
4,5,8,8, 0.021337346172
4,5,9,0,-0.001896293239
4,5,9,1,-0.005032906247
4,5,9,4,-0.002922654604
4,5,9,5,-0.006121430757
4,5,9,6,-0.005150004587
4,5,9,9, 0.025122270967
4,6,0,0, 0.079884648520
4,6,0,1, 0.050302454932
4,6,0,4, 0.029914870871
4,6,0,5, 0.003714276123
4,6,0,6, 0.016834009370
4,6,0,9,-0.005032906247
4,6,1,0, 0.050302454932
4,6,1,1, 0.058174568885
4,6,1,4, 0.022183408807
4,6,1,5, 0.013011662804
4,6,1,6, 0.029762330588
4,6,1,9,-0.012619173173
4,6,2,2, 0.074061030700
4,6,2,7, 0.000775656913
4,6,3,3, 0.074061030700
4,6,3,8, 0.000775656913
4,6,4,0, 0.029914870871
4,6,4,1, 0.022183408807
4,6,4,4, 0.084231545537
4,6,4,5, 0.005377948813
4,6,4,6, 0.016843472354
4,6,4,9,-0.007839932195
4,6,5,0, 0.003714276123
4,6,5,1, 0.013011662804
4,6,5,4, 0.005377948813
4,6,5,5, 0.055832554860
4,6,5,6, 0.037566283949
4,6,5,9,-0.013466416968
4,6,6,0, 0.016834009370
4,6,6,1, 0.029762330588
4,6,6,4, 0.016843472354
4,6,6,5, 0.037566283949
4,6,6,6, 0.049747631089
4,6,6,9,-0.012037845969
4,6,7,2, 0.000775656913
4,6,7,7, 0.053159561435
4,6,8,3, 0.000775656913
4,6,8,8, 0.053159561435
4,6,9,0,-0.005032906247
4,6,9,1,-0.012619173173
4,6,9,4,-0.007839932195
4,6,9,5,-0.013466416968
4,6,9,6,-0.012037845969
4,6,9,9, 0.060862647039
4,7,0,2, 0.000902715993
4,7,0,7, 0.000076905081
4,7,1,2, 0.000772031885
4,7,1,7, 0.000410548684
4,7,2,0, 0.000902715993
4,7,2,1, 0.000772031885
4,7,2,4, 0.000594449118
4,7,2,5, 0.000067853106
4,7,2,6, 0.000309272133
4,7,2,9,-0.000089239656
4,7,4,2, 0.000594449118
4,7,4,7, 0.000094912509
4,7,5,2, 0.000067853106
4,7,5,7, 0.001366485042
4,7,6,2, 0.000309272133
4,7,6,7, 0.001097342236
4,7,7,0, 0.000076905081
4,7,7,1, 0.000410548684
4,7,7,4, 0.000094912509
4,7,7,5, 0.001366485042
4,7,7,6, 0.001097342236
4,7,7,9,-0.000873841924
4,7,9,2,-0.000089239656
4,7,9,7,-0.000873841924
4,8,0,3, 0.000902715993
4,8,0,8, 0.000076905081
4,8,1,3, 0.000772031885
4,8,1,8, 0.000410548684
4,8,3,0, 0.000902715993
4,8,3,1, 0.000772031885
4,8,3,4, 0.000594449118
4,8,3,5, 0.000067853106
4,8,3,6, 0.000309272133
4,8,3,9,-0.000089239656
4,8,4,3, 0.000594449118
4,8,4,8, 0.000094912509
4,8,5,3, 0.000067853106
4,8,5,8, 0.001366485042
4,8,6,3, 0.000309272133
4,8,6,8, 0.001097342236
4,8,8,0, 0.000076905081
4,8,8,1, 0.000410548684
4,8,8,4, 0.000094912509
4,8,8,5, 0.001366485042
4,8,8,6, 0.001097342236
4,8,8,9,-0.000873841924
4,8,9,3,-0.000089239656
4,8,9,8,-0.000873841924
4,9,0,0,-0.034860974004
4,9,0,1,-0.022782966458
4,9,0,4,-0.009977985296
4,9,0,5,-0.002027958702
4,9,0,6,-0.007773487091
4,9,0,9, 0.002922654604
4,9,1,0,-0.022782966458
4,9,1,1,-0.028012900554
4,9,1,4,-0.008292309674
4,9,1,5,-0.007773487091
4,9,1,6,-0.015370682581
4,9,1,9, 0.007839932195
4,9,2,2,-0.032341826185
4,9,2,7,-0.000419724969
4,9,3,3,-0.032341826185
4,9,3,8,-0.000419724969
4,9,4,0,-0.009977985296
4,9,4,1,-0.008292309674
4,9,4,4,-0.038964365137
4,9,4,5,-0.002922654604
4,9,4,6,-0.007839932195
4,9,4,9, 0.004505720957
4,9,5,0,-0.002027958702
4,9,5,1,-0.007773487091
4,9,5,4,-0.002922654604
4,9,5,5,-0.034860974004
4,9,5,6,-0.022782966458
4,9,5,9, 0.009977985296
4,9,6,0,-0.007773487091
4,9,6,1,-0.015370682581
4,9,6,4,-0.007839932195
4,9,6,5,-0.022782966458
4,9,6,6,-0.028012900554
4,9,6,9, 0.008292309674
4,9,7,2,-0.000419724969
4,9,7,7,-0.032341826185
4,9,8,3,-0.000419724969
4,9,8,8,-0.032341826185
4,9,9,0, 0.002922654604
4,9,9,1, 0.007839932195
4,9,9,4, 0.004505720957
4,9,9,5, 0.009977985296
4,9,9,6, 0.008292309674
4,9,9,9,-0.038964365137
5,0,0,0, 0.018466821156
5,0,0,1, 0.011895834005
5,0,0,4, 0.004555564212
5,0,0,5, 0.000955993875
5,0,0,6, 0.003900180546
5,0,0,9,-0.001341539167
5,0,1,0, 0.011895834005
5,0,1,1, 0.014537509085
5,0,1,4, 0.003724945748
5,0,1,5, 0.003900180546
5,0,1,6, 0.007791204554
5,0,1,9,-0.003714276123
5,0,2,2, 0.017210767377
5,0,2,7, 0.000199746320
5,0,3,3, 0.017210767377
5,0,3,8, 0.000199746320
5,0,4,0, 0.004555564212
5,0,4,1, 0.003724945748
5,0,4,4, 0.019638137587
5,0,4,5, 0.001341539167
5,0,4,6, 0.003714276123
5,0,4,9,-0.002027958702
5,0,5,0, 0.000955993875
5,0,5,1, 0.003900180546
5,0,5,4, 0.001341539167
5,0,5,5, 0.018466821156
5,0,5,6, 0.011895834005
5,0,5,9,-0.004555564212
5,0,6,0, 0.003900180546
5,0,6,1, 0.007791204554
5,0,6,4, 0.003714276123
5,0,6,5, 0.011895834005
5,0,6,6, 0.014537509085
5,0,6,9,-0.003724945748
5,0,7,2, 0.000199746320
5,0,7,7, 0.017210767377
5,0,8,3, 0.000199746320
5,0,8,8, 0.017210767377
5,0,9,0,-0.001341539167
5,0,9,1,-0.003714276123
5,0,9,4,-0.002027958702
5,0,9,5,-0.004555564212
5,0,9,6,-0.003724945748
5,0,9,9, 0.019638137587
5,1,0,0, 0.062674572669
5,1,0,1, 0.042324234743
5,1,0,4, 0.012520407689
5,1,0,5, 0.003900180546
5,1,0,6, 0.014176662856
5,1,0,9,-0.005441776952
5,1,1,0, 0.042324234743
5,1,1,1, 0.057853164241
5,1,1,4, 0.011271765760
5,1,1,5, 0.021386793845
5,1,1,6, 0.035878704569
5,1,1,9,-0.016834009370
5,1,2,2, 0.060496803532
5,1,2,7, 0.000811301703
5,1,3,3, 0.060496803532
5,1,3,8, 0.000811301703
5,1,4,0, 0.012520407689
5,1,4,1, 0.011271765760
5,1,4,4, 0.066472117013
5,1,4,5, 0.005091089226
5,1,4,6, 0.013011662804
5,1,4,9,-0.007773487091
5,1,5,0, 0.003900180546
5,1,5,1, 0.021386793845
5,1,5,4, 0.005091089226
5,1,5,5, 0.125821124170
5,1,5,6, 0.076141827841
5,1,5,9,-0.014436380891
5,1,6,0, 0.014176662856
5,1,6,1, 0.035878704569
5,1,6,4, 0.013011662804
5,1,6,5, 0.076141827841
5,1,6,6, 0.084545037451
5,1,6,9,-0.011004981597
5,1,7,2, 0.000811301703
5,1,7,7, 0.115929863258
5,1,8,3, 0.000811301703
5,1,8,8, 0.115929863258
5,1,9,0,-0.005441776952
5,1,9,1,-0.016834009370
5,1,9,4,-0.007773487091
5,1,9,5,-0.014436380891
5,1,9,6,-0.011004981597
5,1,9,9, 0.118960035025
5,2,0,2, 0.001635857083
5,2,0,7, 0.000051818333
5,2,1,2, 0.001260136526
5,2,1,7, 0.000236920706
5,2,2,0, 0.001635857083
5,2,2,1, 0.001260136526
5,2,2,4, 0.000874015622
5,2,2,5, 0.000067050519
5,2,2,6, 0.000429545049
5,2,2,9,-0.000076905081
5,2,4,2, 0.000874015622
5,2,4,7, 0.000067853106
5,2,5,2, 0.000067050519
5,2,5,7, 0.000689816404
5,2,6,2, 0.000429545049
5,2,6,7, 0.000598795360
5,2,7,0, 0.000051818333
5,2,7,1, 0.000236920706
5,2,7,4, 0.000067853106
5,2,7,5, 0.000689816404
5,2,7,6, 0.000598795360
5,2,7,9,-0.000419064817
5,2,9,2,-0.000076905081
5,2,9,7,-0.000419064817
5,3,0,3, 0.001635857083
5,3,0,8, 0.000051818333
5,3,1,3, 0.001260136526
5,3,1,8, 0.000236920706
5,3,3,0, 0.001635857083
5,3,3,1, 0.001260136526
5,3,3,4, 0.000874015622
5,3,3,5, 0.000067050519
5,3,3,6, 0.000429545049
5,3,3,9,-0.000076905081
5,3,4,3, 0.000874015622
5,3,4,8, 0.000067853106
5,3,5,3, 0.000067050519
5,3,5,8, 0.000689816404
5,3,6,3, 0.000429545049
5,3,6,8, 0.000598795360
5,3,8,0, 0.000051818333
5,3,8,1, 0.000236920706
5,3,8,4, 0.000067853106
5,3,8,5, 0.000689816404
5,3,8,6, 0.000598795360
5,3,8,9,-0.000419064817
5,3,9,3,-0.000076905081
5,3,9,8,-0.000419064817
5,4,0,0, 0.025252469786
5,4,0,1, 0.016309679401
5,4,0,4, 0.007086200583
5,4,0,5, 0.001341539167
5,4,0,6, 0.005441776952
5,4,0,9,-0.001896293239
5,4,1,0, 0.016309679401
5,4,1,1, 0.019701288411
5,4,1,4, 0.005730651734
5,4,1,5, 0.005091089226
5,4,1,6, 0.010462149598
5,4,1,9,-0.005032906247
5,4,2,2, 0.023417756403
5,4,2,7, 0.000279174621
5,4,3,3, 0.023417756403
5,4,3,8, 0.000279174621
5,4,4,0, 0.007086200583
5,4,4,1, 0.005730651734
5,4,4,4, 0.027720761423
5,4,4,5, 0.001928140825
5,4,4,6, 0.005377948813
5,4,4,9,-0.002922654604
5,4,5,0, 0.001341539167
5,4,5,1, 0.005091089226
5,4,5,4, 0.001928140825
5,4,5,5, 0.022848512126
5,4,5,6, 0.014986079401
5,4,5,9,-0.006121430757
5,4,6,0, 0.005441776952
5,4,6,1, 0.010462149598
5,4,6,4, 0.005377948813
5,4,6,5, 0.014986079401
5,4,6,6, 0.018730397187
5,4,6,9,-0.005150004587
5,4,7,2, 0.000279174621
5,4,7,7, 0.021337346172
5,4,8,3, 0.000279174621
5,4,8,8, 0.021337346172
5,4,9,0,-0.001896293239
5,4,9,1,-0.005032906247
5,4,9,4,-0.002922654604
5,4,9,5,-0.006121430757
5,4,9,6,-0.005150004587
5,4,9,9, 0.025122270967
5,5,0,0, 0.273154126529
5,5,0,1, 0.186841688032
5,5,0,4, 0.046861804669
5,5,0,5, 0.018466821156
5,5,0,6, 0.062674572669
5,5,0,9,-0.025252469786
5,5,1,0, 0.186841688032
5,5,1,1, 0.267645983534
5,5,1,4, 0.043790962534
5,5,1,5, 0.125821124170
5,5,1,6, 0.182225076543
5,5,1,9,-0.079884648520
5,5,2,2, 0.266197598376
5,5,2,7, 0.003695109549
5,5,3,3, 0.266197598376
5,5,3,8, 0.003695109549
5,5,4,0, 0.046861804669
5,5,4,1, 0.043790962534
5,5,4,4, 0.287080453648
5,5,4,5, 0.022848512126
5,5,4,6, 0.055832554860
5,5,4,9,-0.034860974004
5,5,5,0, 0.018466821156
5,5,5,1, 0.125821124170
5,5,5,4, 0.022848512126
5,5,5,5, 0.897251802255
5,5,5,6, 0.504699283325
5,5,6,0, 0.062674572669
5,5,6,1, 0.182225076543
5,5,6,4, 0.055832554860
5,5,6,5, 0.504699283325
5,5,6,6, 0.507364877272
5,5,7,2, 0.003695109549
5,5,7,7, 0.775037038942
5,5,8,3, 0.003695109549
5,5,8,8, 0.775037038942
5,5,9,0,-0.025252469786
5,5,9,1,-0.079884648520
5,5,9,4,-0.034860974004
5,5,9,9, 0.775037038942
5,6,0,0, 0.186841688032
5,6,0,1, 0.127547421909
5,6,0,4, 0.031719698945
5,6,0,5, 0.011895834005
5,6,0,6, 0.042324234743
5,6,0,9,-0.016309679401
5,6,1,0, 0.127547421909
5,6,1,1, 0.181396637977
5,6,1,4, 0.029421930200
5,6,1,5, 0.076141827841
5,6,1,6, 0.119288254197
5,6,1,9,-0.050302454932
5,6,2,2, 0.182211015272
5,6,2,7, 0.002440607942
5,6,3,3, 0.182211015272
5,6,3,8, 0.002440607942
5,6,4,0, 0.031719698945
5,6,4,1, 0.029421930200
5,6,4,4, 0.195945786990
5,6,4,5, 0.014986079401
5,6,4,6, 0.037566283949
5,6,4,9,-0.022782966458
5,6,5,0, 0.011895834005
5,6,5,1, 0.076141827841
5,6,5,4, 0.014986079401
5,6,5,5, 0.504699283325
5,6,5,6, 0.300015949963
5,6,6,0, 0.042324234743
5,6,6,1, 0.119288254197
5,6,6,4, 0.037566283949
5,6,6,5, 0.300015949963
5,6,6,6, 0.324022459289
5,6,7,2, 0.002440607942
5,6,7,7, 0.462081934851
5,6,8,3, 0.002440607942
5,6,8,8, 0.462081934851
5,6,9,0,-0.016309679401
5,6,9,1,-0.050302454932
5,6,9,4,-0.022782966458
5,6,9,9, 0.462081934851
5,7,0,2, 0.008064251612
5,7,0,7, 0.001635857083
5,7,1,2, 0.007543413488
5,7,1,7, 0.022978253897
5,7,2,0, 0.008064251612
5,7,2,1, 0.007543413488
5,7,2,4, 0.003604416451
5,7,2,5, 0.000689816404
5,7,2,6, 0.002916484309
5,7,2,9,-0.000902715993
5,7,4,2, 0.003604416451
5,7,4,7, 0.001366485042
5,7,5,2, 0.000689816404
5,7,5,7, 0.152608082603
5,7,6,2, 0.002916484309
5,7,6,7, 0.101353944495
5,7,7,0, 0.001635857083
5,7,7,1, 0.022978253897
5,7,7,4, 0.001366485042
5,7,7,5, 0.152608082603
5,7,7,6, 0.101353944495
5,7,9,2,-0.000902715993
5,8,0,3, 0.008064251612
5,8,0,8, 0.001635857083
5,8,1,3, 0.007543413488
5,8,1,8, 0.022978253897
5,8,3,0, 0.008064251612
5,8,3,1, 0.007543413488
5,8,3,4, 0.003604416451
5,8,3,5, 0.000689816404
5,8,3,6, 0.002916484309
5,8,3,9,-0.000902715993
5,8,4,3, 0.003604416451
5,8,4,8, 0.001366485042
5,8,5,3, 0.000689816404
5,8,5,8, 0.152608082603
5,8,6,3, 0.002916484309
5,8,6,8, 0.101353944495
5,8,8,0, 0.001635857083
5,8,8,1, 0.022978253897
5,8,8,4, 0.001366485042
5,8,8,5, 0.152608082603
5,8,8,6, 0.101353944495
5,8,9,3,-0.000902715993
5,9,0,0,-0.046861804669
5,9,0,1,-0.031719698945
5,9,0,4,-0.015999627192
5,9,0,5,-0.004555564212
5,9,0,6,-0.012520407689
5,9,0,9, 0.007086200583
5,9,1,0,-0.031719698945
5,9,1,1,-0.040349256324
5,9,1,4,-0.014722914015
5,9,1,5,-0.014436380891
5,9,1,6,-0.023792963667
5,9,1,9, 0.029914870871
5,9,2,2,-0.043335638102
5,9,2,7,-0.000902715993
5,9,3,3,-0.043335638102
5,9,3,8,-0.000902715993
5,9,4,0,-0.015999627192
5,9,4,1,-0.014722914015
5,9,4,4,-0.053964615571
5,9,4,5,-0.006121430757
5,9,4,6,-0.013466416968
5,9,4,9, 0.009977985296
5,9,5,0,-0.004555564212
5,9,5,1,-0.014436380891
5,9,5,4,-0.006121430757
5,9,5,9, 0.152608082603
5,9,6,0,-0.012520407689
5,9,6,1,-0.023792963667
5,9,6,4,-0.013466416968
5,9,6,9, 0.101353944495
5,9,7,2,-0.000902715993
5,9,8,3,-0.000902715993
5,9,9,0, 0.007086200583
5,9,9,1, 0.029914870871
5,9,9,4, 0.009977985296
5,9,9,5, 0.152608082603
5,9,9,6, 0.101353944495
6,0,0,0, 0.125821124170
6,0,0,1, 0.076141827841
6,0,0,4, 0.014436380891
6,0,0,5, 0.003900180546
6,0,0,6, 0.021386793845
6,0,0,9,-0.005091089226
6,0,1,0, 0.076141827841
6,0,1,1, 0.084545037451
6,0,1,4, 0.011004981597
6,0,1,5, 0.014176662856
6,0,1,6, 0.035878704569
6,0,1,9,-0.013011662804
6,0,2,2, 0.115929863258
6,0,2,7, 0.000811301703
6,0,3,3, 0.115929863258
6,0,3,8, 0.000811301703
6,0,4,0, 0.014436380891
6,0,4,1, 0.011004981597
6,0,4,4, 0.118960035025
6,0,4,5, 0.005441776952
6,0,4,6, 0.016834009370
6,0,4,9,-0.007773487091
6,0,5,0, 0.003900180546
6,0,5,1, 0.014176662856
6,0,5,4, 0.005441776952
6,0,5,5, 0.062674572669
6,0,5,6, 0.042324234743
6,0,5,9,-0.012520407689
6,0,6,0, 0.021386793845
6,0,6,1, 0.035878704569
6,0,6,4, 0.016834009370
6,0,6,5, 0.042324234743
6,0,6,6, 0.057853164241
6,0,6,9,-0.011271765760
6,0,7,2, 0.000811301703
6,0,7,7, 0.060496803532
6,0,8,3, 0.000811301703
6,0,8,8, 0.060496803532
6,0,9,0,-0.005091089226
6,0,9,1,-0.013011662804
6,0,9,4,-0.007773487091
6,0,9,5,-0.012520407689
6,0,9,6,-0.011271765760
6,0,9,9, 0.066472117013
6,1,0,0, 0.182225076543
6,1,0,1, 0.119288254197
6,1,0,4, 0.023792963667
6,1,0,5, 0.007791204554
6,1,0,6, 0.035878704569
6,1,0,9,-0.010462149598
6,1,1,0, 0.119288254197
6,1,1,1, 0.153020147539
6,1,1,4, 0.020517491917
6,1,1,5, 0.035878704569
6,1,1,6, 0.076892412112
6,1,1,9,-0.029762330588
6,1,2,2, 0.176909619134
6,1,2,7, 0.001665558935
6,1,3,3, 0.176909619134
6,1,3,8, 0.001665558935
6,1,4,0, 0.023792963667
6,1,4,1, 0.020517491917
6,1,4,4, 0.182532446161
6,1,4,5, 0.010462149598
6,1,4,6, 0.029762330588
6,1,4,9,-0.015370682581
6,1,5,0, 0.007791204554
6,1,5,1, 0.035878704569
6,1,5,4, 0.010462149598
6,1,5,5, 0.182225076543
6,1,5,6, 0.119288254197
6,1,5,9,-0.023792963667
6,1,6,0, 0.035878704569
6,1,6,1, 0.076892412112
6,1,6,4, 0.029762330588
6,1,6,5, 0.119288254197
6,1,6,6, 0.153020147539
6,1,6,9,-0.020517491917
6,1,7,2, 0.001665558935
6,1,7,7, 0.176909619134
6,1,8,3, 0.001665558935
6,1,8,8, 0.176909619134
6,1,9,0,-0.010462149598
6,1,9,1,-0.029762330588
6,1,9,4,-0.015370682581
6,1,9,5,-0.023792963667
6,1,9,6,-0.020517491917
6,1,9,9, 0.182532446161
6,2,0,2, 0.022978253897
6,2,0,7, 0.000236920706
6,2,1,2, 0.016670756197
6,2,1,7, 0.001048046442
6,2,2,0, 0.022978253897
6,2,2,1, 0.016670756197
6,2,2,4, 0.004500448709
6,2,2,5, 0.000429545049
6,2,2,6, 0.004411487736
6,2,2,9,-0.000410548684
6,2,4,2, 0.004500448709
6,2,4,7, 0.000309272133
6,2,5,2, 0.000429545049
6,2,5,7, 0.002916484309
6,2,6,2, 0.004411487736
6,2,6,7, 0.002681271709
6,2,7,0, 0.000236920706
6,2,7,1, 0.001048046442
6,2,7,4, 0.000309272133
6,2,7,5, 0.002916484309
6,2,7,6, 0.002681271709
6,2,7,9,-0.001461213667
6,2,9,2,-0.000410548684
6,2,9,7,-0.001461213667
6,3,0,3, 0.022978253897
6,3,0,8, 0.000236920706
6,3,1,3, 0.016670756197
6,3,1,8, 0.001048046442
6,3,3,0, 0.022978253897
6,3,3,1, 0.016670756197
6,3,3,4, 0.004500448709
6,3,3,5, 0.000429545049
6,3,3,6, 0.004411487736
6,3,3,9,-0.000410548684
6,3,4,3, 0.004500448709
6,3,4,8, 0.000309272133
6,3,5,3, 0.000429545049
6,3,5,8, 0.002916484309
6,3,6,3, 0.004411487736
6,3,6,8, 0.002681271709
6,3,8,0, 0.000236920706
6,3,8,1, 0.001048046442
6,3,8,4, 0.000309272133
6,3,8,5, 0.002916484309
6,3,8,6, 0.002681271709
6,3,8,9,-0.001461213667
6,3,9,3,-0.000410548684
6,3,9,8,-0.001461213667
6,4,0,0, 0.079884648520
6,4,0,1, 0.050302454932
6,4,0,4, 0.029914870871
6,4,0,5, 0.003714276123
6,4,0,6, 0.016834009370
6,4,0,9,-0.005032906247
6,4,1,0, 0.050302454932
6,4,1,1, 0.058174568885
6,4,1,4, 0.022183408807
6,4,1,5, 0.013011662804
6,4,1,6, 0.029762330588
6,4,1,9,-0.012619173173
6,4,2,2, 0.074061030700
6,4,2,7, 0.000775656913
6,4,3,3, 0.074061030700
6,4,3,8, 0.000775656913
6,4,4,0, 0.029914870871
6,4,4,1, 0.022183408807
6,4,4,4, 0.084231545537
6,4,4,5, 0.005377948813
6,4,4,6, 0.016843472354
6,4,4,9,-0.007839932195
6,4,5,0, 0.003714276123
6,4,5,1, 0.013011662804
6,4,5,4, 0.005377948813
6,4,5,5, 0.055832554860
6,4,5,6, 0.037566283949
6,4,5,9,-0.013466416968
6,4,6,0, 0.016834009370
6,4,6,1, 0.029762330588
6,4,6,4, 0.016843472354
6,4,6,5, 0.037566283949
6,4,6,6, 0.049747631089
6,4,6,9,-0.012037845969
6,4,7,2, 0.000775656913
6,4,7,7, 0.053159561435
6,4,8,3, 0.000775656913
6,4,8,8, 0.053159561435
6,4,9,0,-0.005032906247
6,4,9,1,-0.012619173173
6,4,9,4,-0.007839932195
6,4,9,5,-0.013466416968
6,4,9,6,-0.012037845969
6,4,9,9, 0.060862647039
6,5,0,0, 0.186841688032
6,5,0,1, 0.127547421909
6,5,0,4, 0.031719698945
6,5,0,5, 0.011895834005
6,5,0,6, 0.042324234743
6,5,0,9,-0.016309679401
6,5,1,0, 0.127547421909
6,5,1,1, 0.181396637977
6,5,1,4, 0.029421930200
6,5,1,5, 0.076141827841
6,5,1,6, 0.119288254197
6,5,1,9,-0.050302454932
6,5,2,2, 0.182211015272
6,5,2,7, 0.002440607942
6,5,3,3, 0.182211015272
6,5,3,8, 0.002440607942
6,5,4,0, 0.031719698945
6,5,4,1, 0.029421930200
6,5,4,4, 0.195945786990
6,5,4,5, 0.014986079401
6,5,4,6, 0.037566283949
6,5,4,9,-0.022782966458
6,5,5,0, 0.011895834005
6,5,5,1, 0.076141827841
6,5,5,4, 0.014986079401
6,5,5,5, 0.504699283325
6,5,5,6, 0.300015949963
6,5,6,0, 0.042324234743
6,5,6,1, 0.119288254197
6,5,6,4, 0.037566283949
6,5,6,5, 0.300015949963
6,5,6,6, 0.324022459289
6,5,7,2, 0.002440607942
6,5,7,7, 0.462081934851
6,5,8,3, 0.002440607942
6,5,8,8, 0.462081934851
6,5,9,0,-0.016309679401
6,5,9,1,-0.050302454932
6,5,9,4,-0.022782966458
6,5,9,9, 0.462081934851
6,6,0,0, 0.267645983534
6,6,0,1, 0.181396637977
6,6,0,4, 0.040349256324
6,6,0,5, 0.014537509085
6,6,0,6, 0.057853164241
6,6,0,9,-0.019701288411
6,6,1,0, 0.181396637977
6,6,1,1, 0.253928679515
6,6,1,4, 0.036733892837
6,6,1,5, 0.084545037451
6,6,1,6, 0.153020147539
6,6,1,9,-0.058174568885
6,6,2,2, 0.262228616609
6,6,2,7, 0.003075507646
6,6,3,3, 0.262228616609
6,6,3,8, 0.003075507646
6,6,4,0, 0.040349256324
6,6,4,1, 0.036733892837
6,6,4,4, 0.275961509547
6,6,4,5, 0.018730397187
6,6,4,6, 0.049747631089
6,6,4,9,-0.028012900554
6,6,5,0, 0.014537509085
6,6,5,1, 0.084545037451
6,6,5,4, 0.018730397187
6,6,5,5, 0.507364877272
6,6,5,6, 0.324022459289
6,6,6,0, 0.057853164241
6,6,6,1, 0.153020147539
6,6,6,4, 0.049747631089
6,6,6,5, 0.324022459289
6,6,6,6, 0.394125899248
6,6,7,2, 0.003075507646
6,6,7,7, 0.491073083906
6,6,8,3, 0.003075507646
6,6,8,8, 0.491073083906
6,6,9,0,-0.019701288411
6,6,9,1,-0.058174568885
6,6,9,4,-0.028012900554
6,6,9,9, 0.491073083906
6,7,0,2, 0.007543413488
6,7,0,7, 0.001260136526
6,7,1,2, 0.007033567296
6,7,1,7, 0.016670756197
6,7,2,0, 0.007543413488
6,7,2,1, 0.007033567296
6,7,2,4, 0.003347144866
6,7,2,5, 0.000598795360
6,7,2,6, 0.002681271709
6,7,2,9,-0.000772031885
6,7,4,2, 0.003347144866
6,7,4,7, 0.001097342236
6,7,5,2, 0.000598795360
6,7,5,7, 0.101353944495
6,7,6,2, 0.002681271709
6,7,6,7, 0.072461555243
6,7,7,0, 0.001260136526
6,7,7,1, 0.016670756197
6,7,7,4, 0.001097342236
6,7,7,5, 0.101353944495
6,7,7,6, 0.072461555243
6,7,9,2,-0.000772031885
6,8,0,3, 0.007543413488
6,8,0,8, 0.001260136526
6,8,1,3, 0.007033567296
6,8,1,8, 0.016670756197
6,8,3,0, 0.007543413488
6,8,3,1, 0.007033567296
6,8,3,4, 0.003347144866
6,8,3,5, 0.000598795360
6,8,3,6, 0.002681271709
6,8,3,9,-0.000772031885
6,8,4,3, 0.003347144866
6,8,4,8, 0.001097342236
6,8,5,3, 0.000598795360
6,8,5,8, 0.101353944495
6,8,6,3, 0.002681271709
6,8,6,8, 0.072461555243
6,8,8,0, 0.001260136526
6,8,8,1, 0.016670756197
6,8,8,4, 0.001097342236
6,8,8,5, 0.101353944495
6,8,8,6, 0.072461555243
6,8,9,3,-0.000772031885
6,9,0,0,-0.043790962534
6,9,0,1,-0.029421930200
6,9,0,4,-0.014722914015
6,9,0,5,-0.003724945748
6,9,0,6,-0.011271765760
6,9,0,9, 0.005730651734
6,9,1,0,-0.029421930200
6,9,1,1,-0.036733892837
6,9,1,4,-0.013329837061
6,9,1,5,-0.011004981597
6,9,1,6,-0.020517491917
6,9,1,9, 0.022183408807
6,9,2,2,-0.040600409750
6,9,2,7,-0.000772031885
6,9,3,3,-0.040600409750
6,9,3,8,-0.000772031885
6,9,4,0,-0.014722914015
6,9,4,1,-0.013329837061
6,9,4,4,-0.050104859112
6,9,4,5,-0.005150004587
6,9,4,6,-0.012037845969
6,9,4,9, 0.008292309674
6,9,5,0,-0.003724945748
6,9,5,1,-0.011004981597
6,9,5,4,-0.005150004587
6,9,5,9, 0.101353944495
6,9,6,0,-0.011271765760
6,9,6,1,-0.020517491917
6,9,6,4,-0.012037845969
6,9,6,9, 0.072461555243
6,9,7,2,-0.000772031885
6,9,8,3,-0.000772031885
6,9,9,0, 0.005730651734
6,9,9,1, 0.022183408807
6,9,9,4, 0.008292309674
6,9,9,5, 0.101353944495
6,9,9,6, 0.072461555243
7,0,0,2, 0.000689816404
7,0,0,7, 0.000067050519
7,0,1,2, 0.000598795360
7,0,1,7, 0.000429545049
7,0,2,0, 0.000689816404
7,0,2,1, 0.000598795360
7,0,2,4, 0.000419064817
7,0,2,5, 0.000051818333
7,0,2,6, 0.000236920706
7,0,2,9,-0.000067853106
7,0,4,2, 0.000419064817
7,0,4,7, 0.000076905081
7,0,5,2, 0.000051818333
7,0,5,7, 0.001635857083
7,0,6,2, 0.000236920706
7,0,6,7, 0.001260136526
7,0,7,0, 0.000067050519
7,0,7,1, 0.000429545049
7,0,7,4, 0.000076905081
7,0,7,5, 0.001635857083
7,0,7,6, 0.001260136526
7,0,7,9,-0.000874015622
7,0,9,2,-0.000067853106
7,0,9,7,-0.000874015622
7,1,0,2, 0.002916484309
7,1,0,7, 0.000429545049
7,1,1,2, 0.002681271709
7,1,1,7, 0.004411487736
7,1,2,0, 0.002916484309
7,1,2,1, 0.002681271709
7,1,2,4, 0.001461213667
7,1,2,5, 0.000236920706
7,1,2,6, 0.001048046442
7,1,2,9,-0.000309272133
7,1,4,2, 0.001461213667
7,1,4,7, 0.000410548684
7,1,5,2, 0.000236920706
7,1,5,7, 0.022978253897
7,1,6,2, 0.001048046442
7,1,6,7, 0.016670756197
7,1,7,0, 0.000429545049
7,1,7,1, 0.004411487736
7,1,7,4, 0.000410548684
7,1,7,5, 0.022978253897
7,1,7,6, 0.016670756197
7,1,7,9,-0.004500448709
7,1,9,2,-0.000309272133
7,1,9,7,-0.004500448709
7,2,0,0, 0.003695109549
7,2,0,1, 0.002440607942
7,2,0,4, 0.000902715993
7,2,0,5, 0.000199746320
7,2,0,6, 0.000811301703
7,2,0,9,-0.000279174621
7,2,1,0, 0.002440607942
7,2,1,1, 0.003075507646
7,2,1,4, 0.000772031885
7,2,1,5, 0.000811301703
7,2,1,6, 0.001665558935
7,2,1,9,-0.000775656913
7,2,2,2, 0.003602248916
7,2,2,7, 0.000046328297
7,2,3,3, 0.003451478696
7,2,3,8, 0.000040655444
7,2,4,0, 0.000902715993
7,2,4,1, 0.000772031885
7,2,4,4, 0.003970542705
7,2,4,5, 0.000279174621
7,2,4,6, 0.000775656913
7,2,4,9,-0.000419724969
7,2,5,0, 0.000199746320
7,2,5,1, 0.000811301703
7,2,5,4, 0.000279174621
7,2,5,5, 0.003695109549
7,2,5,6, 0.002440607942
7,2,5,9,-0.000902715993
7,2,6,0, 0.000811301703
7,2,6,1, 0.001665558935
7,2,6,4, 0.000775656913
7,2,6,5, 0.002440607942
7,2,6,6, 0.003075507646
7,2,6,9,-0.000772031885
7,2,7,2, 0.000046328297
7,2,7,7, 0.003602248916
7,2,8,3, 0.000040655444
7,2,8,8, 0.003451478696
7,2,9,0,-0.000279174621
7,2,9,1,-0.000775656913
7,2,9,4,-0.000419724969
7,2,9,5,-0.000902715993
7,2,9,6,-0.000772031885
7,2,9,9, 0.003970542705
7,3,2,3, 0.000075385110
7,3,2,8, 0.000002836426
7,3,3,2, 0.000075385110
7,3,3,7, 0.000002836426
7,3,7,3, 0.000002836426
7,3,7,8, 0.000075385110
7,3,8,2, 0.000002836426
7,3,8,7, 0.000075385110
7,4,0,2, 0.000902715993
7,4,0,7, 0.000076905081
7,4,1,2, 0.000772031885
7,4,1,7, 0.000410548684
7,4,2,0, 0.000902715993
7,4,2,1, 0.000772031885
7,4,2,4, 0.000594449118
7,4,2,5, 0.000067853106
7,4,2,6, 0.000309272133
7,4,2,9,-0.000089239656
7,4,4,2, 0.000594449118
7,4,4,7, 0.000094912509
7,4,5,2, 0.000067853106
7,4,5,7, 0.001366485042
7,4,6,2, 0.000309272133
7,4,6,7, 0.001097342236
7,4,7,0, 0.000076905081
7,4,7,1, 0.000410548684
7,4,7,4, 0.000094912509
7,4,7,5, 0.001366485042
7,4,7,6, 0.001097342236
7,4,7,9,-0.000873841924
7,4,9,2,-0.000089239656
7,4,9,7,-0.000873841924
7,5,0,2, 0.008064251612
7,5,0,7, 0.001635857083
7,5,1,2, 0.007543413488
7,5,1,7, 0.022978253897
7,5,2,0, 0.008064251612
7,5,2,1, 0.007543413488
7,5,2,4, 0.003604416451
7,5,2,5, 0.000689816404
7,5,2,6, 0.002916484309
7,5,2,9,-0.000902715993
7,5,4,2, 0.003604416451
7,5,4,7, 0.001366485042
7,5,5,2, 0.000689816404
7,5,5,7, 0.152608082603
7,5,6,2, 0.002916484309
7,5,6,7, 0.101353944495
7,5,7,0, 0.001635857083
7,5,7,1, 0.022978253897
7,5,7,4, 0.001366485042
7,5,7,5, 0.152608082603
7,5,7,6, 0.101353944495
7,5,9,2,-0.000902715993
7,6,0,2, 0.007543413488
7,6,0,7, 0.001260136526
7,6,1,2, 0.007033567296
7,6,1,7, 0.016670756197
7,6,2,0, 0.007543413488
7,6,2,1, 0.007033567296
7,6,2,4, 0.003347144866
7,6,2,5, 0.000598795360
7,6,2,6, 0.002681271709
7,6,2,9,-0.000772031885
7,6,4,2, 0.003347144866
7,6,4,7, 0.001097342236
7,6,5,2, 0.000598795360
7,6,5,7, 0.101353944495
7,6,6,2, 0.002681271709
7,6,6,7, 0.072461555243
7,6,7,0, 0.001260136526
7,6,7,1, 0.016670756197
7,6,7,4, 0.001097342236
7,6,7,5, 0.101353944495
7,6,7,6, 0.072461555243
7,6,9,2,-0.000772031885
7,7,0,0, 0.266197598376
7,7,0,1, 0.182211015272
7,7,0,4, 0.043335638102
7,7,0,5, 0.017210767377
7,7,0,6, 0.060496803532
7,7,0,9,-0.023417756403
7,7,1,0, 0.182211015272
7,7,1,1, 0.262228616609
7,7,1,4, 0.040600409750
7,7,1,5, 0.115929863258
7,7,1,6, 0.176909619134
7,7,1,9,-0.074061030700
7,7,2,2, 0.260814387727
7,7,2,7, 0.003602248916
7,7,3,3, 0.259735747862
7,7,3,8, 0.003451478696
7,7,4,0, 0.043335638102
7,7,4,1, 0.040600409750
7,7,4,4, 0.278062217307
7,7,4,5, 0.021337346172
7,7,4,6, 0.053159561435
7,7,4,9,-0.032341826185
7,7,5,0, 0.017210767377
7,7,5,1, 0.115929863258
7,7,5,4, 0.021337346172
7,7,5,5, 0.775037038942
7,7,5,6, 0.462081934851
7,7,6,0, 0.060496803532
7,7,6,1, 0.176909619134
7,7,6,4, 0.053159561435
7,7,6,5, 0.462081934851
7,7,6,6, 0.491073083906
7,7,7,2, 0.003602248916
7,7,7,7, 0.785718708997
7,7,8,3, 0.003451478696
7,7,8,8, 0.689508254834
7,7,9,0,-0.023417756403
7,7,9,1,-0.074061030700
7,7,9,4,-0.032341826185
7,7,9,9, 0.689508254834
7,8,2,3, 0.000539319933
7,8,2,8, 0.000075385110
7,8,3,2, 0.000539319933
7,8,3,7, 0.000075385110
7,8,7,3, 0.000075385110
7,8,7,8, 0.048105227081
7,8,8,2, 0.000075385110
7,8,8,7, 0.048105227081
7,9,0,2,-0.003604416451
7,9,0,7,-0.000874015622
7,9,1,2,-0.003347144866
7,9,1,7,-0.004500448709
7,9,2,0,-0.003604416451
7,9,2,1,-0.003347144866
7,9,2,4,-0.002143097599
7,9,2,5,-0.000419064817
7,9,2,6,-0.001461213667
7,9,2,9, 0.000594449118
7,9,4,2,-0.002143097599
7,9,4,7,-0.000873841924
7,9,5,2,-0.000419064817
7,9,6,2,-0.001461213667
7,9,7,0,-0.000874015622
7,9,7,1,-0.004500448709
7,9,7,4,-0.000873841924
7,9,7,9, 0.048105227081
7,9,9,2, 0.000594449118
7,9,9,7, 0.048105227081
8,0,0,3, 0.000689816404
8,0,0,8, 0.000067050519
8,0,1,3, 0.000598795360
8,0,1,8, 0.000429545049
8,0,3,0, 0.000689816404
8,0,3,1, 0.000598795360
8,0,3,4, 0.000419064817
8,0,3,5, 0.000051818333
8,0,3,6, 0.000236920706
8,0,3,9,-0.000067853106
8,0,4,3, 0.000419064817
8,0,4,8, 0.000076905081
8,0,5,3, 0.000051818333
8,0,5,8, 0.001635857083
8,0,6,3, 0.000236920706
8,0,6,8, 0.001260136526
8,0,8,0, 0.000067050519
8,0,8,1, 0.000429545049
8,0,8,4, 0.000076905081
8,0,8,5, 0.001635857083
8,0,8,6, 0.001260136526
8,0,8,9,-0.000874015622
8,0,9,3,-0.000067853106
8,0,9,8,-0.000874015622
8,1,0,3, 0.002916484309
8,1,0,8, 0.000429545049
8,1,1,3, 0.002681271709
8,1,1,8, 0.004411487736
8,1,3,0, 0.002916484309
8,1,3,1, 0.002681271709
8,1,3,4, 0.001461213667
8,1,3,5, 0.000236920706
8,1,3,6, 0.001048046442
8,1,3,9,-0.000309272133
8,1,4,3, 0.001461213667
8,1,4,8, 0.000410548684
8,1,5,3, 0.000236920706
8,1,5,8, 0.022978253897
8,1,6,3, 0.001048046442
8,1,6,8, 0.016670756197
8,1,8,0, 0.000429545049
8,1,8,1, 0.004411487736
8,1,8,4, 0.000410548684
8,1,8,5, 0.022978253897
8,1,8,6, 0.016670756197
8,1,8,9,-0.004500448709
8,1,9,3,-0.000309272133
8,1,9,8,-0.004500448709
8,2,2,3, 0.000075385110
8,2,2,8, 0.000002836426
8,2,3,2, 0.000075385110
8,2,3,7, 0.000002836426
8,2,7,3, 0.000002836426
8,2,7,8, 0.000075385110
8,2,8,2, 0.000002836426
8,2,8,7, 0.000075385110
8,3,0,0, 0.003695109549
8,3,0,1, 0.002440607942
8,3,0,4, 0.000902715993
8,3,0,5, 0.000199746320
8,3,0,6, 0.000811301703
8,3,0,9,-0.000279174621
8,3,1,0, 0.002440607942
8,3,1,1, 0.003075507646
8,3,1,4, 0.000772031885
8,3,1,5, 0.000811301703
8,3,1,6, 0.001665558935
8,3,1,9,-0.000775656913
8,3,2,2, 0.003451478696
8,3,2,7, 0.000040655444
8,3,3,3, 0.003602248916
8,3,3,8, 0.000046328297
8,3,4,0, 0.000902715993
8,3,4,1, 0.000772031885
8,3,4,4, 0.003970542705
8,3,4,5, 0.000279174621
8,3,4,6, 0.000775656913
8,3,4,9,-0.000419724969
8,3,5,0, 0.000199746320
8,3,5,1, 0.000811301703
8,3,5,4, 0.000279174621
8,3,5,5, 0.003695109549
8,3,5,6, 0.002440607942
8,3,5,9,-0.000902715993
8,3,6,0, 0.000811301703
8,3,6,1, 0.001665558935
8,3,6,4, 0.000775656913
8,3,6,5, 0.002440607942
8,3,6,6, 0.003075507646
8,3,6,9,-0.000772031885
8,3,7,2, 0.000040655444
8,3,7,7, 0.003451478696
8,3,8,3, 0.000046328297
8,3,8,8, 0.003602248916
8,3,9,0,-0.000279174621
8,3,9,1,-0.000775656913
8,3,9,4,-0.000419724969
8,3,9,5,-0.000902715993
8,3,9,6,-0.000772031885
8,3,9,9, 0.003970542705
8,4,0,3, 0.000902715993
8,4,0,8, 0.000076905081
8,4,1,3, 0.000772031885
8,4,1,8, 0.000410548684
8,4,3,0, 0.000902715993
8,4,3,1, 0.000772031885
8,4,3,4, 0.000594449118
8,4,3,5, 0.000067853106
8,4,3,6, 0.000309272133
8,4,3,9,-0.000089239656
8,4,4,3, 0.000594449118
8,4,4,8, 0.000094912509
8,4,5,3, 0.000067853106
8,4,5,8, 0.001366485042
8,4,6,3, 0.000309272133
8,4,6,8, 0.001097342236
8,4,8,0, 0.000076905081
8,4,8,1, 0.000410548684
8,4,8,4, 0.000094912509
8,4,8,5, 0.001366485042
8,4,8,6, 0.001097342236
8,4,8,9,-0.000873841924
8,4,9,3,-0.000089239656
8,4,9,8,-0.000873841924
8,5,0,3, 0.008064251612
8,5,0,8, 0.001635857083
8,5,1,3, 0.007543413488
8,5,1,8, 0.022978253897
8,5,3,0, 0.008064251612
8,5,3,1, 0.007543413488
8,5,3,4, 0.003604416451
8,5,3,5, 0.000689816404
8,5,3,6, 0.002916484309
8,5,3,9,-0.000902715993
8,5,4,3, 0.003604416451
8,5,4,8, 0.001366485042
8,5,5,3, 0.000689816404
8,5,5,8, 0.152608082603
8,5,6,3, 0.002916484309
8,5,6,8, 0.101353944495
8,5,8,0, 0.001635857083
8,5,8,1, 0.022978253897
8,5,8,4, 0.001366485042
8,5,8,5, 0.152608082603
8,5,8,6, 0.101353944495
8,5,9,3,-0.000902715993
8,6,0,3, 0.007543413488
8,6,0,8, 0.001260136526
8,6,1,3, 0.007033567296
8,6,1,8, 0.016670756197
8,6,3,0, 0.007543413488
8,6,3,1, 0.007033567296
8,6,3,4, 0.003347144866
8,6,3,5, 0.000598795360
8,6,3,6, 0.002681271709
8,6,3,9,-0.000772031885
8,6,4,3, 0.003347144866
8,6,4,8, 0.001097342236
8,6,5,3, 0.000598795360
8,6,5,8, 0.101353944495
8,6,6,3, 0.002681271709
8,6,6,8, 0.072461555243
8,6,8,0, 0.001260136526
8,6,8,1, 0.016670756197
8,6,8,4, 0.001097342236
8,6,8,5, 0.101353944495
8,6,8,6, 0.072461555243
8,6,9,3,-0.000772031885
8,7,2,3, 0.000539319933
8,7,2,8, 0.000075385110
8,7,3,2, 0.000539319933
8,7,3,7, 0.000075385110
8,7,7,3, 0.000075385110
8,7,7,8, 0.048105227081
8,7,8,2, 0.000075385110
8,7,8,7, 0.048105227081
8,8,0,0, 0.266197598376
8,8,0,1, 0.182211015272
8,8,0,4, 0.043335638102
8,8,0,5, 0.017210767377
8,8,0,6, 0.060496803532
8,8,0,9,-0.023417756403
8,8,1,0, 0.182211015272
8,8,1,1, 0.262228616609
8,8,1,4, 0.040600409750
8,8,1,5, 0.115929863258
8,8,1,6, 0.176909619134
8,8,1,9,-0.074061030700
8,8,2,2, 0.259735747862
8,8,2,7, 0.003451478696
8,8,3,3, 0.260814387727
8,8,3,8, 0.003602248916
8,8,4,0, 0.043335638102
8,8,4,1, 0.040600409750
8,8,4,4, 0.278062217307
8,8,4,5, 0.021337346172
8,8,4,6, 0.053159561435
8,8,4,9,-0.032341826185
8,8,5,0, 0.017210767377
8,8,5,1, 0.115929863258
8,8,5,4, 0.021337346172
8,8,5,5, 0.775037038942
8,8,5,6, 0.462081934851
8,8,6,0, 0.060496803532
8,8,6,1, 0.176909619134
8,8,6,4, 0.053159561435
8,8,6,5, 0.462081934851
8,8,6,6, 0.491073083906
8,8,7,2, 0.003451478696
8,8,7,7, 0.689508254834
8,8,8,3, 0.003602248916
8,8,8,8, 0.785718708997
8,8,9,0,-0.023417756403
8,8,9,1,-0.074061030700
8,8,9,4,-0.032341826185
8,8,9,9, 0.689508254834
8,9,0,3,-0.003604416451
8,9,0,8,-0.000874015622
8,9,1,3,-0.003347144866
8,9,1,8,-0.004500448709
8,9,3,0,-0.003604416451
8,9,3,1,-0.003347144866
8,9,3,4,-0.002143097599
8,9,3,5,-0.000419064817
8,9,3,6,-0.001461213667
8,9,3,9, 0.000594449118
8,9,4,3,-0.002143097599
8,9,4,8,-0.000873841924
8,9,5,3,-0.000419064817
8,9,6,3,-0.001461213667
8,9,8,0,-0.000874015622
8,9,8,1,-0.004500448709
8,9,8,4,-0.000873841924
8,9,8,9, 0.048105227081
8,9,9,3, 0.000594449118
8,9,9,8, 0.048105227081
9,0,0,0,-0.022848512126
9,0,0,1,-0.014986079401
9,0,0,4,-0.006121430757
9,0,0,5,-0.001341539167
9,0,0,6,-0.005091089226
9,0,0,9, 0.001928140825
9,0,1,0,-0.014986079401
9,0,1,1,-0.018730397187
9,0,1,4,-0.005150004587
9,0,1,5,-0.005441776952
9,0,1,6,-0.010462149598
9,0,1,9, 0.005377948813
9,0,2,2,-0.021337346172
9,0,2,7,-0.000279174621
9,0,3,3,-0.021337346172
9,0,3,8,-0.000279174621
9,0,4,0,-0.006121430757
9,0,4,1,-0.005150004587
9,0,4,4,-0.025122270967
9,0,4,5,-0.001896293239
9,0,4,6,-0.005032906247
9,0,4,9, 0.002922654604
9,0,5,0,-0.001341539167
9,0,5,1,-0.005441776952
9,0,5,4,-0.001896293239
9,0,5,5,-0.025252469786
9,0,5,6,-0.016309679401
9,0,5,9, 0.007086200583
9,0,6,0,-0.005091089226
9,0,6,1,-0.010462149598
9,0,6,4,-0.005032906247
9,0,6,5,-0.016309679401
9,0,6,6,-0.019701288411
9,0,6,9, 0.005730651734
9,0,7,2,-0.000279174621
9,0,7,7,-0.023417756403
9,0,8,3,-0.000279174621
9,0,8,8,-0.023417756403
9,0,9,0, 0.001928140825
9,0,9,1, 0.005377948813
9,0,9,4, 0.002922654604
9,0,9,5, 0.007086200583
9,0,9,6, 0.005730651734
9,0,9,9,-0.027720761423
9,1,0,0,-0.055832554860
9,1,0,1,-0.037566283949
9,1,0,4,-0.013466416968
9,1,0,5,-0.003714276123
9,1,0,6,-0.013011662804
9,1,0,9, 0.005377948813
9,1,1,0,-0.037566283949
9,1,1,1,-0.049747631089
9,1,1,4,-0.012037845969
9,1,1,5,-0.016834009370
9,1,1,6,-0.029762330588
9,1,1,9, 0.016843472354
9,1,2,2,-0.053159561435
9,1,2,7,-0.000775656913
9,1,3,3,-0.053159561435
9,1,3,8,-0.000775656913
9,1,4,0,-0.013466416968
9,1,4,1,-0.012037845969
9,1,4,4,-0.060862647039
9,1,4,5,-0.005032906247
9,1,4,6,-0.012619173173
9,1,4,9, 0.007839932195
9,1,5,0,-0.003714276123
9,1,5,1,-0.016834009370
9,1,5,4,-0.005032906247
9,1,5,5,-0.079884648520
9,1,5,6,-0.050302454932
9,1,5,9, 0.029914870871
9,1,6,0,-0.013011662804
9,1,6,1,-0.029762330588
9,1,6,4,-0.012619173173
9,1,6,5,-0.050302454932
9,1,6,6,-0.058174568885
9,1,6,9, 0.022183408807
9,1,7,2,-0.000775656913
9,1,7,7,-0.074061030700
9,1,8,3,-0.000775656913
9,1,8,8,-0.074061030700
9,1,9,0, 0.005377948813
9,1,9,1, 0.016843472354
9,1,9,4, 0.007839932195
9,1,9,5, 0.029914870871
9,1,9,6, 0.022183408807
9,1,9,9,-0.084231545537
9,2,0,2,-0.001366485042
9,2,0,7,-0.000067853106
9,2,1,2,-0.001097342236
9,2,1,7,-0.000309272133
9,2,2,0,-0.001366485042
9,2,2,1,-0.001097342236
9,2,2,4,-0.000873841924
9,2,2,5,-0.000076905081
9,2,2,6,-0.000410548684
9,2,2,9, 0.000094912509
9,2,4,2,-0.000873841924
9,2,4,7,-0.000089239656
9,2,5,2,-0.000076905081
9,2,5,7,-0.000902715993
9,2,6,2,-0.000410548684
9,2,6,7,-0.000772031885
9,2,7,0,-0.000067853106
9,2,7,1,-0.000309272133
9,2,7,4,-0.000089239656
9,2,7,5,-0.000902715993
9,2,7,6,-0.000772031885
9,2,7,9, 0.000594449118
9,2,9,2, 0.000094912509
9,2,9,7, 0.000594449118
9,3,0,3,-0.001366485042
9,3,0,8,-0.000067853106
9,3,1,3,-0.001097342236
9,3,1,8,-0.000309272133
9,3,3,0,-0.001366485042
9,3,3,1,-0.001097342236
9,3,3,4,-0.000873841924
9,3,3,5,-0.000076905081
9,3,3,6,-0.000410548684
9,3,3,9, 0.000094912509
9,3,4,3,-0.000873841924
9,3,4,8,-0.000089239656
9,3,5,3,-0.000076905081
9,3,5,8,-0.000902715993
9,3,6,3,-0.000410548684
9,3,6,8,-0.000772031885
9,3,8,0,-0.000067853106
9,3,8,1,-0.000309272133
9,3,8,4,-0.000089239656
9,3,8,5,-0.000902715993
9,3,8,6,-0.000772031885
9,3,8,9, 0.000594449118
9,3,9,3, 0.000094912509
9,3,9,8, 0.000594449118
9,4,0,0,-0.034860974004
9,4,0,1,-0.022782966458
9,4,0,4,-0.009977985296
9,4,0,5,-0.002027958702
9,4,0,6,-0.007773487091
9,4,0,9, 0.002922654604
9,4,1,0,-0.022782966458
9,4,1,1,-0.028012900554
9,4,1,4,-0.008292309674
9,4,1,5,-0.007773487091
9,4,1,6,-0.015370682581
9,4,1,9, 0.007839932195
9,4,2,2,-0.032341826185
9,4,2,7,-0.000419724969
9,4,3,3,-0.032341826185
9,4,3,8,-0.000419724969
9,4,4,0,-0.009977985296
9,4,4,1,-0.008292309674
9,4,4,4,-0.038964365137
9,4,4,5,-0.002922654604
9,4,4,6,-0.007839932195
9,4,4,9, 0.004505720957
9,4,5,0,-0.002027958702
9,4,5,1,-0.007773487091
9,4,5,4,-0.002922654604
9,4,5,5,-0.034860974004
9,4,5,6,-0.022782966458
9,4,5,9, 0.009977985296
9,4,6,0,-0.007773487091
9,4,6,1,-0.015370682581
9,4,6,4,-0.007839932195
9,4,6,5,-0.022782966458
9,4,6,6,-0.028012900554
9,4,6,9, 0.008292309674
9,4,7,2,-0.000419724969
9,4,7,7,-0.032341826185
9,4,8,3,-0.000419724969
9,4,8,8,-0.032341826185
9,4,9,0, 0.002922654604
9,4,9,1, 0.007839932195
9,4,9,4, 0.004505720957
9,4,9,5, 0.009977985296
9,4,9,6, 0.008292309674
9,4,9,9,-0.038964365137
9,5,0,0,-0.046861804669
9,5,0,1,-0.031719698945
9,5,0,4,-0.015999627192
9,5,0,5,-0.004555564212
9,5,0,6,-0.012520407689
9,5,0,9, 0.007086200583
9,5,1,0,-0.031719698945
9,5,1,1,-0.040349256324
9,5,1,4,-0.014722914015
9,5,1,5,-0.014436380891
9,5,1,6,-0.023792963667
9,5,1,9, 0.029914870871
9,5,2,2,-0.043335638102
9,5,2,7,-0.000902715993
9,5,3,3,-0.043335638102
9,5,3,8,-0.000902715993
9,5,4,0,-0.015999627192
9,5,4,1,-0.014722914015
9,5,4,4,-0.053964615571
9,5,4,5,-0.006121430757
9,5,4,6,-0.013466416968
9,5,4,9, 0.009977985296
9,5,5,0,-0.004555564212
9,5,5,1,-0.014436380891
9,5,5,4,-0.006121430757
9,5,5,9, 0.152608082603
9,5,6,0,-0.012520407689
9,5,6,1,-0.023792963667
9,5,6,4,-0.013466416968
9,5,6,9, 0.101353944495
9,5,7,2,-0.000902715993
9,5,8,3,-0.000902715993
9,5,9,0, 0.007086200583
9,5,9,1, 0.029914870871
9,5,9,4, 0.009977985296
9,5,9,5, 0.152608082603
9,5,9,6, 0.101353944495
9,6,0,0,-0.043790962534
9,6,0,1,-0.029421930200
9,6,0,4,-0.014722914015
9,6,0,5,-0.003724945748
9,6,0,6,-0.011271765760
9,6,0,9, 0.005730651734
9,6,1,0,-0.029421930200
9,6,1,1,-0.036733892837
9,6,1,4,-0.013329837061
9,6,1,5,-0.011004981597
9,6,1,6,-0.020517491917
9,6,1,9, 0.022183408807
9,6,2,2,-0.040600409750
9,6,2,7,-0.000772031885
9,6,3,3,-0.040600409750
9,6,3,8,-0.000772031885
9,6,4,0,-0.014722914015
9,6,4,1,-0.013329837061
9,6,4,4,-0.050104859112
9,6,4,5,-0.005150004587
9,6,4,6,-0.012037845969
9,6,4,9, 0.008292309674
9,6,5,0,-0.003724945748
9,6,5,1,-0.011004981597
9,6,5,4,-0.005150004587
9,6,5,9, 0.101353944495
9,6,6,0,-0.011271765760
9,6,6,1,-0.020517491917
9,6,6,4,-0.012037845969
9,6,6,9, 0.072461555243
9,6,7,2,-0.000772031885
9,6,8,3,-0.000772031885
9,6,9,0, 0.005730651734
9,6,9,1, 0.022183408807
9,6,9,4, 0.008292309674
9,6,9,5, 0.101353944495
9,6,9,6, 0.072461555243
9,7,0,2,-0.003604416451
9,7,0,7,-0.000874015622
9,7,1,2,-0.003347144866
9,7,1,7,-0.004500448709
9,7,2,0,-0.003604416451
9,7,2,1,-0.003347144866
9,7,2,4,-0.002143097599
9,7,2,5,-0.000419064817
9,7,2,6,-0.001461213667
9,7,2,9, 0.000594449118
9,7,4,2,-0.002143097599
9,7,4,7,-0.000873841924
9,7,5,2,-0.000419064817
9,7,6,2,-0.001461213667
9,7,7,0,-0.000874015622
9,7,7,1,-0.004500448709
9,7,7,4,-0.000873841924
9,7,7,9, 0.048105227081
9,7,9,2, 0.000594449118
9,7,9,7, 0.048105227081
9,8,0,3,-0.003604416451
9,8,0,8,-0.000874015622
9,8,1,3,-0.003347144866
9,8,1,8,-0.004500448709
9,8,3,0,-0.003604416451
9,8,3,1,-0.003347144866
9,8,3,4,-0.002143097599
9,8,3,5,-0.000419064817
9,8,3,6,-0.001461213667
9,8,3,9, 0.000594449118
9,8,4,3,-0.002143097599
9,8,4,8,-0.000873841924
9,8,5,3,-0.000419064817
9,8,6,3,-0.001461213667
9,8,8,0,-0.000874015622
9,8,8,1,-0.004500448709
9,8,8,4,-0.000873841924
9,8,8,9, 0.048105227081
9,8,9,3, 0.000594449118
9,8,9,8, 0.048105227081
9,9,0,0, 0.287080453648
9,9,0,1, 0.195945786990
9,9,0,4, 0.053964615571
9,9,0,5, 0.019638137587
9,9,0,6, 0.066472117013
9,9,0,9,-0.027720761423
9,9,1,0, 0.195945786990
9,9,1,1, 0.275961509547
9,9,1,4, 0.050104859112
9,9,1,5, 0.118960035025
9,9,1,6, 0.182532446161
9,9,1,9,-0.084231545537
9,9,2,2, 0.278062217307
9,9,2,7, 0.003970542705
9,9,3,3, 0.278062217307
9,9,3,8, 0.003970542705
9,9,4,0, 0.053964615571
9,9,4,1, 0.050104859112
9,9,4,4, 0.305238350966
9,9,4,5, 0.025122270967
9,9,4,6, 0.060862647039
9,9,4,9,-0.038964365137
9,9,5,0, 0.019638137587
9,9,5,1, 0.118960035025
9,9,5,4, 0.025122270967
9,9,5,5, 0.775037038942
9,9,5,6, 0.462081934851
9,9,6,0, 0.066472117013
9,9,6,1, 0.182532446161
9,9,6,4, 0.060862647039
9,9,6,5, 0.462081934851
9,9,6,6, 0.491073083906
9,9,7,2, 0.003970542705
9,9,7,7, 0.689508254834
9,9,8,3, 0.003970542705
9,9,8,8, 0.689508254834
9,9,9,0,-0.027720761423
9,9,9,1,-0.084231545537
9,9,9,4,-0.038964365137
9,9,9,9, 0.785718708997
