0,0,0,0, 0.897251802255
0,0,0,1, 0.504699283325
0,0,0,5, 0.048274833010
0,0,0,6, 0.183753972095
0,0,0,9,-0.065135930263
0,0,1,0, 0.504699283325
0,0,1,1, 0.507364877272
0,0,1,5, 0.102963704029
0,0,1,6, 0.240164094284
0,0,1,9,-0.087869457589
0,0,2,2, 0.775037038942
0,0,2,7, 0.015495674680
0,0,3,3, 0.775037038942
0,0,3,8, 0.015495674680
0,0,4,4, 0.775037038942
0,0,4,5, 0.064363419300
0,0,4,6, 0.100807698536
0,0,4,9,-0.103307923989
0,0,5,0, 0.048274833010
0,0,5,1, 0.102963704029
0,0,5,4, 0.064363419300
0,0,5,5, 0.320008379873
0,0,5,6, 0.218115932883
0,0,5,9,-0.063815471820
0,0,6,0, 0.183753972095
0,0,6,1, 0.240164094284
0,0,6,4, 0.100807698536
0,0,6,5, 0.218115932883
0,0,6,6, 0.305167737429
0,0,6,9,-0.059001903249
0,0,7,2, 0.015495674680
0,0,7,7, 0.309066393757
0,0,8,3, 0.015495674680
0,0,8,8, 0.309066393757
0,0,9,0,-0.065135930263
0,0,9,1,-0.087869457589
0,0,9,4,-0.103307923989
0,0,9,5,-0.063815471820
0,0,9,6,-0.059001903249
0,0,9,9, 0.341725643880
0,1,0,0, 0.504699283325
0,1,0,1, 0.300015949963
0,1,0,5, 0.030443919206
0,1,0,6, 0.110675719884
0,1,0,9,-0.041393134005
0,1,1,0, 0.300015949963
0,1,1,1, 0.324022459289
0,1,1,5, 0.068713248174
0,1,1,6, 0.156294271660
0,1,1,9,-0.057702679479
0,1,2,2, 0.462081934851
0,1,2,7, 0.010068475919
0,1,3,3, 0.462081934851
0,1,3,8, 0.010068475919
0,1,4,4, 0.462081934851
0,1,4,5, 0.041092517511
0,1,4,6, 0.063353632896
0,1,4,9,-0.066079388419
0,1,5,0, 0.030443919206
0,1,5,1, 0.068713248174
0,1,5,4, 0.041092517511
0,1,5,5, 0.218115932883
0,1,5,6, 0.148012924470
0,1,5,9,-0.042053579820
0,1,6,0, 0.110675719884
0,1,6,1, 0.156294271660
0,1,6,4, 0.063353632896
0,1,6,5, 0.148012924470
0,1,6,6, 0.205228985257
0,1,6,9,-0.038348645753
0,1,7,2, 0.010068475919
0,1,7,7, 0.211135612600
0,1,8,3, 0.010068475919
0,1,8,8, 0.211135612600
0,1,9,0,-0.041393134005
0,1,9,1,-0.057702679479
0,1,9,4,-0.066079388419
0,1,9,5,-0.042053579820
0,1,9,6,-0.038348645753
0,1,9,9, 0.231095341273
0,2,0,2, 0.152608082603
0,2,0,7, 0.002738150514
0,2,1,2, 0.101353944495
0,2,1,7, 0.006573378478
0,2,2,0, 0.152608082603
0,2,2,1, 0.101353944495
0,2,2,5, 0.005341962174
0,2,2,6, 0.034467500398
0,2,2,9,-0.005971943386
0,2,4,7, 0.003772354492
0,2,5,2, 0.005341962174
0,2,5,7, 0.012926525038
0,2,6,2, 0.034467500398
0,2,6,7, 0.011970725689
0,2,7,0, 0.002738150514
0,2,7,1, 0.006573378478
0,2,7,4, 0.003772354492
0,2,7,5, 0.012926525038
0,2,7,6, 0.011970725689
0,2,7,9,-0.006680611855
0,2,9,2,-0.005971943386
0,2,9,7,-0.006680611855
0,3,0,3, 0.152608082603
0,3,0,8, 0.002738150514
0,3,1,3, 0.101353944495
0,3,1,8, 0.006573378478
0,3,3,0, 0.152608082603
0,3,3,1, 0.101353944495
0,3,3,5, 0.005341962174
0,3,3,6, 0.034467500398
0,3,3,9,-0.005971943386
0,3,4,8, 0.003772354492
0,3,5,3, 0.005341962174
0,3,5,8, 0.012926525038
0,3,6,3, 0.034467500398
0,3,6,8, 0.011970725689
0,3,8,0, 0.002738150514
0,3,8,1, 0.006573378478
0,3,8,4, 0.003772354492
0,3,8,5, 0.012926525038
0,3,8,6, 0.011970725689
0,3,8,9,-0.006680611855
0,3,9,3,-0.005971943386
0,3,9,8,-0.006680611855
0,4,0,4, 0.152608082603
0,4,0,5, 0.011491065969
0,4,0,6, 0.018223536481
0,4,0,9,-0.017789909871
0,4,1,4, 0.101353944495
0,4,1,5, 0.021955062910
0,4,1,6, 0.028150862272
0,4,1,9,-0.023554174562
0,4,2,7, 0.003772354492
0,4,3,8, 0.003772354492
0,4,4,0, 0.152608082603
0,4,4,1, 0.101353944495
0,4,4,5, 0.018341147130
0,4,4,6, 0.042008197778
0,4,4,9,-0.030578256450
0,4,5,0, 0.011491065969
0,4,5,1, 0.021955062910
0,4,5,4, 0.018341147130
0,4,5,5, 0.063815471820
0,4,5,6, 0.042053579820
0,4,5,9,-0.024728680207
0,4,6,0, 0.018223536481
0,4,6,1, 0.028150862272
0,4,6,4, 0.042008197778
0,4,6,5, 0.042053579820
0,4,6,6, 0.047529519724
0,4,6,9,-0.021700114461
0,4,7,2, 0.003772354492
0,4,7,7, 0.057625866913
0,4,8,3, 0.003772354492
0,4,8,8, 0.057625866913
0,4,9,0,-0.017789909871
0,4,9,1,-0.023554174562
0,4,9,4,-0.030578256450
0,4,9,5,-0.024728680207
0,4,9,6,-0.021700114461
0,4,9,9, 0.075960519458
0,5,0,0, 0.048274833010
0,5,0,1, 0.030443919206
0,5,0,4, 0.011491065969
0,5,0,5, 0.005298593576
0,5,0,6, 0.013616226780
0,5,0,9,-0.007641809536
0,5,1,0, 0.030443919206
0,5,1,1, 0.035888680165
0,5,1,4, 0.009090813570
0,5,1,5, 0.013616226780
0,5,1,6, 0.022882086490
0,5,1,9,-0.011691051441
0,5,2,2, 0.044537676970
0,5,2,7, 0.001775469781
0,5,3,3, 0.044537676970
0,5,3,8, 0.001775469781
0,5,4,0, 0.011491065969
0,5,4,1, 0.009090813570
0,5,4,4, 0.050224518290
0,5,4,5, 0.007641809536
0,5,4,6, 0.011691051441
0,5,4,9,-0.012635372030
0,5,5,0, 0.005298593576
0,5,5,1, 0.013616226780
0,5,5,4, 0.007641809536
0,5,5,5, 0.048274833010
0,5,5,6, 0.030443919206
0,5,5,9,-0.011491065969
0,5,6,0, 0.013616226780
0,5,6,1, 0.022882086490
0,5,6,4, 0.011691051441
0,5,6,5, 0.030443919206
0,5,6,6, 0.035888680165
0,5,6,9,-0.009090813570
0,5,7,2, 0.001775469781
0,5,7,7, 0.044537676970
0,5,8,3, 0.001775469781
0,5,8,8, 0.044537676970
0,5,9,0,-0.007641809536
0,5,9,1,-0.011691051441
0,5,9,4,-0.012635372030
0,5,9,5,-0.011491065969
0,5,9,6,-0.009090813570
0,5,9,9, 0.050224518290
0,6,0,0, 0.183753972095
0,6,0,1, 0.110675719884
0,6,0,4, 0.018223536481
0,6,0,5, 0.013616226780
0,6,0,6, 0.043930622009
0,6,0,9,-0.018945369576
0,6,1,0, 0.110675719884
0,6,1,1, 0.121982869846
0,6,1,4, 0.013815640148
0,6,1,5, 0.031739773967
0,6,1,6, 0.065348544653
0,6,1,9,-0.027140470189
0,6,2,2, 0.169023627313
0,6,2,7, 0.004562664448
0,6,3,3, 0.169023627313
0,6,3,8, 0.004562664448
0,6,4,0, 0.018223536481
0,6,4,1, 0.013815640148
0,6,4,4, 0.172310934272
0,6,4,5, 0.018897727515
0,6,4,6, 0.030150990469
0,6,4,9,-0.030665788016
0,6,5,0, 0.013616226780
0,6,5,1, 0.031739773967
0,6,5,4, 0.018897727515
0,6,5,5, 0.102963704029
0,6,5,6, 0.068713248174
0,6,5,9,-0.021955062910
0,6,6,0, 0.043930622009
0,6,6,1, 0.065348544653
0,6,6,4, 0.030150990469
0,6,6,5, 0.068713248174
0,6,6,6, 0.090897347423
0,6,6,9,-0.019269249135
0,6,7,2, 0.004562664448
0,6,7,7, 0.098675165801
0,6,8,3, 0.004562664448
0,6,8,8, 0.098675165801
0,6,9,0,-0.018945369576
0,6,9,1,-0.027140470189
0,6,9,4,-0.030665788016
0,6,9,5,-0.021955062910
0,6,9,6,-0.019269249135
0,6,9,9, 0.109274765465
0,7,0,2, 0.002738150514
0,7,0,7, 0.000511579301
0,7,1,2, 0.002270343177
0,7,1,7, 0.001838795493
0,7,2,0, 0.002738150514
0,7,2,1, 0.002270343177
0,7,2,4, 0.001658645155
0,7,2,5, 0.000428073542
0,7,2,6, 0.001189042928
0,7,2,9,-0.000619544165
0,7,4,2, 0.001658645155
0,7,4,7, 0.000699876407
0,7,5,2, 0.000428073542
0,7,5,7, 0.005341962174
0,7,6,2, 0.001189042928
0,7,6,7, 0.003994363673
0,7,7,0, 0.000511579301
0,7,7,1, 0.001838795493
0,7,7,4, 0.000699876407
0,7,7,5, 0.005341962174
0,7,7,6, 0.003994363673
0,7,7,9,-0.002574678642
0,7,9,2,-0.000619544165
0,7,9,7,-0.002574678642
0,8,0,3, 0.002738150514
0,8,0,8, 0.000511579301
0,8,1,3, 0.002270343177
0,8,1,8, 0.001838795493
0,8,3,0, 0.002738150514
0,8,3,1, 0.002270343177
0,8,3,4, 0.001658645155
0,8,3,5, 0.000428073542
0,8,3,6, 0.001189042928
0,8,3,9,-0.000619544165
0,8,4,3, 0.001658645155
0,8,4,8, 0.000699876407
0,8,5,3, 0.000428073542
0,8,5,8, 0.005341962174
0,8,6,3, 0.001189042928
0,8,6,8, 0.003994363673
0,8,8,0, 0.000511579301
0,8,8,1, 0.001838795493
0,8,8,4, 0.000699876407
0,8,8,5, 0.005341962174
0,8,8,6, 0.003994363673
0,8,8,9,-0.002574678642
0,8,9,3,-0.000619544165
0,8,9,8,-0.002574678642
0,9,0,0,-0.065135930263
0,9,0,1,-0.041393134005
0,9,0,4,-0.017789909871
0,9,0,5,-0.007641809536
0,9,0,6,-0.018945369576
0,9,0,9, 0.011250379184
0,9,1,0,-0.041393134005
0,9,1,1,-0.048801735531
0,9,1,4,-0.014085839467
0,9,1,5,-0.018897727515
0,9,1,6,-0.031489185354
0,9,1,9, 0.017189880521
0,9,2,2,-0.059809159364
0,9,2,7,-0.002556940520
0,9,3,3,-0.059809159364
0,9,3,8,-0.002556940520
0,9,4,0,-0.017789909871
0,9,4,1,-0.014085839467
0,9,4,4,-0.070281878458
0,9,4,5,-0.011241336555
0,9,4,6,-0.017078922831
0,9,4,9, 0.018822805153
0,9,5,0,-0.007641809536
0,9,5,1,-0.018897727515
0,9,5,4,-0.011241336555
0,9,5,5,-0.064363419300
0,9,5,6,-0.041092517511
0,9,5,9, 0.018341147130
0,9,6,0,-0.018945369576
0,9,6,1,-0.031489185354
0,9,6,4,-0.017078922831
0,9,6,5,-0.041092517511
0,9,6,6,-0.048608096976
0,9,6,9, 0.014452987984
0,9,7,2,-0.002556940520
0,9,7,7,-0.059369363845
0,9,8,3,-0.002556940520
0,9,8,8,-0.059369363845
0,9,9,0, 0.011250379184
0,9,9,1, 0.017189880521
0,9,9,4, 0.018822805153
0,9,9,5, 0.018341147130
0,9,9,6, 0.014452987984
0,9,9,9,-0.070109302081
1,0,0,0, 0.504699283325
1,0,0,1, 0.300015949963
1,0,0,5, 0.030443919206
1,0,0,6, 0.110675719884
1,0,0,9,-0.041393134005
1,0,1,0, 0.300015949963
1,0,1,1, 0.324022459289
1,0,1,5, 0.068713248174
1,0,1,6, 0.156294271660
1,0,1,9,-0.057702679479
1,0,2,2, 0.462081934851
1,0,2,7, 0.010068475919
1,0,3,3, 0.462081934851
1,0,3,8, 0.010068475919
1,0,4,4, 0.462081934851
1,0,4,5, 0.041092517511
1,0,4,6, 0.063353632896
1,0,4,9,-0.066079388419
1,0,5,0, 0.030443919206
1,0,5,1, 0.068713248174
1,0,5,4, 0.041092517511
1,0,5,5, 0.218115932883
1,0,5,6, 0.148012924470
1,0,5,9,-0.042053579820
1,0,6,0, 0.110675719884
1,0,6,1, 0.156294271660
1,0,6,4, 0.063353632896
1,0,6,5, 0.148012924470
1,0,6,6, 0.205228985257
1,0,6,9,-0.038348645753
1,0,7,2, 0.010068475919
1,0,7,7, 0.211135612600
1,0,8,3, 0.010068475919
1,0,8,8, 0.211135612600
1,0,9,0,-0.041393134005
1,0,9,1,-0.057702679479
1,0,9,4,-0.066079388419
1,0,9,5,-0.042053579820
1,0,9,6,-0.038348645753
1,0,9,9, 0.231095341273
1,1,0,0, 0.507364877272
1,1,0,1, 0.324022459289
1,1,0,5, 0.035888680165
1,1,0,6, 0.121982869846
1,1,0,9,-0.048801735531
1,1,1,0, 0.324022459289
1,1,1,1, 0.394125899248
1,1,1,5, 0.090897347423
1,1,1,6, 0.197897150068
1,1,1,9,-0.071510805854
1,1,2,2, 0.491073083906
1,1,2,7, 0.012258297430
1,1,3,3, 0.491073083906
1,1,3,8, 0.012258297430
1,1,4,4, 0.491073083906
1,1,4,5, 0.048608096976
1,1,4,6, 0.073018575809
1,1,4,9,-0.077964529338
1,1,5,0, 0.035888680165
1,1,5,1, 0.090897347423
1,1,5,4, 0.048608096976
1,1,5,5, 0.305167737429
1,1,5,6, 0.205228985257
1,1,5,9,-0.047529519724
1,1,6,0, 0.121982869846
1,1,6,1, 0.197897150068
1,1,6,4, 0.073018575809
1,1,6,5, 0.205228985257
1,1,6,6, 0.281001181321
1,1,6,9,-0.042622493497
1,1,7,2, 0.012258297430
1,1,7,7, 0.298059626721
1,1,8,3, 0.012258297430
1,1,8,8, 0.298059626721
1,1,9,0,-0.048801735531
1,1,9,1,-0.071510805854
1,1,9,4,-0.077964529338
1,1,9,5,-0.047529519724
1,1,9,6,-0.042622493497
1,1,9,9, 0.313694798021
1,2,0,2, 0.101353944495
1,2,0,7, 0.002270343177
1,2,1,2, 0.072461555243
1,2,1,7, 0.005887641751
1,2,2,0, 0.101353944495
1,2,2,1, 0.072461555243
1,2,2,5, 0.003994363673
1,2,2,6, 0.024907493161
1,2,2,9,-0.004550749774
1,2,4,7, 0.003116980518
1,2,5,2, 0.003994363673
1,2,5,7, 0.011970725689
1,2,6,2, 0.024907493161
1,2,6,7, 0.010998919654
1,2,7,0, 0.002270343177
1,2,7,1, 0.005887641751
1,2,7,4, 0.003116980518
1,2,7,5, 0.011970725689
1,2,7,6, 0.010998919654
1,2,7,9,-0.006015118048
1,2,9,2,-0.004550749774
1,2,9,7,-0.006015118048
1,3,0,3, 0.101353944495
1,3,0,8, 0.002270343177
1,3,1,3, 0.072461555243
1,3,1,8, 0.005887641751
1,3,3,0, 0.101353944495
1,3,3,1, 0.072461555243
1,3,3,5, 0.003994363673
1,3,3,6, 0.024907493161
1,3,3,9,-0.004550749774
1,3,4,8, 0.003116980518
1,3,5,3, 0.003994363673
1,3,5,8, 0.011970725689
1,3,6,3, 0.024907493161
1,3,6,8, 0.010998919654
1,3,8,0, 0.002270343177
1,3,8,1, 0.005887641751
1,3,8,4, 0.003116980518
1,3,8,5, 0.011970725689
1,3,8,6, 0.010998919654
1,3,8,9,-0.006015118048
1,3,9,3,-0.004550749774
1,3,9,8,-0.006015118048
1,4,0,4, 0.101353944495
1,4,0,5, 0.009090813570
1,4,0,6, 0.013815640148
1,4,0,9,-0.014085839467
1,4,1,4, 0.072461555243
1,4,1,5, 0.019269249135
1,4,1,6, 0.024104807693
1,4,1,9,-0.019951029999
1,4,2,7, 0.003116980518
1,4,3,8, 0.003116980518
1,4,4,0, 0.101353944495
1,4,4,1, 0.072461555243
1,4,4,5, 0.014452987984
1,4,4,6, 0.030883308947
1,4,4,9,-0.024234058044
1,4,5,0, 0.009090813570
1,4,5,1, 0.019269249135
1,4,5,4, 0.014452987984
1,4,5,5, 0.059001903249
1,4,5,6, 0.038348645753
1,4,5,9,-0.021700114461
1,4,6,0, 0.013815640148
1,4,6,1, 0.024104807693
1,4,6,4, 0.030883308947
1,4,6,5, 0.038348645753
1,4,6,6, 0.042622493497
1,4,6,9,-0.018509535382
1,4,7,2, 0.003116980518
1,4,7,7, 0.053688500685
1,4,8,3, 0.003116980518
1,4,8,8, 0.053688500685
1,4,9,0,-0.014085839467
1,4,9,1,-0.019951029999
1,4,9,4,-0.024234058044
1,4,9,5,-0.021700114461
1,4,9,6,-0.018509535382
1,4,9,9, 0.068476065683
1,5,0,0, 0.102963704029
1,5,0,1, 0.068713248174
1,5,0,4, 0.021955062910
1,5,0,5, 0.013616226780
1,5,0,6, 0.031739773967
1,5,0,9,-0.018897727515
1,5,1,0, 0.068713248174
1,5,1,1, 0.090897347423
1,5,1,4, 0.019269249135
1,5,1,5, 0.043930622009
1,5,1,6, 0.065348544653
1,5,1,9,-0.030150990469
1,5,2,2, 0.098675165801
1,5,2,7, 0.004562664448
1,5,3,3, 0.098675165801
1,5,3,8, 0.004562664448
1,5,4,0, 0.021955062910
1,5,4,1, 0.019269249135
1,5,4,4, 0.109274765465
1,5,4,5, 0.018945369576
1,5,4,6, 0.027140470189
1,5,4,9,-0.030665788016
1,5,5,0, 0.013616226780
1,5,5,1, 0.043930622009
1,5,5,4, 0.018945369576
1,5,5,5, 0.183753972095
1,5,5,6, 0.110675719884
1,5,5,9,-0.018223536481
1,5,6,0, 0.031739773967
1,5,6,1, 0.065348544653
1,5,6,4, 0.027140470189
1,5,6,5, 0.110675719884
1,5,6,6, 0.121982869846
1,5,6,9,-0.013815640148
1,5,7,2, 0.004562664448
1,5,7,7, 0.169023627313
1,5,8,3, 0.004562664448
1,5,8,8, 0.169023627313
1,5,9,0,-0.018897727515
1,5,9,1,-0.030150990469
1,5,9,4,-0.030665788016
1,5,9,5,-0.018223536481
1,5,9,6,-0.013815640148
1,5,9,9, 0.172310934272
1,6,0,0, 0.240164094284
1,6,0,1, 0.156294271660
1,6,0,4, 0.028150862272
1,6,0,5, 0.022882086490
1,6,0,6, 0.065348544653
1,6,0,9,-0.031489185354
1,6,1,0, 0.156294271660
1,6,1,1, 0.197897150068
1,6,1,4, 0.024104807693
1,6,1,5, 0.065348544653
1,6,1,6, 0.120189973021
1,6,1,9,-0.047950432410
1,6,2,2, 0.232958202470
1,6,2,7, 0.007880096609
1,6,3,3, 0.232958202470
1,6,3,8, 0.007880096609
1,6,4,0, 0.028150862272
1,6,4,1, 0.024104807693
1,6,4,4, 0.238782420864
1,6,4,5, 0.031489185354
1,6,4,6, 0.047950432410
1,6,4,9,-0.050692212118
1,6,5,0, 0.022882086490
1,6,5,1, 0.065348544653
1,6,5,4, 0.031489185354
1,6,5,5, 0.240164094284
1,6,5,6, 0.156294271660
1,6,5,9,-0.028150862272
1,6,6,0, 0.065348544653
1,6,6,1, 0.120189973021
1,6,6,4, 0.047950432410
1,6,6,5, 0.156294271660
1,6,6,6, 0.197897150068
1,6,6,9,-0.024104807693
1,6,7,2, 0.007880096609
1,6,7,7, 0.232958202470
1,6,8,3, 0.007880096609
1,6,8,8, 0.232958202470
1,6,9,0,-0.031489185354
1,6,9,1,-0.047950432410
1,6,9,4,-0.050692212118
1,6,9,5,-0.028150862272
1,6,9,6,-0.024104807693
1,6,9,9, 0.238782420864
1,7,0,2, 0.006573378478
1,7,0,7, 0.001838795493
1,7,1,2, 0.005887641751
1,7,1,7, 0.009479904403
1,7,2,0, 0.006573378478
1,7,2,1, 0.005887641751
1,7,2,4, 0.003559441681
1,7,2,5, 0.001189042928
1,7,2,6, 0.003146771816
1,7,2,9,-0.001665860328
1,7,4,2, 0.003559441681
1,7,4,7, 0.002232702184
1,7,5,2, 0.001189042928
1,7,5,7, 0.034467500398
1,7,6,2, 0.003146771816
1,7,6,7, 0.024907493161
1,7,7,0, 0.001838795493
1,7,7,1, 0.009479904403
1,7,7,4, 0.002232702184
1,7,7,5, 0.034467500398
1,7,7,6, 0.024907493161
1,7,7,9,-0.005787704552
1,7,9,2,-0.001665860328
1,7,9,7,-0.005787704552
1,8,0,3, 0.006573378478
1,8,0,8, 0.001838795493
1,8,1,3, 0.005887641751
1,8,1,8, 0.009479904403
1,8,3,0, 0.006573378478
1,8,3,1, 0.005887641751
1,8,3,4, 0.003559441681
1,8,3,5, 0.001189042928
1,8,3,6, 0.003146771816
1,8,3,9,-0.001665860328
1,8,4,3, 0.003559441681
1,8,4,8, 0.002232702184
1,8,5,3, 0.001189042928
1,8,5,8, 0.034467500398
1,8,6,3, 0.003146771816
1,8,6,8, 0.024907493161
1,8,8,0, 0.001838795493
1,8,8,1, 0.009479904403
1,8,8,4, 0.002232702184
1,8,8,5, 0.034467500398
1,8,8,6, 0.024907493161
1,8,8,9,-0.005787704552
1,8,9,3,-0.001665860328
1,8,9,8,-0.005787704552
1,9,0,0,-0.087869457589
1,9,0,1,-0.057702679479
1,9,0,4,-0.023554174562
1,9,0,5,-0.011691051441
1,9,0,6,-0.027140470189
1,9,0,9, 0.017189880521
1,9,1,0,-0.057702679479
1,9,1,1,-0.071510805854
1,9,1,4,-0.019951029999
1,9,1,5,-0.030150990469
1,9,1,6,-0.047950432410
1,9,1,9, 0.028893517183
1,9,2,2,-0.082443901752
1,9,2,7,-0.003965437293
1,9,3,3,-0.082443901752
1,9,3,8,-0.003965437293
1,9,4,0,-0.023554174562
1,9,4,1,-0.019951029999
1,9,4,4,-0.096303221017
1,9,4,5,-0.017078922831
1,9,4,6,-0.024853555086
1,9,4,9, 0.028488942585
1,9,5,0,-0.011691051441
1,9,5,1,-0.030150990469
1,9,5,4,-0.017078922831
1,9,5,5,-0.100807698536
1,9,5,6,-0.063353632896
1,9,5,9, 0.042008197778
1,9,6,0,-0.027140470189
1,9,6,1,-0.047950432410
1,9,6,4,-0.024853555086
1,9,6,5,-0.063353632896
1,9,6,6,-0.073018575809
1,9,6,9, 0.030883308947
1,9,7,2,-0.003965437293
1,9,7,7,-0.093399937963
1,9,8,3,-0.003965437293
1,9,8,8,-0.093399937963
1,9,9,0, 0.017189880521
1,9,9,1, 0.028893517183
1,9,9,4, 0.028488942585
1,9,9,5, 0.042008197778
1,9,9,6, 0.030883308947
1,9,9,9,-0.106066062921
2,0,0,2, 0.152608082603
2,0,0,7, 0.002738150514
2,0,1,2, 0.101353944495
2,0,1,7, 0.006573378478
2,0,2,0, 0.152608082603
2,0,2,1, 0.101353944495
2,0,2,5, 0.005341962174
2,0,2,6, 0.034467500398
2,0,2,9,-0.005971943386
2,0,4,7, 0.003772354492
2,0,5,2, 0.005341962174
2,0,5,7, 0.012926525038
2,0,6,2, 0.034467500398
2,0,6,7, 0.011970725689
2,0,7,0, 0.002738150514
2,0,7,1, 0.006573378478
2,0,7,4, 0.003772354492
2,0,7,5, 0.012926525038
2,0,7,6, 0.011970725689
2,0,7,9,-0.006680611855
2,0,9,2,-0.005971943386
2,0,9,7,-0.006680611855
2,1,0,2, 0.101353944495
2,1,0,7, 0.002270343177
2,1,1,2, 0.072461555243
2,1,1,7, 0.005887641751
2,1,2,0, 0.101353944495
2,1,2,1, 0.072461555243
2,1,2,5, 0.003994363673
2,1,2,6, 0.024907493161
2,1,2,9,-0.004550749774
2,1,4,7, 0.003116980518
2,1,5,2, 0.003994363673
2,1,5,7, 0.011970725689
2,1,6,2, 0.024907493161
2,1,6,7, 0.010998919654
2,1,7,0, 0.002270343177
2,1,7,1, 0.005887641751
2,1,7,4, 0.003116980518
2,1,7,5, 0.011970725689
2,1,7,6, 0.010998919654
2,1,7,9,-0.006015118048
2,1,9,2,-0.004550749774
2,1,9,7,-0.006015118048
2,2,0,0, 0.775037038942
2,2,0,1, 0.462081934851
2,2,0,5, 0.044537676970
2,2,0,6, 0.169023627313
2,2,0,9,-0.059809159364
2,2,1,0, 0.462081934851
2,2,1,1, 0.491073083906
2,2,1,5, 0.098675165801
2,2,1,6, 0.232958202470
2,2,1,9,-0.082443901752
2,2,2,2, 0.785718708997
2,2,2,7, 0.015188545997
2,2,3,3, 0.689508254834
2,2,3,8, 0.014335147107
2,2,4,4, 0.689508254834
2,2,4,5, 0.059369363845
2,2,4,6, 0.093399937963
2,2,4,9,-0.094760496819
2,2,5,0, 0.044537676970
2,2,5,1, 0.098675165801
2,2,5,4, 0.059369363845
2,2,5,5, 0.309066393757
2,2,5,6, 0.211135612600
2,2,5,9,-0.057625866913
2,2,6,0, 0.169023627313
2,2,6,1, 0.232958202470
2,2,6,4, 0.093399937963
2,2,6,5, 0.211135612600
2,2,6,6, 0.298059626721
2,2,6,9,-0.053688500685
2,2,7,2, 0.015188545997
2,2,7,7, 0.301422108103
2,2,8,3, 0.014335147107
2,2,8,8, 0.299057413763
2,2,9,0,-0.059809159364
2,2,9,1,-0.082443901752
2,2,9,4,-0.094760496819
2,2,9,5,-0.057625866913
2,2,9,6,-0.053688500685
2,2,9,9, 0.326818225563
2,3,2,3, 0.048105227081
2,3,2,8, 0.000426699445
2,3,3,2, 0.048105227081
2,3,3,7, 0.000426699445
2,3,7,3, 0.000426699445
2,3,7,8, 0.001182347170
2,3,8,2, 0.000426699445
2,3,8,7, 0.001182347170
2,4,0,7, 0.001658645155
2,4,1,7, 0.003559441681
2,4,2,4, 0.048105227081
2,4,2,5, 0.002574678642
2,4,2,6, 0.005787704552
2,4,2,9,-0.003535089310
2,4,4,2, 0.048105227081
2,4,4,7, 0.002504336804
2,4,5,2, 0.002574678642
2,4,5,7, 0.006680611855
2,4,6,2, 0.005787704552
2,4,6,7, 0.006015118048
2,4,7,0, 0.001658645155
2,4,7,1, 0.003559441681
2,4,7,4, 0.002504336804
2,4,7,5, 0.006680611855
2,4,7,6, 0.006015118048
2,4,7,9,-0.004526293399
2,4,9,2,-0.003535089310
2,4,9,7,-0.004526293399
2,5,0,2, 0.005341962174
2,5,0,7, 0.000428073542
2,5,1,2, 0.003994363673
2,5,1,7, 0.001189042928
2,5,2,0, 0.005341962174
2,5,2,1, 0.003994363673
2,5,2,4, 0.002574678642
2,5,2,5, 0.000511579301
2,5,2,6, 0.001838795493
2,5,2,9,-0.000699876407
2,5,4,2, 0.002574678642
2,5,4,7, 0.000619544165
2,5,5,2, 0.000511579301
2,5,5,7, 0.002738150514
2,5,6,2, 0.001838795493
2,5,6,7, 0.002270343177
2,5,7,0, 0.000428073542
2,5,7,1, 0.001189042928
2,5,7,4, 0.000619544165
2,5,7,5, 0.002738150514
2,5,7,6, 0.002270343177
2,5,7,9,-0.001658645155
2,5,9,2,-0.000699876407
2,5,9,7,-0.001658645155
2,6,0,2, 0.034467500398
2,6,0,7, 0.001189042928
2,6,1,2, 0.024907493161
2,6,1,7, 0.003146771816
2,6,2,0, 0.034467500398
2,6,2,1, 0.024907493161
2,6,2,4, 0.005787704552
2,6,2,5, 0.001838795493
2,6,2,6, 0.009479904403
2,6,2,9,-0.002232702184
2,6,4,2, 0.005787704552
2,6,4,7, 0.001665860328
2,6,5,2, 0.001838795493
2,6,5,7, 0.006573378478
2,6,6,2, 0.009479904403
2,6,6,7, 0.005887641751
2,6,7,0, 0.001189042928
2,6,7,1, 0.003146771816
2,6,7,4, 0.001665860328
2,6,7,5, 0.006573378478
2,6,7,6, 0.005887641751
2,6,7,9,-0.003559441681
2,6,9,2,-0.002232702184
2,6,9,7,-0.003559441681
2,7,0,0, 0.015495674680
2,7,0,1, 0.010068475919
2,7,0,4, 0.003772354492
2,7,0,5, 0.001775469781
2,7,0,6, 0.004562664448
2,7,0,9,-0.002556940520
2,7,1,0, 0.010068475919
2,7,1,1, 0.012258297430
2,7,1,4, 0.003116980518
2,7,1,5, 0.004562664448
2,7,1,6, 0.007880096609
2,7,1,9,-0.003965437293
2,7,2,2, 0.015188545997
2,7,2,7, 0.000663444585
2,7,3,3, 0.014335147107
2,7,3,8, 0.000582206472
2,7,4,0, 0.003772354492
2,7,4,1, 0.003116980518
2,7,4,4, 0.016412784467
2,7,4,5, 0.002556940520
2,7,4,6, 0.003965437293
2,7,4,9,-0.004208749467
2,7,5,0, 0.001775469781
2,7,5,1, 0.004562664448
2,7,5,4, 0.002556940520
2,7,5,5, 0.015495674680
2,7,5,6, 0.010068475919
2,7,5,9,-0.003772354492
2,7,6,0, 0.004562664448
2,7,6,1, 0.007880096609
2,7,6,4, 0.003965437293
2,7,6,5, 0.010068475919
2,7,6,6, 0.012258297430
2,7,6,9,-0.003116980518
2,7,7,2, 0.000663444585
2,7,7,7, 0.015188545997
2,7,8,3, 0.000582206472
2,7,8,8, 0.014335147107
2,7,9,0,-0.002556940520
2,7,9,1,-0.003965437293
2,7,9,4,-0.004208749467
2,7,9,5,-0.003772354492
2,7,9,6,-0.003116980518
2,7,9,9, 0.016412784467
2,8,2,3, 0.000426699445
2,8,2,8, 0.000040619056
2,8,3,2, 0.000426699445
2,8,3,7, 0.000040619056
2,8,7,3, 0.000040619056
2,8,7,8, 0.000426699445
2,8,8,2, 0.000040619056
2,8,8,7, 0.000426699445
2,9,0,2,-0.005971943386
2,9,0,7,-0.000619544165
2,9,1,2,-0.004550749774
2,9,1,7,-0.001665860328
2,9,2,0,-0.005971943386
2,9,2,1,-0.004550749774
2,9,2,4,-0.003535089310
2,9,2,5,-0.000699876407
2,9,2,6,-0.002232702184
2,9,2,9, 0.000998810244
2,9,4,2,-0.003535089310
2,9,4,7,-0.000917572132
2,9,5,2,-0.000699876407
2,9,5,7,-0.003772354492
2,9,6,2,-0.002232702184
2,9,6,7,-0.003116980518
2,9,7,0,-0.000619544165
2,9,7,1,-0.001665860328
2,9,7,4,-0.000917572132
2,9,7,5,-0.003772354492
2,9,7,6,-0.003116980518
2,9,7,9, 0.002504336804
2,9,9,2, 0.000998810244
2,9,9,7, 0.002504336804
3,0,0,3, 0.152608082603
3,0,0,8, 0.002738150514
3,0,1,3, 0.101353944495
3,0,1,8, 0.006573378478
3,0,3,0, 0.152608082603
3,0,3,1, 0.101353944495
3,0,3,5, 0.005341962174
3,0,3,6, 0.034467500398
3,0,3,9,-0.005971943386
3,0,4,8, 0.003772354492
3,0,5,3, 0.005341962174
3,0,5,8, 0.012926525038
3,0,6,3, 0.034467500398
3,0,6,8, 0.011970725689
3,0,8,0, 0.002738150514
3,0,8,1, 0.006573378478
3,0,8,4, 0.003772354492
3,0,8,5, 0.012926525038
3,0,8,6, 0.011970725689
3,0,8,9,-0.006680611855
3,0,9,3,-0.005971943386
3,0,9,8,-0.006680611855
3,1,0,3, 0.101353944495
3,1,0,8, 0.002270343177
3,1,1,3, 0.072461555243
3,1,1,8, 0.005887641751
3,1,3,0, 0.101353944495
3,1,3,1, 0.072461555243
3,1,3,5, 0.003994363673
3,1,3,6, 0.024907493161
3,1,3,9,-0.004550749774
3,1,4,8, 0.003116980518
3,1,5,3, 0.003994363673
3,1,5,8, 0.011970725689
3,1,6,3, 0.024907493161
3,1,6,8, 0.010998919654
3,1,8,0, 0.002270343177
3,1,8,1, 0.005887641751
3,1,8,4, 0.003116980518
3,1,8,5, 0.011970725689
3,1,8,6, 0.010998919654
3,1,8,9,-0.006015118048
3,1,9,3,-0.004550749774
3,1,9,8,-0.006015118048
3,2,2,3, 0.048105227081
3,2,2,8, 0.000426699445
3,2,3,2, 0.048105227081
3,2,3,7, 0.000426699445
3,2,7,3, 0.000426699445
3,2,7,8, 0.001182347170
3,2,8,2, 0.000426699445
3,2,8,7, 0.001182347170
3,3,0,0, 0.775037038942
3,3,0,1, 0.462081934851
3,3,0,5, 0.044537676970
3,3,0,6, 0.169023627313
3,3,0,9,-0.059809159364
3,3,1,0, 0.462081934851
3,3,1,1, 0.491073083906
3,3,1,5, 0.098675165801
3,3,1,6, 0.232958202470
3,3,1,9,-0.082443901752
3,3,2,2, 0.689508254834
3,3,2,7, 0.014335147107
3,3,3,3, 0.785718708997
3,3,3,8, 0.015188545997
3,3,4,4, 0.689508254834
3,3,4,5, 0.059369363845
3,3,4,6, 0.093399937963
3,3,4,9,-0.094760496819
3,3,5,0, 0.044537676970
3,3,5,1, 0.098675165801
3,3,5,4, 0.059369363845
3,3,5,5, 0.309066393757
3,3,5,6, 0.211135612600
3,3,5,9,-0.057625866913
3,3,6,0, 0.169023627313
3,3,6,1, 0.232958202470
3,3,6,4, 0.093399937963
3,3,6,5, 0.211135612600
3,3,6,6, 0.298059626721
3,3,6,9,-0.053688500685
3,3,7,2, 0.014335147107
3,3,7,7, 0.299057413763
3,3,8,3, 0.015188545997
3,3,8,8, 0.301422108103
3,3,9,0,-0.059809159364
3,3,9,1,-0.082443901752
3,3,9,4,-0.094760496819
3,3,9,5,-0.057625866913
3,3,9,6,-0.053688500685
3,3,9,9, 0.326818225563
3,4,0,8, 0.001658645155
3,4,1,8, 0.003559441681
3,4,3,4, 0.048105227081
3,4,3,5, 0.002574678642
3,4,3,6, 0.005787704552
3,4,3,9,-0.003535089310
3,4,4,3, 0.048105227081
3,4,4,8, 0.002504336804
3,4,5,3, 0.002574678642
3,4,5,8, 0.006680611855
3,4,6,3, 0.005787704552
3,4,6,8, 0.006015118048
3,4,8,0, 0.001658645155
3,4,8,1, 0.003559441681
3,4,8,4, 0.002504336804
3,4,8,5, 0.006680611855
3,4,8,6, 0.006015118048
3,4,8,9,-0.004526293399
3,4,9,3,-0.003535089310
3,4,9,8,-0.004526293399
3,5,0,3, 0.005341962174
3,5,0,8, 0.000428073542
3,5,1,3, 0.003994363673
3,5,1,8, 0.001189042928
3,5,3,0, 0.005341962174
3,5,3,1, 0.003994363673
3,5,3,4, 0.002574678642
3,5,3,5, 0.000511579301
3,5,3,6, 0.001838795493
3,5,3,9,-0.000699876407
3,5,4,3, 0.002574678642
3,5,4,8, 0.000619544165
3,5,5,3, 0.000511579301
3,5,5,8, 0.002738150514
3,5,6,3, 0.001838795493
3,5,6,8, 0.002270343177
3,5,8,0, 0.000428073542
3,5,8,1, 0.001189042928
3,5,8,4, 0.000619544165
3,5,8,5, 0.002738150514
3,5,8,6, 0.002270343177
3,5,8,9,-0.001658645155
3,5,9,3,-0.000699876407
3,5,9,8,-0.001658645155
3,6,0,3, 0.034467500398
3,6,0,8, 0.001189042928
3,6,1,3, 0.024907493161
3,6,1,8, 0.003146771816
3,6,3,0, 0.034467500398
3,6,3,1, 0.024907493161
3,6,3,4, 0.005787704552
3,6,3,5, 0.001838795493
3,6,3,6, 0.009479904403
3,6,3,9,-0.002232702184
3,6,4,3, 0.005787704552
3,6,4,8, 0.001665860328
3,6,5,3, 0.001838795493
3,6,5,8, 0.006573378478
3,6,6,3, 0.009479904403
3,6,6,8, 0.005887641751
3,6,8,0, 0.001189042928
3,6,8,1, 0.003146771816
3,6,8,4, 0.001665860328
3,6,8,5, 0.006573378478
3,6,8,6, 0.005887641751
3,6,8,9,-0.003559441681
3,6,9,3,-0.002232702184
3,6,9,8,-0.003559441681
3,7,2,3, 0.000426699445
3,7,2,8, 0.000040619056
3,7,3,2, 0.000426699445
3,7,3,7, 0.000040619056
3,7,7,3, 0.000040619056
3,7,7,8, 0.000426699445
3,7,8,2, 0.000040619056
3,7,8,7, 0.000426699445
3,8,0,0, 0.015495674680
3,8,0,1, 0.010068475919
3,8,0,4, 0.003772354492
3,8,0,5, 0.001775469781
3,8,0,6, 0.004562664448
3,8,0,9,-0.002556940520
3,8,1,0, 0.010068475919
3,8,1,1, 0.012258297430
3,8,1,4, 0.003116980518
3,8,1,5, 0.004562664448
3,8,1,6, 0.007880096609
3,8,1,9,-0.003965437293
3,8,2,2, 0.014335147107
3,8,2,7, 0.000582206472
3,8,3,3, 0.015188545997
3,8,3,8, 0.000663444585
3,8,4,0, 0.003772354492
3,8,4,1, 0.003116980518
3,8,4,4, 0.016412784467
3,8,4,5, 0.002556940520
3,8,4,6, 0.003965437293
3,8,4,9,-0.004208749467
3,8,5,0, 0.001775469781
3,8,5,1, 0.004562664448
3,8,5,4, 0.002556940520
3,8,5,5, 0.015495674680
3,8,5,6, 0.010068475919
3,8,5,9,-0.003772354492
3,8,6,0, 0.004562664448
3,8,6,1, 0.007880096609
3,8,6,4, 0.003965437293
3,8,6,5, 0.010068475919
3,8,6,6, 0.012258297430
3,8,6,9,-0.003116980518
3,8,7,2, 0.000582206472
3,8,7,7, 0.014335147107
3,8,8,3, 0.000663444585
3,8,8,8, 0.015188545997
3,8,9,0,-0.002556940520
3,8,9,1,-0.003965437293
3,8,9,4,-0.004208749467
3,8,9,5,-0.003772354492
3,8,9,6,-0.003116980518
3,8,9,9, 0.016412784467
3,9,0,3,-0.005971943386
3,9,0,8,-0.000619544165
3,9,1,3,-0.004550749774
3,9,1,8,-0.001665860328
3,9,3,0,-0.005971943386
3,9,3,1,-0.004550749774
3,9,3,4,-0.003535089310
3,9,3,5,-0.000699876407
3,9,3,6,-0.002232702184
3,9,3,9, 0.000998810244
3,9,4,3,-0.003535089310
3,9,4,8,-0.000917572132
3,9,5,3,-0.000699876407
3,9,5,8,-0.003772354492
3,9,6,3,-0.002232702184
3,9,6,8,-0.003116980518
3,9,8,0,-0.000619544165
3,9,8,1,-0.001665860328
3,9,8,4,-0.000917572132
3,9,8,5,-0.003772354492
3,9,8,6,-0.003116980518
3,9,8,9, 0.002504336804
3,9,9,3, 0.000998810244
3,9,9,8, 0.002504336804
4,0,0,4, 0.152608082603
4,0,0,5, 0.011491065969
4,0,0,6, 0.018223536481
4,0,0,9,-0.017789909871
4,0,1,4, 0.101353944495
4,0,1,5, 0.021955062910
4,0,1,6, 0.028150862272
4,0,1,9,-0.023554174562
4,0,2,7, 0.003772354492
4,0,3,8, 0.003772354492
4,0,4,0, 0.152608082603
4,0,4,1, 0.101353944495
4,0,4,5, 0.018341147130
4,0,4,6, 0.042008197778
4,0,4,9,-0.030578256450
4,0,5,0, 0.011491065969
4,0,5,1, 0.021955062910
4,0,5,4, 0.018341147130
4,0,5,5, 0.063815471820
4,0,5,6, 0.042053579820
4,0,5,9,-0.024728680207
4,0,6,0, 0.018223536481
4,0,6,1, 0.028150862272
4,0,6,4, 0.042008197778
4,0,6,5, 0.042053579820
4,0,6,6, 0.047529519724
4,0,6,9,-0.021700114461
4,0,7,2, 0.003772354492
4,0,7,7, 0.057625866913
4,0,8,3, 0.003772354492
4,0,8,8, 0.057625866913
4,0,9,0,-0.017789909871
4,0,9,1,-0.023554174562
4,0,9,4,-0.030578256450
4,0,9,5,-0.024728680207
4,0,9,6,-0.021700114461
4,0,9,9, 0.075960519458
4,1,0,4, 0.101353944495
4,1,0,5, 0.009090813570
4,1,0,6, 0.013815640148
4,1,0,9,-0.014085839467
4,1,1,4, 0.072461555243
4,1,1,5, 0.019269249135
4,1,1,6, 0.024104807693
4,1,1,9,-0.019951029999
4,1,2,7, 0.003116980518
4,1,3,8, 0.003116980518
4,1,4,0, 0.101353944495
4,1,4,1, 0.072461555243
4,1,4,5, 0.014452987984
4,1,4,6, 0.030883308947
4,1,4,9,-0.024234058044
4,1,5,0, 0.009090813570
4,1,5,1, 0.019269249135
4,1,5,4, 0.014452987984
4,1,5,5, 0.059001903249
4,1,5,6, 0.038348645753
4,1,5,9,-0.021700114461
4,1,6,0, 0.013815640148
4,1,6,1, 0.024104807693
4,1,6,4, 0.030883308947
4,1,6,5, 0.038348645753
4,1,6,6, 0.042622493497
4,1,6,9,-0.018509535382
4,1,7,2, 0.003116980518
4,1,7,7, 0.053688500685
4,1,8,3, 0.003116980518
4,1,8,8, 0.053688500685
4,1,9,0,-0.014085839467
4,1,9,1,-0.019951029999
4,1,9,4,-0.024234058044
4,1,9,5,-0.021700114461
4,1,9,6,-0.018509535382
4,1,9,9, 0.068476065683
4,2,0,7, 0.001658645155
4,2,1,7, 0.003559441681
4,2,2,4, 0.048105227081
4,2,2,5, 0.002574678642
4,2,2,6, 0.005787704552
4,2,2,9,-0.003535089310
4,2,4,2, 0.048105227081
4,2,4,7, 0.002504336804
4,2,5,2, 0.002574678642
4,2,5,7, 0.006680611855
4,2,6,2, 0.005787704552
4,2,6,7, 0.006015118048
4,2,7,0, 0.001658645155
4,2,7,1, 0.003559441681
4,2,7,4, 0.002504336804
4,2,7,5, 0.006680611855
4,2,7,6, 0.006015118048
4,2,7,9,-0.004526293399
4,2,9,2,-0.003535089310
4,2,9,7,-0.004526293399
4,3,0,8, 0.001658645155
4,3,1,8, 0.003559441681
4,3,3,4, 0.048105227081
4,3,3,5, 0.002574678642
4,3,3,6, 0.005787704552
4,3,3,9,-0.003535089310
4,3,4,3, 0.048105227081
4,3,4,8, 0.002504336804
4,3,5,3, 0.002574678642
4,3,5,8, 0.006680611855
4,3,6,3, 0.005787704552
4,3,6,8, 0.006015118048
4,3,8,0, 0.001658645155
4,3,8,1, 0.003559441681
4,3,8,4, 0.002504336804
4,3,8,5, 0.006680611855
4,3,8,6, 0.006015118048
4,3,8,9,-0.004526293399
4,3,9,3,-0.003535089310
4,3,9,8,-0.004526293399
4,4,0,0, 0.775037038942
4,4,0,1, 0.462081934851
4,4,0,5, 0.050224518290
4,4,0,6, 0.172310934272
4,4,0,9,-0.070281878458
4,4,1,0, 0.462081934851
4,4,1,1, 0.491073083906
4,4,1,5, 0.109274765465
4,4,1,6, 0.238782420864
4,4,1,9,-0.096303221017
4,4,2,2, 0.689508254834
4,4,2,7, 0.016412784467
4,4,3,3, 0.689508254834
4,4,3,8, 0.016412784467
4,4,4,4, 0.785718708997
4,4,4,5, 0.070109302081
4,4,4,6, 0.106066062921
4,4,4,9,-0.114589258127
4,4,5,0, 0.050224518290
4,4,5,1, 0.109274765465
4,4,5,4, 0.070109302081
4,4,5,5, 0.341725643880
4,4,5,6, 0.231095341273
4,4,5,9,-0.075960519458
4,4,6,0, 0.172310934272
4,4,6,1, 0.238782420864
4,4,6,4, 0.106066062921
4,4,6,5, 0.231095341273
4,4,6,6, 0.313694798021
4,4,6,9,-0.068476065683
4,4,7,2, 0.016412784467
4,4,7,7, 0.326818225563
4,4,8,3, 0.016412784467
4,4,8,8, 0.326818225563
4,4,9,0,-0.070281878458
4,4,9,1,-0.096303221017
4,4,9,4,-0.114589258127
4,4,9,5,-0.075960519458
4,4,9,6,-0.068476065683
4,4,9,9, 0.371195079847
4,5,0,0, 0.064363419300
4,5,0,1, 0.041092517511
4,5,0,4, 0.018341147130
4,5,0,5, 0.007641809536
4,5,0,6, 0.018897727515
4,5,0,9,-0.011241336555
4,5,1,0, 0.041092517511
4,5,1,1, 0.048608096976
4,5,1,4, 0.014452987984
4,5,1,5, 0.018945369576
4,5,1,6, 0.031489185354
4,5,1,9,-0.017078922831
4,5,2,2, 0.059369363845
4,5,2,7, 0.002556940520
4,5,3,3, 0.059369363845
4,5,3,8, 0.002556940520
4,5,4,0, 0.018341147130
4,5,4,1, 0.014452987984
4,5,4,4, 0.070109302081
4,5,4,5, 0.011250379184
4,5,4,6, 0.017189880521
4,5,4,9,-0.018822805153
4,5,5,0, 0.007641809536
4,5,5,1, 0.018945369576
4,5,5,4, 0.011250379184
4,5,5,5, 0.065135930263
4,5,5,6, 0.041393134005
4,5,5,9,-0.017789909871
4,5,6,0, 0.018897727515
4,5,6,1, 0.031489185354
4,5,6,4, 0.017189880521
4,5,6,5, 0.041393134005
4,5,6,6, 0.048801735531
4,5,6,9,-0.014085839467
4,5,7,2, 0.002556940520
4,5,7,7, 0.059809159364
4,5,8,3, 0.002556940520
4,5,8,8, 0.059809159364
4,5,9,0,-0.011241336555
4,5,9,1,-0.017078922831
4,5,9,4,-0.018822805153
4,5,9,5,-0.017789909871
4,5,9,6,-0.014085839467
4,5,9,9, 0.070281878458
4,6,0,0, 0.100807698536
4,6,0,1, 0.063353632896
4,6,0,4, 0.042008197778
4,6,0,5, 0.011691051441
4,6,0,6, 0.030150990469
4,6,0,9,-0.017078922831
4,6,1,0, 0.063353632896
4,6,1,1, 0.073018575809
4,6,1,4, 0.030883308947
4,6,1,5, 0.027140470189
4,6,1,6, 0.047950432410
4,6,1,9,-0.024853555086
4,6,2,2, 0.093399937963
4,6,2,7, 0.003965437293
4,6,3,3, 0.093399937963
4,6,3,8, 0.003965437293
4,6,4,0, 0.042008197778
4,6,4,1, 0.030883308947
4,6,4,4, 0.106066062921
4,6,4,5, 0.017189880521
4,6,4,6, 0.028893517183
4,6,4,9,-0.028488942585
4,6,5,0, 0.011691051441
4,6,5,1, 0.027140470189
4,6,5,4, 0.017189880521
4,6,5,5, 0.087869457589
4,6,5,6, 0.057702679479
4,6,5,9,-0.023554174562
4,6,6,0, 0.030150990469
4,6,6,1, 0.047950432410
4,6,6,4, 0.028893517183
4,6,6,5, 0.057702679479
4,6,6,6, 0.071510805854
4,6,6,9,-0.019951029999
4,6,7,2, 0.003965437293
4,6,7,7, 0.082443901752
4,6,8,3, 0.003965437293
4,6,8,8, 0.082443901752
4,6,9,0,-0.017078922831
4,6,9,1,-0.024853555086
4,6,9,4,-0.028488942585
4,6,9,5,-0.023554174562
4,6,9,6,-0.019951029999
4,6,9,9, 0.096303221017
4,7,0,2, 0.003772354492
4,7,0,7, 0.000699876407
4,7,1,2, 0.003116980518
4,7,1,7, 0.002232702184
4,7,2,0, 0.003772354492
4,7,2,1, 0.003116980518
4,7,2,4, 0.002504336804
4,7,2,5, 0.000619544165
4,7,2,6, 0.001665860328
4,7,2,9,-0.000917572132
4,7,4,2, 0.002504336804
4,7,4,7, 0.000998810244
4,7,5,2, 0.000619544165
4,7,5,7, 0.005971943386
4,7,6,2, 0.001665860328
4,7,6,7, 0.004550749774
4,7,7,0, 0.000699876407
4,7,7,1, 0.002232702184
4,7,7,4, 0.000998810244
4,7,7,5, 0.005971943386
4,7,7,6, 0.004550749774
4,7,7,9,-0.003535089310
4,7,9,2,-0.000917572132
4,7,9,7,-0.003535089310
4,8,0,3, 0.003772354492
4,8,0,8, 0.000699876407
4,8,1,3, 0.003116980518
4,8,1,8, 0.002232702184
4,8,3,0, 0.003772354492
4,8,3,1, 0.003116980518
4,8,3,4, 0.002504336804
4,8,3,5, 0.000619544165
4,8,3,6, 0.001665860328
4,8,3,9,-0.000917572132
4,8,4,3, 0.002504336804
4,8,4,8, 0.000998810244
4,8,5,3, 0.000619544165
4,8,5,8, 0.005971943386
4,8,6,3, 0.001665860328
4,8,6,8, 0.004550749774
4,8,8,0, 0.000699876407
4,8,8,1, 0.002232702184
4,8,8,4, 0.000998810244
4,8,8,5, 0.005971943386
4,8,8,6, 0.004550749774
4,8,8,9,-0.003535089310
4,8,9,3,-0.000917572132
4,8,9,8,-0.003535089310
4,9,0,0,-0.103307923989
4,9,0,1,-0.066079388419
4,9,0,4,-0.030578256450
4,9,0,5,-0.012635372030
4,9,0,6,-0.030665788016
4,9,0,9, 0.018822805153
4,9,1,0,-0.066079388419
4,9,1,1,-0.077964529338
4,9,1,4,-0.024234058044
4,9,1,5,-0.030665788016
4,9,1,6,-0.050692212118
4,9,1,9, 0.028488942585
4,9,2,2,-0.094760496819
4,9,2,7,-0.004208749467
4,9,3,3,-0.094760496819
4,9,3,8,-0.004208749467
4,9,4,0,-0.030578256450
4,9,4,1,-0.024234058044
4,9,4,4,-0.114589258127
4,9,4,5,-0.018822805153
4,9,4,6,-0.028488942585
4,9,4,9, 0.031767722603
4,9,5,0,-0.012635372030
4,9,5,1,-0.030665788016
4,9,5,4,-0.018822805153
4,9,5,5,-0.103307923989
4,9,5,6,-0.066079388419
4,9,5,9, 0.030578256450
4,9,6,0,-0.030665788016
4,9,6,1,-0.050692212118
4,9,6,4,-0.028488942585
4,9,6,5,-0.066079388419
4,9,6,6,-0.077964529338
4,9,6,9, 0.024234058044
4,9,7,2,-0.004208749467
4,9,7,7,-0.094760496819
4,9,8,3,-0.004208749467
4,9,8,8,-0.094760496819
4,9,9,0, 0.018822805153
4,9,9,1, 0.028488942585
4,9,9,4, 0.031767722603
4,9,9,5, 0.030578256450
4,9,9,6, 0.024234058044
4,9,9,9,-0.114589258127
5,0,0,0, 0.048274833010
5,0,0,1, 0.030443919206
5,0,0,4, 0.011491065969
5,0,0,5, 0.005298593576
5,0,0,6, 0.013616226780
5,0,0,9,-0.007641809536
5,0,1,0, 0.030443919206
5,0,1,1, 0.035888680165
5,0,1,4, 0.009090813570
5,0,1,5, 0.013616226780
5,0,1,6, 0.022882086490
5,0,1,9,-0.011691051441
5,0,2,2, 0.044537676970
5,0,2,7, 0.001775469781
5,0,3,3, 0.044537676970
5,0,3,8, 0.001775469781
5,0,4,0, 0.011491065969
5,0,4,1, 0.009090813570
5,0,4,4, 0.050224518290
5,0,4,5, 0.007641809536
5,0,4,6, 0.011691051441
5,0,4,9,-0.012635372030
5,0,5,0, 0.005298593576
5,0,5,1, 0.013616226780
5,0,5,4, 0.007641809536
5,0,5,5, 0.048274833010
5,0,5,6, 0.030443919206
5,0,5,9,-0.011491065969
5,0,6,0, 0.013616226780
5,0,6,1, 0.022882086490
5,0,6,4, 0.011691051441
5,0,6,5, 0.030443919206
5,0,6,6, 0.035888680165
5,0,6,9,-0.009090813570
5,0,7,2, 0.001775469781
5,0,7,7, 0.044537676970
5,0,8,3, 0.001775469781
5,0,8,8, 0.044537676970
5,0,9,0,-0.007641809536
5,0,9,1,-0.011691051441
5,0,9,4,-0.012635372030
5,0,9,5,-0.011491065969
5,0,9,6,-0.009090813570
5,0,9,9, 0.050224518290
5,1,0,0, 0.102963704029
5,1,0,1, 0.068713248174
5,1,0,4, 0.021955062910
5,1,0,5, 0.013616226780
5,1,0,6, 0.031739773967
5,1,0,9,-0.018897727515
5,1,1,0, 0.068713248174
5,1,1,1, 0.090897347423
5,1,1,4, 0.019269249135
5,1,1,5, 0.043930622009
5,1,1,6, 0.065348544653
5,1,1,9,-0.030150990469
5,1,2,2, 0.098675165801
5,1,2,7, 0.004562664448
5,1,3,3, 0.098675165801
5,1,3,8, 0.004562664448
5,1,4,0, 0.021955062910
5,1,4,1, 0.019269249135
5,1,4,4, 0.109274765465
5,1,4,5, 0.018945369576
5,1,4,6, 0.027140470189
5,1,4,9,-0.030665788016
5,1,5,0, 0.013616226780
5,1,5,1, 0.043930622009
5,1,5,4, 0.018945369576
5,1,5,5, 0.183753972095
5,1,5,6, 0.110675719884
5,1,5,9,-0.018223536481
5,1,6,0, 0.031739773967
5,1,6,1, 0.065348544653
5,1,6,4, 0.027140470189
5,1,6,5, 0.110675719884
5,1,6,6, 0.121982869846
5,1,6,9,-0.013815640148
5,1,7,2, 0.004562664448
5,1,7,7, 0.169023627313
5,1,8,3, 0.004562664448
5,1,8,8, 0.169023627313
5,1,9,0,-0.018897727515
5,1,9,1,-0.030150990469
5,1,9,4,-0.030665788016
5,1,9,5,-0.018223536481
5,1,9,6,-0.013815640148
5,1,9,9, 0.172310934272
5,2,0,2, 0.005341962174
5,2,0,7, 0.000428073542
5,2,1,2, 0.003994363673
5,2,1,7, 0.001189042928
5,2,2,0, 0.005341962174
5,2,2,1, 0.003994363673
5,2,2,4, 0.002574678642
5,2,2,5, 0.000511579301
5,2,2,6, 0.001838795493
5,2,2,9,-0.000699876407
5,2,4,2, 0.002574678642
5,2,4,7, 0.000619544165
5,2,5,2, 0.000511579301
5,2,5,7, 0.002738150514
5,2,6,2, 0.001838795493
5,2,6,7, 0.002270343177
5,2,7,0, 0.000428073542
5,2,7,1, 0.001189042928
5,2,7,4, 0.000619544165
5,2,7,5, 0.002738150514
5,2,7,6, 0.002270343177
5,2,7,9,-0.001658645155
5,2,9,2,-0.000699876407
5,2,9,7,-0.001658645155
5,3,0,3, 0.005341962174
5,3,0,8, 0.000428073542
5,3,1,3, 0.003994363673
5,3,1,8, 0.001189042928
5,3,3,0, 0.005341962174
5,3,3,1, 0.003994363673
5,3,3,4, 0.002574678642
5,3,3,5, 0.000511579301
5,3,3,6, 0.001838795493
5,3,3,9,-0.000699876407
5,3,4,3, 0.002574678642
5,3,4,8, 0.000619544165
5,3,5,3, 0.000511579301
5,3,5,8, 0.002738150514
5,3,6,3, 0.001838795493
5,3,6,8, 0.002270343177
5,3,8,0, 0.000428073542
5,3,8,1, 0.001189042928
5,3,8,4, 0.000619544165
5,3,8,5, 0.002738150514
5,3,8,6, 0.002270343177
5,3,8,9,-0.001658645155
5,3,9,3,-0.000699876407
5,3,9,8,-0.001658645155
5,4,0,0, 0.064363419300
5,4,0,1, 0.041092517511
5,4,0,4, 0.018341147130
5,4,0,5, 0.007641809536
5,4,0,6, 0.018897727515
5,4,0,9,-0.011241336555
5,4,1,0, 0.041092517511
5,4,1,1, 0.048608096976
5,4,1,4, 0.014452987984
5,4,1,5, 0.018945369576
5,4,1,6, 0.031489185354
5,4,1,9,-0.017078922831
5,4,2,2, 0.059369363845
5,4,2,7, 0.002556940520
5,4,3,3, 0.059369363845
5,4,3,8, 0.002556940520
5,4,4,0, 0.018341147130
5,4,4,1, 0.014452987984
5,4,4,4, 0.070109302081
5,4,4,5, 0.011250379184
5,4,4,6, 0.017189880521
5,4,4,9,-0.018822805153
5,4,5,0, 0.007641809536
5,4,5,1, 0.018945369576
5,4,5,4, 0.011250379184
5,4,5,5, 0.065135930263
5,4,5,6, 0.041393134005
5,4,5,9,-0.017789909871
5,4,6,0, 0.018897727515
5,4,6,1, 0.031489185354
5,4,6,4, 0.017189880521
5,4,6,5, 0.041393134005
5,4,6,6, 0.048801735531
5,4,6,9,-0.014085839467
5,4,7,2, 0.002556940520
5,4,7,7, 0.059809159364
5,4,8,3, 0.002556940520
5,4,8,8, 0.059809159364
5,4,9,0,-0.011241336555
5,4,9,1,-0.017078922831
5,4,9,4,-0.018822805153
5,4,9,5,-0.017789909871
5,4,9,6,-0.014085839467
5,4,9,9, 0.070281878458
5,5,0,0, 0.320008379873
5,5,0,1, 0.218115932883
5,5,0,4, 0.063815471820
5,5,0,5, 0.048274833010
5,5,0,6, 0.102963704029
5,5,0,9,-0.064363419300
5,5,1,0, 0.218115932883
5,5,1,1, 0.305167737429
5,5,1,4, 0.059001903249
5,5,1,5, 0.183753972095
5,5,1,6, 0.240164094284
5,5,1,9,-0.100807698536
5,5,2,2, 0.309066393757
5,5,2,7, 0.015495674680
5,5,3,3, 0.309066393757
5,5,3,8, 0.015495674680
5,5,4,0, 0.063815471820
5,5,4,1, 0.059001903249
5,5,4,4, 0.341725643880
5,5,4,5, 0.065135930263
5,5,4,6, 0.087869457589
5,5,4,9,-0.103307923989
5,5,5,0, 0.048274833010
5,5,5,1, 0.183753972095
5,5,5,4, 0.065135930263
5,5,5,5, 0.897251802255
5,5,5,6, 0.504699283325
5,5,6,0, 0.102963704029
5,5,6,1, 0.240164094284
5,5,6,4, 0.087869457589
5,5,6,5, 0.504699283325
5,5,6,6, 0.507364877272
5,5,7,2, 0.015495674680
5,5,7,7, 0.775037038942
5,5,8,3, 0.015495674680
5,5,8,8, 0.775037038942
5,5,9,0,-0.064363419300
5,5,9,1,-0.100807698536
5,5,9,4,-0.103307923989
5,5,9,9, 0.775037038942
5,6,0,0, 0.218115932883
5,6,0,1, 0.148012924470
5,6,0,4, 0.042053579820
5,6,0,5, 0.030443919206
5,6,0,6, 0.068713248174
5,6,0,9,-0.041092517511
5,6,1,0, 0.148012924470
5,6,1,1, 0.205228985257
5,6,1,4, 0.038348645753
5,6,1,5, 0.110675719884
5,6,1,6, 0.156294271660
5,6,1,9,-0.063353632896
5,6,2,2, 0.211135612600
5,6,2,7, 0.010068475919
5,6,3,3, 0.211135612600
5,6,3,8, 0.010068475919
5,6,4,0, 0.042053579820
5,6,4,1, 0.038348645753
5,6,4,4, 0.231095341273
5,6,4,5, 0.041393134005
5,6,4,6, 0.057702679479
5,6,4,9,-0.066079388419
5,6,5,0, 0.030443919206
5,6,5,1, 0.110675719884
5,6,5,4, 0.041393134005
5,6,5,5, 0.504699283325
5,6,5,6, 0.300015949963
5,6,6,0, 0.068713248174
5,6,6,1, 0.156294271660
5,6,6,4, 0.057702679479
5,6,6,5, 0.300015949963
5,6,6,6, 0.324022459289
5,6,7,2, 0.010068475919
5,6,7,7, 0.462081934851
5,6,8,3, 0.010068475919
5,6,8,8, 0.462081934851
5,6,9,0,-0.041092517511
5,6,9,1,-0.063353632896
5,6,9,4,-0.066079388419
5,6,9,9, 0.462081934851
5,7,0,2, 0.012926525038
5,7,0,7, 0.005341962174
5,7,1,2, 0.011970725689
5,7,1,7, 0.034467500398
5,7,2,0, 0.012926525038
5,7,2,1, 0.011970725689
5,7,2,4, 0.006680611855
5,7,2,5, 0.002738150514
5,7,2,6, 0.006573378478
5,7,2,9,-0.003772354492
5,7,4,2, 0.006680611855
5,7,4,7, 0.005971943386
5,7,5,2, 0.002738150514
5,7,5,7, 0.152608082603
5,7,6,2, 0.006573378478
5,7,6,7, 0.101353944495
5,7,7,0, 0.005341962174
5,7,7,1, 0.034467500398
5,7,7,4, 0.005971943386
5,7,7,5, 0.152608082603
5,7,7,6, 0.101353944495
5,7,9,2,-0.003772354492
5,8,0,3, 0.012926525038
5,8,0,8, 0.005341962174
5,8,1,3, 0.011970725689
5,8,1,8, 0.034467500398
5,8,3,0, 0.012926525038
5,8,3,1, 0.011970725689
5,8,3,4, 0.006680611855
5,8,3,5, 0.002738150514
5,8,3,6, 0.006573378478
5,8,3,9,-0.003772354492
5,8,4,3, 0.006680611855
5,8,4,8, 0.005971943386
5,8,5,3, 0.002738150514
5,8,5,8, 0.152608082603
5,8,6,3, 0.006573378478
5,8,6,8, 0.101353944495
5,8,8,0, 0.005341962174
5,8,8,1, 0.034467500398
5,8,8,4, 0.005971943386
5,8,8,5, 0.152608082603
5,8,8,6, 0.101353944495
5,8,9,3,-0.003772354492
5,9,0,0,-0.063815471820
5,9,0,1,-0.042053579820
5,9,0,4,-0.024728680207
5,9,0,5,-0.011491065969
5,9,0,6,-0.021955062910
5,9,0,9, 0.018341147130
5,9,1,0,-0.042053579820
5,9,1,1,-0.047529519724
5,9,1,4,-0.021700114461
5,9,1,5,-0.018223536481
5,9,1,6,-0.028150862272
5,9,1,9, 0.042008197778
5,9,2,2,-0.057625866913
5,9,2,7,-0.003772354492
5,9,3,3,-0.057625866913
5,9,3,8,-0.003772354492
5,9,4,0,-0.024728680207
5,9,4,1,-0.021700114461
5,9,4,4,-0.075960519458
5,9,4,5,-0.017789909871
5,9,4,6,-0.023554174562
5,9,4,9, 0.030578256450
5,9,5,0,-0.011491065969
5,9,5,1,-0.018223536481
5,9,5,4,-0.017789909871
5,9,5,9, 0.152608082603
5,9,6,0,-0.021955062910
5,9,6,1,-0.028150862272
5,9,6,4,-0.023554174562
5,9,6,9, 0.101353944495
5,9,7,2,-0.003772354492
5,9,8,3,-0.003772354492
5,9,9,0, 0.018341147130
5,9,9,1, 0.042008197778
5,9,9,4, 0.030578256450
5,9,9,5, 0.152608082603
5,9,9,6, 0.101353944495
6,0,0,0, 0.183753972095
6,0,0,1, 0.110675719884
6,0,0,4, 0.018223536481
6,0,0,5, 0.013616226780
6,0,0,6, 0.043930622009
6,0,0,9,-0.018945369576
6,0,1,0, 0.110675719884
6,0,1,1, 0.121982869846
6,0,1,4, 0.013815640148
6,0,1,5, 0.031739773967
6,0,1,6, 0.065348544653
6,0,1,9,-0.027140470189
6,0,2,2, 0.169023627313
6,0,2,7, 0.004562664448
6,0,3,3, 0.169023627313
6,0,3,8, 0.004562664448
6,0,4,0, 0.018223536481
6,0,4,1, 0.013815640148
6,0,4,4, 0.172310934272
6,0,4,5, 0.018897727515
6,0,4,6, 0.030150990469
6,0,4,9,-0.030665788016
6,0,5,0, 0.013616226780
6,0,5,1, 0.031739773967
6,0,5,4, 0.018897727515
6,0,5,5, 0.102963704029
6,0,5,6, 0.068713248174
6,0,5,9,-0.021955062910
6,0,6,0, 0.043930622009
6,0,6,1, 0.065348544653
6,0,6,4, 0.030150990469
6,0,6,5, 0.068713248174
6,0,6,6, 0.090897347423
6,0,6,9,-0.019269249135
6,0,7,2, 0.004562664448
6,0,7,7, 0.098675165801
6,0,8,3, 0.004562664448
6,0,8,8, 0.098675165801
6,0,9,0,-0.018945369576
6,0,9,1,-0.027140470189
6,0,9,4,-0.030665788016
6,0,9,5,-0.021955062910
6,0,9,6,-0.019269249135
6,0,9,9, 0.109274765465
6,1,0,0, 0.240164094284
6,1,0,1, 0.156294271660
6,1,0,4, 0.028150862272
6,1,0,5, 0.022882086490
6,1,0,6, 0.065348544653
6,1,0,9,-0.031489185354
6,1,1,0, 0.156294271660
6,1,1,1, 0.197897150068
6,1,1,4, 0.024104807693
6,1,1,5, 0.065348544653
6,1,1,6, 0.120189973021
6,1,1,9,-0.047950432410
6,1,2,2, 0.232958202470
6,1,2,7, 0.007880096609
6,1,3,3, 0.232958202470
6,1,3,8, 0.007880096609
6,1,4,0, 0.028150862272
6,1,4,1, 0.024104807693
6,1,4,4, 0.238782420864
6,1,4,5, 0.031489185354
6,1,4,6, 0.047950432410
6,1,4,9,-0.050692212118
6,1,5,0, 0.022882086490
6,1,5,1, 0.065348544653
6,1,5,4, 0.031489185354
6,1,5,5, 0.240164094284
6,1,5,6, 0.156294271660
6,1,5,9,-0.028150862272
6,1,6,0, 0.065348544653
6,1,6,1, 0.120189973021
6,1,6,4, 0.047950432410
6,1,6,5, 0.156294271660
6,1,6,6, 0.197897150068
6,1,6,9,-0.024104807693
6,1,7,2, 0.007880096609
6,1,7,7, 0.232958202470
6,1,8,3, 0.007880096609
6,1,8,8, 0.232958202470
6,1,9,0,-0.031489185354
6,1,9,1,-0.047950432410
6,1,9,4,-0.050692212118
6,1,9,5,-0.028150862272
6,1,9,6,-0.024104807693
6,1,9,9, 0.238782420864
6,2,0,2, 0.034467500398
6,2,0,7, 0.001189042928
6,2,1,2, 0.024907493161
6,2,1,7, 0.003146771816
6,2,2,0, 0.034467500398
6,2,2,1, 0.024907493161
6,2,2,4, 0.005787704552
6,2,2,5, 0.001838795493
6,2,2,6, 0.009479904403
6,2,2,9,-0.002232702184
6,2,4,2, 0.005787704552
6,2,4,7, 0.001665860328
6,2,5,2, 0.001838795493
6,2,5,7, 0.006573378478
6,2,6,2, 0.009479904403
6,2,6,7, 0.005887641751
6,2,7,0, 0.001189042928
6,2,7,1, 0.003146771816
6,2,7,4, 0.001665860328
6,2,7,5, 0.006573378478
6,2,7,6, 0.005887641751
6,2,7,9,-0.003559441681
6,2,9,2,-0.002232702184
6,2,9,7,-0.003559441681
6,3,0,3, 0.034467500398
6,3,0,8, 0.001189042928
6,3,1,3, 0.024907493161
6,3,1,8, 0.003146771816
6,3,3,0, 0.034467500398
6,3,3,1, 0.024907493161
6,3,3,4, 0.005787704552
6,3,3,5, 0.001838795493
6,3,3,6, 0.009479904403
6,3,3,9,-0.002232702184
6,3,4,3, 0.005787704552
6,3,4,8, 0.001665860328
6,3,5,3, 0.001838795493
6,3,5,8, 0.006573378478
6,3,6,3, 0.009479904403
6,3,6,8, 0.005887641751
6,3,8,0, 0.001189042928
6,3,8,1, 0.003146771816
6,3,8,4, 0.001665860328
6,3,8,5, 0.006573378478
6,3,8,6, 0.005887641751
6,3,8,9,-0.003559441681
6,3,9,3,-0.002232702184
6,3,9,8,-0.003559441681
6,4,0,0, 0.100807698536
6,4,0,1, 0.063353632896
6,4,0,4, 0.042008197778
6,4,0,5, 0.011691051441
6,4,0,6, 0.030150990469
6,4,0,9,-0.017078922831
6,4,1,0, 0.063353632896
6,4,1,1, 0.073018575809
6,4,1,4, 0.030883308947
6,4,1,5, 0.027140470189
6,4,1,6, 0.047950432410
6,4,1,9,-0.024853555086
6,4,2,2, 0.093399937963
6,4,2,7, 0.003965437293
6,4,3,3, 0.093399937963
6,4,3,8, 0.003965437293
6,4,4,0, 0.042008197778
6,4,4,1, 0.030883308947
6,4,4,4, 0.106066062921
6,4,4,5, 0.017189880521
6,4,4,6, 0.028893517183
6,4,4,9,-0.028488942585
6,4,5,0, 0.011691051441
6,4,5,1, 0.027140470189
6,4,5,4, 0.017189880521
6,4,5,5, 0.087869457589
6,4,5,6, 0.057702679479
6,4,5,9,-0.023554174562
6,4,6,0, 0.030150990469
6,4,6,1, 0.047950432410
6,4,6,4, 0.028893517183
6,4,6,5, 0.057702679479
6,4,6,6, 0.071510805854
6,4,6,9,-0.019951029999
6,4,7,2, 0.003965437293
6,4,7,7, 0.082443901752
6,4,8,3, 0.003965437293
6,4,8,8, 0.082443901752
6,4,9,0,-0.017078922831
6,4,9,1,-0.024853555086
6,4,9,4,-0.028488942585
6,4,9,5,-0.023554174562
6,4,9,6,-0.019951029999
6,4,9,9, 0.096303221017
6,5,0,0, 0.218115932883
6,5,0,1, 0.148012924470
6,5,0,4, 0.042053579820
6,5,0,5, 0.030443919206
6,5,0,6, 0.068713248174
6,5,0,9,-0.041092517511
6,5,1,0, 0.148012924470
6,5,1,1, 0.205228985257
6,5,1,4, 0.038348645753
6,5,1,5, 0.110675719884
6,5,1,6, 0.156294271660
6,5,1,9,-0.063353632896
6,5,2,2, 0.211135612600
6,5,2,7, 0.010068475919
6,5,3,3, 0.211135612600
6,5,3,8, 0.010068475919
6,5,4,0, 0.042053579820
6,5,4,1, 0.038348645753
6,5,4,4, 0.231095341273
6,5,4,5, 0.041393134005
6,5,4,6, 0.057702679479
6,5,4,9,-0.066079388419
6,5,5,0, 0.030443919206
6,5,5,1, 0.110675719884
6,5,5,4, 0.041393134005
6,5,5,5, 0.504699283325
6,5,5,6, 0.300015949963
6,5,6,0, 0.068713248174
6,5,6,1, 0.156294271660
6,5,6,4, 0.057702679479
6,5,6,5, 0.300015949963
6,5,6,6, 0.324022459289
6,5,7,2, 0.010068475919
6,5,7,7, 0.462081934851
6,5,8,3, 0.010068475919
6,5,8,8, 0.462081934851
6,5,9,0,-0.041092517511
6,5,9,1,-0.063353632896
6,5,9,4,-0.066079388419
6,5,9,9, 0.462081934851
6,6,0,0, 0.305167737429
6,6,0,1, 0.205228985257
6,6,0,4, 0.047529519724
6,6,0,5, 0.035888680165
6,6,0,6, 0.090897347423
6,6,0,9,-0.048608096976
6,6,1,0, 0.205228985257
6,6,1,1, 0.281001181321
6,6,1,4, 0.042622493497
6,6,1,5, 0.121982869846
6,6,1,6, 0.197897150068
6,6,1,9,-0.073018575809
6,6,2,2, 0.298059626721
6,6,2,7, 0.012258297430
6,6,3,3, 0.298059626721
6,6,3,8, 0.012258297430
6,6,4,0, 0.047529519724
6,6,4,1, 0.042622493497
6,6,4,4, 0.313694798021
6,6,4,5, 0.048801735531
6,6,4,6, 0.071510805854
6,6,4,9,-0.077964529338
6,6,5,0, 0.035888680165
6,6,5,1, 0.121982869846
6,6,5,4, 0.048801735531
6,6,5,5, 0.507364877272
6,6,5,6, 0.324022459289
6,6,6,0, 0.090897347423
6,6,6,1, 0.197897150068
6,6,6,4, 0.071510805854
6,6,6,5, 0.324022459289
6,6,6,6, 0.394125899248
6,6,7,2, 0.012258297430
6,6,7,7, 0.491073083906
6,6,8,3, 0.012258297430
6,6,8,8, 0.491073083906
6,6,9,0,-0.048608096976
6,6,9,1,-0.073018575809
6,6,9,4,-0.077964529338
6,6,9,9, 0.491073083906
6,7,0,2, 0.011970725689
6,7,0,7, 0.003994363673
6,7,1,2, 0.010998919654
6,7,1,7, 0.024907493161
6,7,2,0, 0.011970725689
6,7,2,1, 0.010998919654
6,7,2,4, 0.006015118048
6,7,2,5, 0.002270343177
6,7,2,6, 0.005887641751
6,7,2,9,-0.003116980518
6,7,4,2, 0.006015118048
6,7,4,7, 0.004550749774
6,7,5,2, 0.002270343177
6,7,5,7, 0.101353944495
6,7,6,2, 0.005887641751
6,7,6,7, 0.072461555243
6,7,7,0, 0.003994363673
6,7,7,1, 0.024907493161
6,7,7,4, 0.004550749774
6,7,7,5, 0.101353944495
6,7,7,6, 0.072461555243
6,7,9,2,-0.003116980518
6,8,0,3, 0.011970725689
6,8,0,8, 0.003994363673
6,8,1,3, 0.010998919654
6,8,1,8, 0.024907493161
6,8,3,0, 0.011970725689
6,8,3,1, 0.010998919654
6,8,3,4, 0.006015118048
6,8,3,5, 0.002270343177
6,8,3,6, 0.005887641751
6,8,3,9,-0.003116980518
6,8,4,3, 0.006015118048
6,8,4,8, 0.004550749774
6,8,5,3, 0.002270343177
6,8,5,8, 0.101353944495
6,8,6,3, 0.005887641751
6,8,6,8, 0.072461555243
6,8,8,0, 0.003994363673
6,8,8,1, 0.024907493161
6,8,8,4, 0.004550749774
6,8,8,5, 0.101353944495
6,8,8,6, 0.072461555243
6,8,9,3,-0.003116980518
6,9,0,0,-0.059001903249
6,9,0,1,-0.038348645753
6,9,0,4,-0.021700114461
6,9,0,5,-0.009090813570
6,9,0,6,-0.019269249135
6,9,0,9, 0.014452987984
6,9,1,0,-0.038348645753
6,9,1,1,-0.042622493497
6,9,1,4,-0.018509535382
6,9,1,5,-0.013815640148
6,9,1,6,-0.024104807693
6,9,1,9, 0.030883308947
6,9,2,2,-0.053688500685
6,9,2,7,-0.003116980518
6,9,3,3,-0.053688500685
6,9,3,8,-0.003116980518
6,9,4,0,-0.021700114461
6,9,4,1,-0.018509535382
6,9,4,4,-0.068476065683
6,9,4,5,-0.014085839467
6,9,4,6,-0.019951029999
6,9,4,9, 0.024234058044
6,9,5,0,-0.009090813570
6,9,5,1,-0.013815640148
6,9,5,4,-0.014085839467
6,9,5,9, 0.101353944495
6,9,6,0,-0.019269249135
6,9,6,1,-0.024104807693
6,9,6,4,-0.019951029999
6,9,6,9, 0.072461555243
6,9,7,2,-0.003116980518
6,9,8,3,-0.003116980518
6,9,9,0, 0.014452987984
6,9,9,1, 0.030883308947
6,9,9,4, 0.024234058044
6,9,9,5, 0.101353944495
6,9,9,6, 0.072461555243
7,0,0,2, 0.002738150514
7,0,0,7, 0.000511579301
7,0,1,2, 0.002270343177
7,0,1,7, 0.001838795493
7,0,2,0, 0.002738150514
7,0,2,1, 0.002270343177
7,0,2,4, 0.001658645155
7,0,2,5, 0.000428073542
7,0,2,6, 0.001189042928
7,0,2,9,-0.000619544165
7,0,4,2, 0.001658645155
7,0,4,7, 0.000699876407
7,0,5,2, 0.000428073542
7,0,5,7, 0.005341962174
7,0,6,2, 0.001189042928
7,0,6,7, 0.003994363673
7,0,7,0, 0.000511579301
7,0,7,1, 0.001838795493
7,0,7,4, 0.000699876407
7,0,7,5, 0.005341962174
7,0,7,6, 0.003994363673
7,0,7,9,-0.002574678642
7,0,9,2,-0.000619544165
7,0,9,7,-0.002574678642
7,1,0,2, 0.006573378478
7,1,0,7, 0.001838795493
7,1,1,2, 0.005887641751
7,1,1,7, 0.009479904403
7,1,2,0, 0.006573378478
7,1,2,1, 0.005887641751
7,1,2,4, 0.003559441681
7,1,2,5, 0.001189042928
7,1,2,6, 0.003146771816
7,1,2,9,-0.001665860328
7,1,4,2, 0.003559441681
7,1,4,7, 0.002232702184
7,1,5,2, 0.001189042928
7,1,5,7, 0.034467500398
7,1,6,2, 0.003146771816
7,1,6,7, 0.024907493161
7,1,7,0, 0.001838795493
7,1,7,1, 0.009479904403
7,1,7,4, 0.002232702184
7,1,7,5, 0.034467500398
7,1,7,6, 0.024907493161
7,1,7,9,-0.005787704552
7,1,9,2,-0.001665860328
7,1,9,7,-0.005787704552
7,2,0,0, 0.015495674680
7,2,0,1, 0.010068475919
7,2,0,4, 0.003772354492
7,2,0,5, 0.001775469781
7,2,0,6, 0.004562664448
7,2,0,9,-0.002556940520
7,2,1,0, 0.010068475919
7,2,1,1, 0.012258297430
7,2,1,4, 0.003116980518
7,2,1,5, 0.004562664448
7,2,1,6, 0.007880096609
7,2,1,9,-0.003965437293
7,2,2,2, 0.015188545997
7,2,2,7, 0.000663444585
7,2,3,3, 0.014335147107
7,2,3,8, 0.000582206472
7,2,4,0, 0.003772354492
7,2,4,1, 0.003116980518
7,2,4,4, 0.016412784467
7,2,4,5, 0.002556940520
7,2,4,6, 0.003965437293
7,2,4,9,-0.004208749467
7,2,5,0, 0.001775469781
7,2,5,1, 0.004562664448
7,2,5,4, 0.002556940520
7,2,5,5, 0.015495674680
7,2,5,6, 0.010068475919
7,2,5,9,-0.003772354492
7,2,6,0, 0.004562664448
7,2,6,1, 0.007880096609
7,2,6,4, 0.003965437293
7,2,6,5, 0.010068475919
7,2,6,6, 0.012258297430
7,2,6,9,-0.003116980518
7,2,7,2, 0.000663444585
7,2,7,7, 0.015188545997
7,2,8,3, 0.000582206472
7,2,8,8, 0.014335147107
7,2,9,0,-0.002556940520
7,2,9,1,-0.003965437293
7,2,9,4,-0.004208749467
7,2,9,5,-0.003772354492
7,2,9,6,-0.003116980518
7,2,9,9, 0.016412784467
7,3,2,3, 0.000426699445
7,3,2,8, 0.000040619056
7,3,3,2, 0.000426699445
7,3,3,7, 0.000040619056
7,3,7,3, 0.000040619056
7,3,7,8, 0.000426699445
7,3,8,2, 0.000040619056
7,3,8,7, 0.000426699445
7,4,0,2, 0.003772354492
7,4,0,7, 0.000699876407
7,4,1,2, 0.003116980518
7,4,1,7, 0.002232702184
7,4,2,0, 0.003772354492
7,4,2,1, 0.003116980518
7,4,2,4, 0.002504336804
7,4,2,5, 0.000619544165
7,4,2,6, 0.001665860328
7,4,2,9,-0.000917572132
7,4,4,2, 0.002504336804
7,4,4,7, 0.000998810244
7,4,5,2, 0.000619544165
7,4,5,7, 0.005971943386
7,4,6,2, 0.001665860328
7,4,6,7, 0.004550749774
7,4,7,0, 0.000699876407
7,4,7,1, 0.002232702184
7,4,7,4, 0.000998810244
7,4,7,5, 0.005971943386
7,4,7,6, 0.004550749774
7,4,7,9,-0.003535089310
7,4,9,2,-0.000917572132
7,4,9,7,-0.003535089310
7,5,0,2, 0.012926525038
7,5,0,7, 0.005341962174
7,5,1,2, 0.011970725689
7,5,1,7, 0.034467500398
7,5,2,0, 0.012926525038
7,5,2,1, 0.011970725689
7,5,2,4, 0.006680611855
7,5,2,5, 0.002738150514
7,5,2,6, 0.006573378478
7,5,2,9,-0.003772354492
7,5,4,2, 0.006680611855
7,5,4,7, 0.005971943386
7,5,5,2, 0.002738150514
7,5,5,7, 0.152608082603
7,5,6,2, 0.006573378478
7,5,6,7, 0.101353944495
7,5,7,0, 0.005341962174
7,5,7,1, 0.034467500398
7,5,7,4, 0.005971943386
7,5,7,5, 0.152608082603
7,5,7,6, 0.101353944495
7,5,9,2,-0.003772354492
7,6,0,2, 0.011970725689
7,6,0,7, 0.003994363673
7,6,1,2, 0.010998919654
7,6,1,7, 0.024907493161
7,6,2,0, 0.011970725689
7,6,2,1, 0.010998919654
7,6,2,4, 0.006015118048
7,6,2,5, 0.002270343177
7,6,2,6, 0.005887641751
7,6,2,9,-0.003116980518
7,6,4,2, 0.006015118048
7,6,4,7, 0.004550749774
7,6,5,2, 0.002270343177
7,6,5,7, 0.101353944495
7,6,6,2, 0.005887641751
7,6,6,7, 0.072461555243
7,6,7,0, 0.003994363673
7,6,7,1, 0.024907493161
7,6,7,4, 0.004550749774
7,6,7,5, 0.101353944495
7,6,7,6, 0.072461555243
7,6,9,2,-0.003116980518
7,7,0,0, 0.309066393757
7,7,0,1, 0.211135612600
7,7,0,4, 0.057625866913
7,7,0,5, 0.044537676970
7,7,0,6, 0.098675165801
7,7,0,9,-0.059369363845
7,7,1,0, 0.211135612600
7,7,1,1, 0.298059626721
7,7,1,4, 0.053688500685
7,7,1,5, 0.169023627313
7,7,1,6, 0.232958202470
7,7,1,9,-0.093399937963
7,7,2,2, 0.301422108103
7,7,2,7, 0.015188545997
7,7,3,3, 0.299057413763
7,7,3,8, 0.014335147107
7,7,4,0, 0.057625866913
7,7,4,1, 0.053688500685
7,7,4,4, 0.326818225563
7,7,4,5, 0.059809159364
7,7,4,6, 0.082443901752
7,7,4,9,-0.094760496819
7,7,5,0, 0.044537676970
7,7,5,1, 0.169023627313
7,7,5,4, 0.059809159364
7,7,5,5, 0.775037038942
7,7,5,6, 0.462081934851
7,7,6,0, 0.098675165801
7,7,6,1, 0.232958202470
7,7,6,4, 0.082443901752
7,7,6,5, 0.462081934851
7,7,6,6, 0.491073083906
7,7,7,2, 0.015188545997
7,7,7,7, 0.785718708997
7,7,8,3, 0.014335147107
7,7,8,8, 0.689508254834
7,7,9,0,-0.059369363845
7,7,9,1,-0.093399937963
7,7,9,4,-0.094760496819
7,7,9,9, 0.689508254834
7,8,2,3, 0.001182347170
7,8,2,8, 0.000426699445
7,8,3,2, 0.001182347170
7,8,3,7, 0.000426699445
7,8,7,3, 0.000426699445
7,8,7,8, 0.048105227081
7,8,8,2, 0.000426699445
7,8,8,7, 0.048105227081
7,9,0,2,-0.006680611855
7,9,0,7,-0.002574678642
7,9,1,2,-0.006015118048
7,9,1,7,-0.005787704552
7,9,2,0,-0.006680611855
7,9,2,1,-0.006015118048
7,9,2,4,-0.004526293399
7,9,2,5,-0.001658645155
7,9,2,6,-0.003559441681
7,9,2,9, 0.002504336804
7,9,4,2,-0.004526293399
7,9,4,7,-0.003535089310
7,9,5,2,-0.001658645155
7,9,6,2,-0.003559441681
7,9,7,0,-0.002574678642
7,9,7,1,-0.005787704552
7,9,7,4,-0.003535089310
7,9,7,9, 0.048105227081
7,9,9,2, 0.002504336804
7,9,9,7, 0.048105227081
8,0,0,3, 0.002738150514
8,0,0,8, 0.000511579301
8,0,1,3, 0.002270343177
8,0,1,8, 0.001838795493
8,0,3,0, 0.002738150514
8,0,3,1, 0.002270343177
8,0,3,4, 0.001658645155
8,0,3,5, 0.000428073542
8,0,3,6, 0.001189042928
8,0,3,9,-0.000619544165
8,0,4,3, 0.001658645155
8,0,4,8, 0.000699876407
8,0,5,3, 0.000428073542
8,0,5,8, 0.005341962174
8,0,6,3, 0.001189042928
8,0,6,8, 0.003994363673
8,0,8,0, 0.000511579301
8,0,8,1, 0.001838795493
8,0,8,4, 0.000699876407
8,0,8,5, 0.005341962174
8,0,8,6, 0.003994363673
8,0,8,9,-0.002574678642
8,0,9,3,-0.000619544165
8,0,9,8,-0.002574678642
8,1,0,3, 0.006573378478
8,1,0,8, 0.001838795493
8,1,1,3, 0.005887641751
8,1,1,8, 0.009479904403
8,1,3,0, 0.006573378478
8,1,3,1, 0.005887641751
8,1,3,4, 0.003559441681
8,1,3,5, 0.001189042928
8,1,3,6, 0.003146771816
8,1,3,9,-0.001665860328
8,1,4,3, 0.003559441681
8,1,4,8, 0.002232702184
8,1,5,3, 0.001189042928
8,1,5,8, 0.034467500398
8,1,6,3, 0.003146771816
8,1,6,8, 0.024907493161
8,1,8,0, 0.001838795493
8,1,8,1, 0.009479904403
8,1,8,4, 0.002232702184
8,1,8,5, 0.034467500398
8,1,8,6, 0.024907493161
8,1,8,9,-0.005787704552
8,1,9,3,-0.001665860328
8,1,9,8,-0.005787704552
8,2,2,3, 0.000426699445
8,2,2,8, 0.000040619056
8,2,3,2, 0.000426699445
8,2,3,7, 0.000040619056
8,2,7,3, 0.000040619056
8,2,7,8, 0.000426699445
8,2,8,2, 0.000040619056
8,2,8,7, 0.000426699445
8,3,0,0, 0.015495674680
8,3,0,1, 0.010068475919
8,3,0,4, 0.003772354492
8,3,0,5, 0.001775469781
8,3,0,6, 0.004562664448
8,3,0,9,-0.002556940520
8,3,1,0, 0.010068475919
8,3,1,1, 0.012258297430
8,3,1,4, 0.003116980518
8,3,1,5, 0.004562664448
8,3,1,6, 0.007880096609
8,3,1,9,-0.003965437293
8,3,2,2, 0.014335147107
8,3,2,7, 0.000582206472
8,3,3,3, 0.015188545997
8,3,3,8, 0.000663444585
8,3,4,0, 0.003772354492
8,3,4,1, 0.003116980518
8,3,4,4, 0.016412784467
8,3,4,5, 0.002556940520
8,3,4,6, 0.003965437293
8,3,4,9,-0.004208749467
8,3,5,0, 0.001775469781
8,3,5,1, 0.004562664448
8,3,5,4, 0.002556940520
8,3,5,5, 0.015495674680
8,3,5,6, 0.010068475919
8,3,5,9,-0.003772354492
8,3,6,0, 0.004562664448
8,3,6,1, 0.007880096609
8,3,6,4, 0.003965437293
8,3,6,5, 0.010068475919
8,3,6,6, 0.012258297430
8,3,6,9,-0.003116980518
8,3,7,2, 0.000582206472
8,3,7,7, 0.014335147107
8,3,8,3, 0.000663444585
8,3,8,8, 0.015188545997
8,3,9,0,-0.002556940520
8,3,9,1,-0.003965437293
8,3,9,4,-0.004208749467
8,3,9,5,-0.003772354492
8,3,9,6,-0.003116980518
8,3,9,9, 0.016412784467
8,4,0,3, 0.003772354492
8,4,0,8, 0.000699876407
8,4,1,3, 0.003116980518
8,4,1,8, 0.002232702184
8,4,3,0, 0.003772354492
8,4,3,1, 0.003116980518
8,4,3,4, 0.002504336804
8,4,3,5, 0.000619544165
8,4,3,6, 0.001665860328
8,4,3,9,-0.000917572132
8,4,4,3, 0.002504336804
8,4,4,8, 0.000998810244
8,4,5,3, 0.000619544165
8,4,5,8, 0.005971943386
8,4,6,3, 0.001665860328
8,4,6,8, 0.004550749774
8,4,8,0, 0.000699876407
8,4,8,1, 0.002232702184
8,4,8,4, 0.000998810244
8,4,8,5, 0.005971943386
8,4,8,6, 0.004550749774
8,4,8,9,-0.003535089310
8,4,9,3,-0.000917572132
8,4,9,8,-0.003535089310
8,5,0,3, 0.012926525038
8,5,0,8, 0.005341962174
8,5,1,3, 0.011970725689
8,5,1,8, 0.034467500398
8,5,3,0, 0.012926525038
8,5,3,1, 0.011970725689
8,5,3,4, 0.006680611855
8,5,3,5, 0.002738150514
8,5,3,6, 0.006573378478
8,5,3,9,-0.003772354492
8,5,4,3, 0.006680611855
8,5,4,8, 0.005971943386
8,5,5,3, 0.002738150514
8,5,5,8, 0.152608082603
8,5,6,3, 0.006573378478
8,5,6,8, 0.101353944495
8,5,8,0, 0.005341962174
8,5,8,1, 0.034467500398
8,5,8,4, 0.005971943386
8,5,8,5, 0.152608082603
8,5,8,6, 0.101353944495
8,5,9,3,-0.003772354492
8,6,0,3, 0.011970725689
8,6,0,8, 0.003994363673
8,6,1,3, 0.010998919654
8,6,1,8, 0.024907493161
8,6,3,0, 0.011970725689
8,6,3,1, 0.010998919654
8,6,3,4, 0.006015118048
8,6,3,5, 0.002270343177
8,6,3,6, 0.005887641751
8,6,3,9,-0.003116980518
8,6,4,3, 0.006015118048
8,6,4,8, 0.004550749774
8,6,5,3, 0.002270343177
8,6,5,8, 0.101353944495
8,6,6,3, 0.005887641751
8,6,6,8, 0.072461555243
8,6,8,0, 0.003994363673
8,6,8,1, 0.024907493161
8,6,8,4, 0.004550749774
8,6,8,5, 0.101353944495
8,6,8,6, 0.072461555243
8,6,9,3,-0.003116980518
8,7,2,3, 0.001182347170
8,7,2,8, 0.000426699445
8,7,3,2, 0.001182347170
8,7,3,7, 0.000426699445
8,7,7,3, 0.000426699445
8,7,7,8, 0.048105227081
8,7,8,2, 0.000426699445
8,7,8,7, 0.048105227081
8,8,0,0, 0.309066393757
8,8,0,1, 0.211135612600
8,8,0,4, 0.057625866913
8,8,0,5, 0.044537676970
8,8,0,6, 0.098675165801
8,8,0,9,-0.059369363845
8,8,1,0, 0.211135612600
8,8,1,1, 0.298059626721
8,8,1,4, 0.053688500685
8,8,1,5, 0.169023627313
8,8,1,6, 0.232958202470
8,8,1,9,-0.093399937963
8,8,2,2, 0.299057413763
8,8,2,7, 0.014335147107
8,8,3,3, 0.301422108103
8,8,3,8, 0.015188545997
8,8,4,0, 0.057625866913
8,8,4,1, 0.053688500685
8,8,4,4, 0.326818225563
8,8,4,5, 0.059809159364
8,8,4,6, 0.082443901752
8,8,4,9,-0.094760496819
8,8,5,0, 0.044537676970
8,8,5,1, 0.169023627313
8,8,5,4, 0.059809159364
8,8,5,5, 0.775037038942
8,8,5,6, 0.462081934851
8,8,6,0, 0.098675165801
8,8,6,1, 0.232958202470
8,8,6,4, 0.082443901752
8,8,6,5, 0.462081934851
8,8,6,6, 0.491073083906
8,8,7,2, 0.014335147107
8,8,7,7, 0.689508254834
8,8,8,3, 0.015188545997
8,8,8,8, 0.785718708997
8,8,9,0,-0.059369363845
8,8,9,1,-0.093399937963
8,8,9,4,-0.094760496819
8,8,9,9, 0.689508254834
8,9,0,3,-0.006680611855
8,9,0,8,-0.002574678642
8,9,1,3,-0.006015118048
8,9,1,8,-0.005787704552
8,9,3,0,-0.006680611855
8,9,3,1,-0.006015118048
8,9,3,4,-0.004526293399
8,9,3,5,-0.001658645155
8,9,3,6,-0.003559441681
8,9,3,9, 0.002504336804
8,9,4,3,-0.004526293399
8,9,4,8,-0.003535089310
8,9,5,3,-0.001658645155
8,9,6,3,-0.003559441681
8,9,8,0,-0.002574678642
8,9,8,1,-0.005787704552
8,9,8,4,-0.003535089310
8,9,8,9, 0.048105227081
8,9,9,3, 0.002504336804
8,9,9,8, 0.048105227081
9,0,0,0,-0.065135930263
9,0,0,1,-0.041393134005
9,0,0,4,-0.017789909871
9,0,0,5,-0.007641809536
9,0,0,6,-0.018945369576
9,0,0,9, 0.011250379184
9,0,1,0,-0.041393134005
9,0,1,1,-0.048801735531
9,0,1,4,-0.014085839467
9,0,1,5,-0.018897727515
9,0,1,6,-0.031489185354
9,0,1,9, 0.017189880521
9,0,2,2,-0.059809159364
9,0,2,7,-0.002556940520
9,0,3,3,-0.059809159364
9,0,3,8,-0.002556940520
9,0,4,0,-0.017789909871
9,0,4,1,-0.014085839467
9,0,4,4,-0.070281878458
9,0,4,5,-0.011241336555
9,0,4,6,-0.017078922831
9,0,4,9, 0.018822805153
9,0,5,0,-0.007641809536
9,0,5,1,-0.018897727515
9,0,5,4,-0.011241336555
9,0,5,5,-0.064363419300
9,0,5,6,-0.041092517511
9,0,5,9, 0.018341147130
9,0,6,0,-0.018945369576
9,0,6,1,-0.031489185354
9,0,6,4,-0.017078922831
9,0,6,5,-0.041092517511
9,0,6,6,-0.048608096976
9,0,6,9, 0.014452987984
9,0,7,2,-0.002556940520
9,0,7,7,-0.059369363845
9,0,8,3,-0.002556940520
9,0,8,8,-0.059369363845
9,0,9,0, 0.011250379184
9,0,9,1, 0.017189880521
9,0,9,4, 0.018822805153
9,0,9,5, 0.018341147130
9,0,9,6, 0.014452987984
9,0,9,9,-0.070109302081
9,1,0,0,-0.087869457589
9,1,0,1,-0.057702679479
9,1,0,4,-0.023554174562
9,1,0,5,-0.011691051441
9,1,0,6,-0.027140470189
9,1,0,9, 0.017189880521
9,1,1,0,-0.057702679479
9,1,1,1,-0.071510805854
9,1,1,4,-0.019951029999
9,1,1,5,-0.030150990469
9,1,1,6,-0.047950432410
9,1,1,9, 0.028893517183
9,1,2,2,-0.082443901752
9,1,2,7,-0.003965437293
9,1,3,3,-0.082443901752
9,1,3,8,-0.003965437293
9,1,4,0,-0.023554174562
9,1,4,1,-0.019951029999
9,1,4,4,-0.096303221017
9,1,4,5,-0.017078922831
9,1,4,6,-0.024853555086
9,1,4,9, 0.028488942585
9,1,5,0,-0.011691051441
9,1,5,1,-0.030150990469
9,1,5,4,-0.017078922831
9,1,5,5,-0.100807698536
9,1,5,6,-0.063353632896
9,1,5,9, 0.042008197778
9,1,6,0,-0.027140470189
9,1,6,1,-0.047950432410
9,1,6,4,-0.024853555086
9,1,6,5,-0.063353632896
9,1,6,6,-0.073018575809
9,1,6,9, 0.030883308947
9,1,7,2,-0.003965437293
9,1,7,7,-0.093399937963
9,1,8,3,-0.003965437293
9,1,8,8,-0.093399937963
9,1,9,0, 0.017189880521
9,1,9,1, 0.028893517183
9,1,9,4, 0.028488942585
9,1,9,5, 0.042008197778
9,1,9,6, 0.030883308947
9,1,9,9,-0.106066062921
9,2,0,2,-0.005971943386
9,2,0,7,-0.000619544165
9,2,1,2,-0.004550749774
9,2,1,7,-0.001665860328
9,2,2,0,-0.005971943386
9,2,2,1,-0.004550749774
9,2,2,4,-0.003535089310
9,2,2,5,-0.000699876407
9,2,2,6,-0.002232702184
9,2,2,9, 0.000998810244
9,2,4,2,-0.003535089310
9,2,4,7,-0.000917572132
9,2,5,2,-0.000699876407
9,2,5,7,-0.003772354492
9,2,6,2,-0.002232702184
9,2,6,7,-0.003116980518
9,2,7,0,-0.000619544165
9,2,7,1,-0.001665860328
9,2,7,4,-0.000917572132
9,2,7,5,-0.003772354492
9,2,7,6,-0.003116980518
9,2,7,9, 0.002504336804
9,2,9,2, 0.000998810244
9,2,9,7, 0.002504336804
9,3,0,3,-0.005971943386
9,3,0,8,-0.000619544165
9,3,1,3,-0.004550749774
9,3,1,8,-0.001665860328
9,3,3,0,-0.005971943386
9,3,3,1,-0.004550749774
9,3,3,4,-0.003535089310
9,3,3,5,-0.000699876407
9,3,3,6,-0.002232702184
9,3,3,9, 0.000998810244
9,3,4,3,-0.003535089310
9,3,4,8,-0.000917572132
9,3,5,3,-0.000699876407
9,3,5,8,-0.003772354492
9,3,6,3,-0.002232702184
9,3,6,8,-0.003116980518
9,3,8,0,-0.000619544165
9,3,8,1,-0.001665860328
9,3,8,4,-0.000917572132
9,3,8,5,-0.003772354492
9,3,8,6,-0.003116980518
9,3,8,9, 0.002504336804
9,3,9,3, 0.000998810244
9,3,9,8, 0.002504336804
9,4,0,0,-0.103307923989
9,4,0,1,-0.066079388419
9,4,0,4,-0.030578256450
9,4,0,5,-0.012635372030
9,4,0,6,-0.030665788016
9,4,0,9, 0.018822805153
9,4,1,0,-0.066079388419
9,4,1,1,-0.077964529338
9,4,1,4,-0.024234058044
9,4,1,5,-0.030665788016
9,4,1,6,-0.050692212118
9,4,1,9, 0.028488942585
9,4,2,2,-0.094760496819
9,4,2,7,-0.004208749467
9,4,3,3,-0.094760496819
9,4,3,8,-0.004208749467
9,4,4,0,-0.030578256450
9,4,4,1,-0.024234058044
9,4,4,4,-0.114589258127
9,4,4,5,-0.018822805153
9,4,4,6,-0.028488942585
9,4,4,9, 0.031767722603
9,4,5,0,-0.012635372030
9,4,5,1,-0.030665788016
9,4,5,4,-0.018822805153
9,4,5,5,-0.103307923989
9,4,5,6,-0.066079388419
9,4,5,9, 0.030578256450
9,4,6,0,-0.030665788016
9,4,6,1,-0.050692212118
9,4,6,4,-0.028488942585
9,4,6,5,-0.066079388419
9,4,6,6,-0.077964529338
9,4,6,9, 0.024234058044
9,4,7,2,-0.004208749467
9,4,7,7,-0.094760496819
9,4,8,3,-0.004208749467
9,4,8,8,-0.094760496819
9,4,9,0, 0.018822805153
9,4,9,1, 0.028488942585
9,4,9,4, 0.031767722603
9,4,9,5, 0.030578256450
9,4,9,6, 0.024234058044
9,4,9,9,-0.114589258127
9,5,0,0,-0.063815471820
9,5,0,1,-0.042053579820
9,5,0,4,-0.024728680207
9,5,0,5,-0.011491065969
9,5,0,6,-0.021955062910
9,5,0,9, 0.018341147130
9,5,1,0,-0.042053579820
9,5,1,1,-0.047529519724
9,5,1,4,-0.021700114461
9,5,1,5,-0.018223536481
9,5,1,6,-0.028150862272
9,5,1,9, 0.042008197778
9,5,2,2,-0.057625866913
9,5,2,7,-0.003772354492
9,5,3,3,-0.057625866913
9,5,3,8,-0.003772354492
9,5,4,0,-0.024728680207
9,5,4,1,-0.021700114461
9,5,4,4,-0.075960519458
9,5,4,5,-0.017789909871
9,5,4,6,-0.023554174562
9,5,4,9, 0.030578256450
9,5,5,0,-0.011491065969
9,5,5,1,-0.018223536481
9,5,5,4,-0.017789909871
9,5,5,9, 0.152608082603
9,5,6,0,-0.021955062910
9,5,6,1,-0.028150862272
9,5,6,4,-0.023554174562
9,5,6,9, 0.101353944495
9,5,7,2,-0.003772354492
9,5,8,3,-0.003772354492
9,5,9,0, 0.018341147130
9,5,9,1, 0.042008197778
9,5,9,4, 0.030578256450
9,5,9,5, 0.152608082603
9,5,9,6, 0.101353944495
9,6,0,0,-0.059001903249
9,6,0,1,-0.038348645753
9,6,0,4,-0.021700114461
9,6,0,5,-0.009090813570
9,6,0,6,-0.019269249135
9,6,0,9, 0.014452987984
9,6,1,0,-0.038348645753
9,6,1,1,-0.042622493497
9,6,1,4,-0.018509535382
9,6,1,5,-0.013815640148
9,6,1,6,-0.024104807693
9,6,1,9, 0.030883308947
9,6,2,2,-0.053688500685
9,6,2,7,-0.003116980518
9,6,3,3,-0.053688500685
9,6,3,8,-0.003116980518
9,6,4,0,-0.021700114461
9,6,4,1,-0.018509535382
9,6,4,4,-0.068476065683
9,6,4,5,-0.014085839467
9,6,4,6,-0.019951029999
9,6,4,9, 0.024234058044
9,6,5,0,-0.009090813570
9,6,5,1,-0.013815640148
9,6,5,4,-0.014085839467
9,6,5,9, 0.101353944495
9,6,6,0,-0.019269249135
9,6,6,1,-0.024104807693
9,6,6,4,-0.019951029999
9,6,6,9, 0.072461555243
9,6,7,2,-0.003116980518
9,6,8,3,-0.003116980518
9,6,9,0, 0.014452987984
9,6,9,1, 0.030883308947
9,6,9,4, 0.024234058044
9,6,9,5, 0.101353944495
9,6,9,6, 0.072461555243
9,7,0,2,-0.006680611855
9,7,0,7,-0.002574678642
9,7,1,2,-0.006015118048
9,7,1,7,-0.005787704552
9,7,2,0,-0.006680611855
9,7,2,1,-0.006015118048
9,7,2,4,-0.004526293399
9,7,2,5,-0.001658645155
9,7,2,6,-0.003559441681
9,7,2,9, 0.002504336804
9,7,4,2,-0.004526293399
9,7,4,7,-0.003535089310
9,7,5,2,-0.001658645155
9,7,6,2,-0.003559441681
9,7,7,0,-0.002574678642
9,7,7,1,-0.005787704552
9,7,7,4,-0.003535089310
9,7,7,9, 0.048105227081
9,7,9,2, 0.002504336804
9,7,9,7, 0.048105227081
9,8,0,3,-0.006680611855
9,8,0,8,-0.002574678642
9,8,1,3,-0.006015118048
9,8,1,8,-0.005787704552
9,8,3,0,-0.006680611855
9,8,3,1,-0.006015118048
9,8,3,4,-0.004526293399
9,8,3,5,-0.001658645155
9,8,3,6,-0.003559441681
9,8,3,9, 0.002504336804
9,8,4,3,-0.004526293399
9,8,4,8,-0.003535089310
9,8,5,3,-0.001658645155
9,8,6,3,-0.003559441681
9,8,8,0,-0.002574678642
9,8,8,1,-0.005787704552
9,8,8,4,-0.003535089310
9,8,8,9, 0.048105227081
9,8,9,3, 0.002504336804
9,8,9,8, 0.048105227081
9,9,0,0, 0.341725643880
9,9,0,1, 0.231095341273
9,9,0,4, 0.075960519458
9,9,0,5, 0.050224518290
9,9,0,6, 0.109274765465
9,9,0,9,-0.070109302081
9,9,1,0, 0.231095341273
9,9,1,1, 0.313694798021
9,9,1,4, 0.068476065683
9,9,1,5, 0.172310934272
9,9,1,6, 0.238782420864
9,9,1,9,-0.106066062921
9,9,2,2, 0.326818225563
9,9,2,7, 0.016412784467
9,9,3,3, 0.326818225563
9,9,3,8, 0.016412784467
9,9,4,0, 0.075960519458
9,9,4,1, 0.068476065683
9,9,4,4, 0.371195079847
9,9,4,5, 0.070281878458
9,9,4,6, 0.096303221017
9,9,4,9,-0.114589258127
9,9,5,0, 0.050224518290
9,9,5,1, 0.172310934272
9,9,5,4, 0.070281878458
9,9,5,5, 0.775037038942
9,9,5,6, 0.462081934851
9,9,6,0, 0.109274765465
9,9,6,1, 0.238782420864
9,9,6,4, 0.096303221017
9,9,6,5, 0.462081934851
9,9,6,6, 0.491073083906
9,9,7,2, 0.016412784467
9,9,7,7, 0.689508254834
9,9,8,3, 0.016412784467
9,9,8,8, 0.689508254834
9,9,9,0,-0.070109302081
9,9,9,1,-0.106066062921
9,9,9,4,-0.114589258127
9,9,9,9, 0.785718708997
