0,0,0,0, 0.897251802255
0,0,0,1, 0.504699283325
0,0,0,5, 0.273639609579
0,0,0,6, 0.349512508511
0,0,0,9,-0.373548683817
0,0,1,0, 0.504699283325
0,0,1,1, 0.507364877272
0,0,1,5, 0.263766642874
0,0,1,6, 0.385774660587
0,0,1,9,-0.188294920332
0,0,2,2, 0.775037038942
0,0,2,7, 0.183375202135
0,0,3,3, 0.775037038942
0,0,3,8, 0.183375202135
0,0,4,4, 0.775037038942
0,0,4,5, 0.281968694663
0,0,4,6, 0.118056287510
0,0,4,9,-0.340279713208
0,0,5,0, 0.273639609579
0,0,5,1, 0.263766642874
0,0,5,4, 0.281968694663
0,0,5,5, 0.506923277558
0,0,5,6, 0.330615765656
0,0,5,9,-0.135912152551
0,0,6,0, 0.349512508511
0,0,6,1, 0.385774660587
0,0,6,4, 0.118056287510
0,0,6,5, 0.330615765656
0,0,6,6, 0.408303735604
0,0,6,9,-0.113258267552
0,0,7,2, 0.183375202135
0,0,7,7, 0.472164034228
0,0,8,3, 0.183375202135
0,0,8,8, 0.472164034228
0,0,9,0,-0.373548683817
0,0,9,1,-0.188294920332
0,0,9,4,-0.340279713208
0,0,9,5,-0.135912152551
0,0,9,6,-0.113258267552
0,0,9,9, 0.556650476934
0,1,0,0, 0.504699283325
0,1,0,1, 0.300015949963
0,1,0,5, 0.164031185463
0,1,0,6, 0.208778336135
0,1,0,9,-0.214639987940
0,1,1,0, 0.300015949963
0,1,1,1, 0.324022459289
0,1,1,5, 0.168043880520
0,1,1,6, 0.248201894069
0,1,1,9,-0.109667327967
0,1,2,2, 0.462081934851
0,1,2,7, 0.113862787415
0,1,3,3, 0.462081934851
0,1,3,8, 0.113862787415
0,1,4,4, 0.462081934851
0,1,4,5, 0.175514962404
0,1,4,6, 0.073941852536
0,1,4,9,-0.203475969916
0,1,5,0, 0.164031185463
0,1,5,1, 0.168043880520
0,1,5,4, 0.175514962404
0,1,5,5, 0.330615765656
0,1,5,6, 0.214946810421
0,1,5,9,-0.073486968447
0,1,6,0, 0.208778336135
0,1,6,1, 0.248201894069
0,1,6,4, 0.073941852536
0,1,6,5, 0.214946810421
0,1,6,6, 0.267583137924
0,1,6,9,-0.061385761150
0,1,7,2, 0.113862787415
0,1,7,7, 0.312691332227
0,1,8,3, 0.113862787415
0,1,8,8, 0.312691332227
0,1,9,0,-0.214639987940
0,1,9,1,-0.109667327967
0,1,9,4,-0.203475969916
0,1,9,5,-0.073486968447
0,1,9,6,-0.061385761150
0,1,9,9, 0.347822709406
0,2,0,2, 0.152608082603
0,2,0,7, 0.033115660501
0,2,1,2, 0.101353944495
0,2,1,7, 0.033619487493
0,2,2,0, 0.152608082603
0,2,2,1, 0.101353944495
0,2,2,5, 0.041569743694
0,2,2,6, 0.068504899233
0,2,2,9,-0.061416855275
0,2,4,7, 0.035703863661
0,2,5,2, 0.041569743694
0,2,5,7, 0.046337164797
0,2,6,2, 0.068504899233
0,2,6,7, 0.038461895702
0,2,7,0, 0.033115660501
0,2,7,1, 0.033619487493
0,2,7,4, 0.035703863661
0,2,7,5, 0.046337164797
0,2,7,6, 0.038461895702
0,2,7,9,-0.028780948236
0,2,9,2,-0.061416855275
0,2,9,7,-0.028780948236
0,3,0,3, 0.152608082603
0,3,0,8, 0.033115660501
0,3,1,3, 0.101353944495
0,3,1,8, 0.033619487493
0,3,3,0, 0.152608082603
0,3,3,1, 0.101353944495
0,3,3,5, 0.041569743694
0,3,3,6, 0.068504899233
0,3,3,9,-0.061416855275
0,3,4,8, 0.035703863661
0,3,5,3, 0.041569743694
0,3,5,8, 0.046337164797
0,3,6,3, 0.068504899233
0,3,6,8, 0.038461895702
0,3,8,0, 0.033115660501
0,3,8,1, 0.033619487493
0,3,8,4, 0.035703863661
0,3,8,5, 0.046337164797
0,3,8,6, 0.038461895702
0,3,8,9,-0.028780948236
0,3,9,3,-0.061416855275
0,3,9,8,-0.028780948236
0,4,0,4, 0.152608082603
0,4,0,5, 0.050759897414
0,4,0,6, 0.021367973804
0,4,0,9,-0.065330894443
0,4,1,4, 0.101353944495
0,4,1,5, 0.053933517781
0,4,1,6, 0.029720632762
0,4,1,9,-0.036160441006
0,4,2,7, 0.035703863661
0,4,3,8, 0.035703863661
0,4,4,0, 0.152608082603
0,4,4,1, 0.101353944495
0,4,4,5, 0.087964282863
0,4,4,6, 0.073921594087
0,4,4,9,-0.103802426039
0,4,5,0, 0.050759897414
0,4,5,1, 0.053933517781
0,4,5,4, 0.087964282863
0,4,5,5, 0.135912152551
0,4,5,6, 0.073486968447
0,4,5,9,-0.045044402107
0,4,6,0, 0.021367973804
0,4,6,1, 0.029720632762
0,4,6,4, 0.073921594087
0,4,6,5, 0.073486968447
0,4,6,6, 0.054196054373
0,4,6,9,-0.026772942888
0,4,7,2, 0.035703863661
0,4,7,7, 0.114954332160
0,4,8,3, 0.035703863661
0,4,8,8, 0.114954332160
0,4,9,0,-0.065330894443
0,4,9,1,-0.036160441006
0,4,9,4,-0.103802426039
0,4,9,5,-0.045044402107
0,4,9,6,-0.026772942888
0,4,9,9, 0.139113311709
0,5,0,0, 0.273639609579
0,5,0,1, 0.164031185463
0,5,0,4, 0.050759897414
0,5,0,5, 0.113888389855
0,5,0,6, 0.123227486617
0,5,0,9,-0.140695685081
0,5,1,0, 0.164031185463
0,5,1,1, 0.178639356450
0,5,1,4, 0.037423592547
0,5,1,5, 0.123227486617
0,5,1,6, 0.152209722058
0,5,1,9,-0.071164500265
0,5,2,2, 0.246271210180
0,5,2,7, 0.077857330871
0,5,3,3, 0.246271210180
0,5,3,8, 0.077857330871
0,5,4,0, 0.050759897414
0,5,4,1, 0.037423592547
0,5,4,4, 0.266089824826
0,5,4,5, 0.140695685081
0,5,4,6, 0.071164500265
0,5,4,9,-0.153709992347
0,5,5,0, 0.113888389855
0,5,5,1, 0.123227486617
0,5,5,4, 0.140695685081
0,5,5,5, 0.273639609579
0,5,5,6, 0.164031185463
0,5,5,9,-0.050759897414
0,5,6,0, 0.123227486617
0,5,6,1, 0.152209722058
0,5,6,4, 0.071164500265
0,5,6,5, 0.164031185463
0,5,6,6, 0.178639356450
0,5,6,9,-0.037423592547
0,5,7,2, 0.077857330871
0,5,7,7, 0.246271210180
0,5,8,3, 0.077857330871
0,5,8,8, 0.246271210180
0,5,9,0,-0.140695685081
0,5,9,1,-0.071164500265
0,5,9,4,-0.153709992347
0,5,9,5,-0.050759897414
0,5,9,6,-0.037423592547
0,5,9,9, 0.266089824826
0,6,0,0, 0.349512508511
0,6,0,1, 0.208778336135
0,6,0,4, 0.021367973804
0,6,0,5, 0.123227486617
0,6,0,6, 0.149153036498
0,6,0,9,-0.158167140752
0,6,1,0, 0.208778336135
0,6,1,1, 0.227174269627
0,6,1,4, 0.016046190936
0,6,1,5, 0.129387307489
0,6,1,6, 0.180949939097
0,6,1,9,-0.080599950530
0,6,2,2, 0.320551354122
0,6,2,7, 0.085922424231
0,6,3,3, 0.320551354122
0,6,3,8, 0.085922424231
0,6,4,0, 0.021367973804
0,6,4,1, 0.016046190936
0,6,4,4, 0.322905311098
0,6,4,5, 0.138360280782
0,6,4,6, 0.063950000011
0,6,4,9,-0.157154923706
0,6,5,0, 0.123227486617
0,6,5,1, 0.129387307489
0,6,5,4, 0.138360280782
0,6,5,5, 0.263766642874
0,6,5,6, 0.168043880520
0,6,5,9,-0.053933517781
0,6,6,0, 0.149153036498
0,6,6,1, 0.180949939097
0,6,6,4, 0.063950000011
0,6,6,5, 0.168043880520
0,6,6,6, 0.201463965235
0,6,6,9,-0.043726172440
0,6,7,2, 0.085922424231
0,6,7,7, 0.248031102844
0,6,8,3, 0.085922424231
0,6,8,8, 0.248031102844
0,6,9,0,-0.158167140752
0,6,9,1,-0.080599950530
0,6,9,4,-0.157154923706
0,6,9,5,-0.053933517781
0,6,9,6,-0.043726172440
0,6,9,9, 0.270927885352
0,7,0,2, 0.033115660501
0,7,0,7, 0.017337983355
0,7,1,2, 0.024260378278
0,7,1,7, 0.022340220571
0,7,2,0, 0.033115660501
0,7,2,1, 0.024260378278
0,7,2,4, 0.015316266090
0,7,2,5, 0.016610620677
0,7,2,6, 0.019448363189
0,7,2,9,-0.021858197782
0,7,4,2, 0.015316266090
0,7,4,7, 0.024060688018
0,7,5,2, 0.016610620677
0,7,5,7, 0.041569743694
0,7,6,2, 0.019448363189
0,7,6,7, 0.029356689713
0,7,7,0, 0.017337983355
0,7,7,1, 0.022340220571
0,7,7,4, 0.024060688018
0,7,7,5, 0.041569743694
0,7,7,6, 0.029356689713
0,7,7,9,-0.013773025365
0,7,9,2,-0.021858197782
0,7,9,7,-0.013773025365
0,8,0,3, 0.033115660501
0,8,0,8, 0.017337983355
0,8,1,3, 0.024260378278
0,8,1,8, 0.022340220571
0,8,3,0, 0.033115660501
0,8,3,1, 0.024260378278
0,8,3,4, 0.015316266090
0,8,3,5, 0.016610620677
0,8,3,6, 0.019448363189
0,8,3,9,-0.021858197782
0,8,4,3, 0.015316266090
0,8,4,8, 0.024060688018
0,8,5,3, 0.016610620677
0,8,5,8, 0.041569743694
0,8,6,3, 0.019448363189
0,8,6,8, 0.029356689713
0,8,8,0, 0.017337983355
0,8,8,1, 0.022340220571
0,8,8,4, 0.024060688018
0,8,8,5, 0.041569743694
0,8,8,6, 0.029356689713
0,8,8,9,-0.013773025365
0,8,9,3,-0.021858197782
0,8,9,8,-0.013773025365
0,9,0,0,-0.373548683817
0,9,0,1,-0.214639987940
0,9,0,4,-0.065330894443
0,9,0,5,-0.140695685081
0,9,0,6,-0.158167140752
0,9,0,9, 0.188616532269
0,9,1,0,-0.214639987940
0,9,1,1,-0.218946783660
0,9,1,4,-0.043562734271
0,9,1,5,-0.138360280782
0,9,1,6,-0.178837714191
0,9,1,9, 0.099269984169
0,9,2,2,-0.326767678763
0,9,2,7,-0.095634930017
0,9,3,3,-0.326767678763
0,9,3,8,-0.095634930017
0,9,4,0,-0.065330894443
0,9,4,1,-0.043562734271
0,9,4,4,-0.345224439513
0,9,4,5,-0.165534777407
0,9,4,6,-0.084688248324
0,9,4,9, 0.198373171399
0,9,5,0,-0.140695685081
0,9,5,1,-0.138360280782
0,9,5,4,-0.165534777407
0,9,5,5,-0.281968694663
0,9,5,6,-0.175514962404
0,9,5,9, 0.087964282863
0,9,6,0,-0.158167140752
0,9,6,1,-0.178837714191
0,9,6,4,-0.084688248324
0,9,6,5,-0.175514962404
0,9,6,6,-0.198531700354
0,9,6,9, 0.065112302099
0,9,7,2,-0.095634930017
0,9,7,7,-0.256489625919
0,9,8,3,-0.095634930017
0,9,8,8,-0.256489625919
0,9,9,0, 0.188616532269
0,9,9,1, 0.099269984169
0,9,9,4, 0.198373171399
0,9,9,5, 0.087964282863
0,9,9,6, 0.065112302099
0,9,9,9,-0.302183499180
1,0,0,0, 0.504699283325
1,0,0,1, 0.300015949963
1,0,0,5, 0.164031185463
1,0,0,6, 0.208778336135
1,0,0,9,-0.214639987940
1,0,1,0, 0.300015949963
1,0,1,1, 0.324022459289
1,0,1,5, 0.168043880520
1,0,1,6, 0.248201894069
1,0,1,9,-0.109667327967
1,0,2,2, 0.462081934851
1,0,2,7, 0.113862787415
1,0,3,3, 0.462081934851
1,0,3,8, 0.113862787415
1,0,4,4, 0.462081934851
1,0,4,5, 0.175514962404
1,0,4,6, 0.073941852536
1,0,4,9,-0.203475969916
1,0,5,0, 0.164031185463
1,0,5,1, 0.168043880520
1,0,5,4, 0.175514962404
1,0,5,5, 0.330615765656
1,0,5,6, 0.214946810421
1,0,5,9,-0.073486968447
1,0,6,0, 0.208778336135
1,0,6,1, 0.248201894069
1,0,6,4, 0.073941852536
1,0,6,5, 0.214946810421
1,0,6,6, 0.267583137924
1,0,6,9,-0.061385761150
1,0,7,2, 0.113862787415
1,0,7,7, 0.312691332227
1,0,8,3, 0.113862787415
1,0,8,8, 0.312691332227
1,0,9,0,-0.214639987940
1,0,9,1,-0.109667327967
1,0,9,4,-0.203475969916
1,0,9,5,-0.073486968447
1,0,9,6,-0.061385761150
1,0,9,9, 0.347822709406
1,1,0,0, 0.507364877272
1,1,0,1, 0.324022459289
1,1,0,5, 0.178639356450
1,1,0,6, 0.227174269627
1,1,0,9,-0.218946783660
1,1,1,0, 0.324022459289
1,1,1,1, 0.394125899248
1,1,1,5, 0.201463965235
1,1,1,6, 0.306633074247
1,1,1,9,-0.109472262944
1,1,2,2, 0.491073083906
1,1,2,7, 0.128281300600
1,1,3,3, 0.491073083906
1,1,3,8, 0.128281300600
1,1,4,4, 0.491073083906
1,1,4,5, 0.198531700354
1,1,4,6, 0.084721901564
1,1,4,9,-0.215753090547
1,1,5,0, 0.178639356450
1,1,5,1, 0.201463965235
1,1,5,4, 0.198531700354
1,1,5,5, 0.408303735604
1,1,5,6, 0.267583137924
1,1,5,9,-0.054196054373
1,1,6,0, 0.227174269627
1,1,6,1, 0.306633074247
1,1,6,4, 0.084721901564
1,1,6,5, 0.267583137924
1,1,6,6, 0.344111848157
1,1,6,9,-0.046799893559
1,1,7,2, 0.128281300600
1,1,7,7, 0.396463386705
1,1,8,3, 0.128281300600
1,1,8,8, 0.396463386705
1,1,9,0,-0.218946783660
1,1,9,1,-0.109472262944
1,1,9,4,-0.215753090547
1,1,9,5,-0.054196054373
1,1,9,6,-0.046799893559
1,1,9,9, 0.409549173303
1,2,0,2, 0.101353944495
1,2,0,7, 0.024260378278
1,2,1,2, 0.072461555243
1,2,1,7, 0.027012264505
1,2,2,0, 0.101353944495
1,2,2,1, 0.072461555243
1,2,2,5, 0.029356689713
1,2,2,6, 0.049169126246
1,2,2,9,-0.041557836151
1,2,4,7, 0.027189861122
1,2,5,2, 0.029356689713
1,2,5,7, 0.038461895702
1,2,6,2, 0.049169126246
1,2,6,7, 0.031893533607
1,2,7,0, 0.024260378278
1,2,7,1, 0.027012264505
1,2,7,4, 0.027189861122
1,2,7,5, 0.038461895702
1,2,7,6, 0.031893533607
1,2,7,9,-0.020460885842
1,2,9,2,-0.041557836151
1,2,9,7,-0.020460885842
1,3,0,3, 0.101353944495
1,3,0,8, 0.024260378278
1,3,1,3, 0.072461555243
1,3,1,8, 0.027012264505
1,3,3,0, 0.101353944495
1,3,3,1, 0.072461555243
1,3,3,5, 0.029356689713
1,3,3,6, 0.049169126246
1,3,3,9,-0.041557836151
1,3,4,8, 0.027189861122
1,3,5,3, 0.029356689713
1,3,5,8, 0.038461895702
1,3,6,3, 0.049169126246
1,3,6,8, 0.031893533607
1,3,8,0, 0.024260378278
1,3,8,1, 0.027012264505
1,3,8,4, 0.027189861122
1,3,8,5, 0.038461895702
1,3,8,6, 0.031893533607
1,3,8,9,-0.020460885842
1,3,9,3,-0.041557836151
1,3,9,8,-0.020460885842
1,4,0,4, 0.101353944495
1,4,0,5, 0.037423592547
1,4,0,6, 0.016046190936
1,4,0,9,-0.043562734271
1,4,1,4, 0.072461555243
1,4,1,5, 0.043726172440
1,4,1,6, 0.025125769721
1,4,1,9,-0.023958556422
1,4,2,7, 0.027189861122
1,4,3,8, 0.027189861122
1,4,4,0, 0.101353944495
1,4,4,1, 0.072461555243
1,4,4,5, 0.065112302099
1,4,4,6, 0.053440893808
1,4,4,9,-0.070792777873
1,4,5,0, 0.037423592547
1,4,5,1, 0.043726172440
1,4,5,4, 0.065112302099
1,4,5,5, 0.113258267552
1,4,5,6, 0.061385761150
1,4,5,9,-0.026772942888
1,4,6,0, 0.016046190936
1,4,6,1, 0.025125769721
1,4,6,4, 0.053440893808
1,4,6,5, 0.061385761150
1,4,6,6, 0.046799893559
1,4,6,9,-0.015299101509
1,4,7,2, 0.027189861122
1,4,7,7, 0.098897063346
1,4,8,3, 0.027189861122
1,4,8,8, 0.098897063346
1,4,9,0,-0.043562734271
1,4,9,1,-0.023958556422
1,4,9,4,-0.070792777873
1,4,9,5,-0.026772942888
1,4,9,6,-0.015299101509
1,4,9,9, 0.105802106842
1,5,0,0, 0.263766642874
1,5,0,1, 0.168043880520
1,5,0,4, 0.053933517781
1,5,0,5, 0.123227486617
1,5,0,6, 0.129387307489
1,5,0,9,-0.138360280782
1,5,1,0, 0.168043880520
1,5,1,1, 0.201463965235
1,5,1,4, 0.043726172440
1,5,1,5, 0.149153036498
1,5,1,6, 0.180949939097
1,5,1,9,-0.063950000011
1,5,2,2, 0.248031102844
1,5,2,7, 0.085922424231
1,5,3,3, 0.248031102844
1,5,3,8, 0.085922424231
1,5,4,0, 0.053933517781
1,5,4,1, 0.043726172440
1,5,4,4, 0.270927885352
1,5,4,5, 0.158167140752
1,5,4,6, 0.080599950530
1,5,4,9,-0.157154923706
1,5,5,0, 0.123227486617
1,5,5,1, 0.149153036498
1,5,5,4, 0.158167140752
1,5,5,5, 0.349512508511
1,5,5,6, 0.208778336135
1,5,5,9,-0.021367973804
1,5,6,0, 0.129387307489
1,5,6,1, 0.180949939097
1,5,6,4, 0.080599950530
1,5,6,5, 0.208778336135
1,5,6,6, 0.227174269627
1,5,6,9,-0.016046190936
1,5,7,2, 0.085922424231
1,5,7,7, 0.320551354122
1,5,8,3, 0.085922424231
1,5,8,8, 0.320551354122
1,5,9,0,-0.138360280782
1,5,9,1,-0.063950000011
1,5,9,4,-0.157154923706
1,5,9,5,-0.021367973804
1,5,9,6,-0.016046190936
1,5,9,9, 0.322905311098
1,6,0,0, 0.385774660587
1,6,0,1, 0.248201894069
1,6,0,4, 0.029720632762
1,6,0,5, 0.152209722058
1,6,0,6, 0.180949939097
1,6,0,9,-0.178837714191
1,6,1,0, 0.248201894069
1,6,1,1, 0.306633074247
1,6,1,4, 0.025125769721
1,6,1,5, 0.180949939097
1,6,1,6, 0.256075826911
1,6,1,9,-0.085046577071
1,6,2,2, 0.373673160724
1,6,2,7, 0.109534565244
1,6,3,3, 0.373673160724
1,6,3,8, 0.109534565244
1,6,4,0, 0.029720632762
1,6,4,1, 0.025125769721
1,6,4,4, 0.377542913373
1,6,4,5, 0.178837714191
1,6,4,6, 0.085046577071
1,6,4,9,-0.186075011921
1,6,5,0, 0.152209722058
1,6,5,1, 0.180949939097
1,6,5,4, 0.178837714191
1,6,5,5, 0.385774660587
1,6,5,6, 0.248201894069
1,6,5,9,-0.029720632762
1,6,6,0, 0.180949939097
1,6,6,1, 0.256075826911
1,6,6,4, 0.085046577071
1,6,6,5, 0.248201894069
1,6,6,6, 0.306633074247
1,6,6,9,-0.025125769721
1,6,7,2, 0.109534565244
1,6,7,7, 0.373673160724
1,6,8,3, 0.109534565244
1,6,8,8, 0.373673160724
1,6,9,0,-0.178837714191
1,6,9,1,-0.085046577071
1,6,9,4,-0.186075011921
1,6,9,5,-0.029720632762
1,6,9,6,-0.025125769721
1,6,9,9, 0.377542913373
1,7,0,2, 0.033619487493
1,7,0,7, 0.022340220571
1,7,1,2, 0.027012264505
1,7,1,7, 0.034625388633
1,7,2,0, 0.033619487493
1,7,2,1, 0.027012264505
1,7,2,4, 0.016660181995
1,7,2,5, 0.019448363189
1,7,2,6, 0.022370454527
1,7,2,9,-0.023006933886
1,7,4,2, 0.016660181995
1,7,4,7, 0.031334454080
1,7,5,2, 0.019448363189
1,7,5,7, 0.068504899233
1,7,6,2, 0.022370454527
1,7,6,7, 0.049169126246
1,7,7,0, 0.022340220571
1,7,7,1, 0.034625388633
1,7,7,4, 0.031334454080
1,7,7,5, 0.068504899233
1,7,7,6, 0.049169126246
1,7,7,9,-0.006998305239
1,7,9,2,-0.023006933886
1,7,9,7,-0.006998305239
1,8,0,3, 0.033619487493
1,8,0,8, 0.022340220571
1,8,1,3, 0.027012264505
1,8,1,8, 0.034625388633
1,8,3,0, 0.033619487493
1,8,3,1, 0.027012264505
1,8,3,4, 0.016660181995
1,8,3,5, 0.019448363189
1,8,3,6, 0.022370454527
1,8,3,9,-0.023006933886
1,8,4,3, 0.016660181995
1,8,4,8, 0.031334454080
1,8,5,3, 0.019448363189
1,8,5,8, 0.068504899233
1,8,6,3, 0.022370454527
1,8,6,8, 0.049169126246
1,8,8,0, 0.022340220571
1,8,8,1, 0.034625388633
1,8,8,4, 0.031334454080
1,8,8,5, 0.068504899233
1,8,8,6, 0.049169126246
1,8,8,9,-0.006998305239
1,8,9,3,-0.023006933886
1,8,9,8,-0.006998305239
1,9,0,0,-0.188294920332
1,9,0,1,-0.109667327967
1,9,0,4,-0.036160441006
1,9,0,5,-0.071164500265
1,9,0,6,-0.080599950530
1,9,0,9, 0.099269984169
1,9,1,0,-0.109667327967
1,9,1,1,-0.109472262944
1,9,1,4,-0.023958556422
1,9,1,5,-0.063950000011
1,9,1,6,-0.085046577071
1,9,1,9, 0.060371021522
1,9,2,2,-0.169823282057
1,9,2,7,-0.050222523937
1,9,3,3,-0.169823282057
1,9,3,8,-0.050222523937
1,9,4,0,-0.036160441006
1,9,4,1,-0.023958556422
1,9,4,4,-0.178655323520
1,9,4,5,-0.084688248324
1,9,4,6,-0.044214453750
1,9,4,9, 0.106879197233
1,9,5,0,-0.071164500265
1,9,5,1,-0.063950000011
1,9,5,4,-0.084688248324
1,9,5,5,-0.118056287510
1,9,5,6,-0.073941852536
1,9,5,9, 0.073921594087
1,9,6,0,-0.080599950530
1,9,6,1,-0.085046577071
1,9,6,4,-0.044214453750
1,9,6,5,-0.073941852536
1,9,6,6,-0.084721901564
1,9,6,9, 0.053440893808
1,9,7,2,-0.050222523937
1,9,7,7,-0.109262814073
1,9,8,3,-0.050222523937
1,9,8,8,-0.109262814073
1,9,9,0, 0.099269984169
1,9,9,1, 0.060371021522
1,9,9,4, 0.106879197233
1,9,9,5, 0.073921594087
1,9,9,6, 0.053440893808
1,9,9,9,-0.123736556742
2,0,0,2, 0.152608082603
2,0,0,7, 0.033115660501
2,0,1,2, 0.101353944495
2,0,1,7, 0.033619487493
2,0,2,0, 0.152608082603
2,0,2,1, 0.101353944495
2,0,2,5, 0.041569743694
2,0,2,6, 0.068504899233
2,0,2,9,-0.061416855275
2,0,4,7, 0.035703863661
2,0,5,2, 0.041569743694
2,0,5,7, 0.046337164797
2,0,6,2, 0.068504899233
2,0,6,7, 0.038461895702
2,0,7,0, 0.033115660501
2,0,7,1, 0.033619487493
2,0,7,4, 0.035703863661
2,0,7,5, 0.046337164797
2,0,7,6, 0.038461895702
2,0,7,9,-0.028780948236
2,0,9,2,-0.061416855275
2,0,9,7,-0.028780948236
2,1,0,2, 0.101353944495
2,1,0,7, 0.024260378278
2,1,1,2, 0.072461555243
2,1,1,7, 0.027012264505
2,1,2,0, 0.101353944495
2,1,2,1, 0.072461555243
2,1,2,5, 0.029356689713
2,1,2,6, 0.049169126246
2,1,2,9,-0.041557836151
2,1,4,7, 0.027189861122
2,1,5,2, 0.029356689713
2,1,5,7, 0.038461895702
2,1,6,2, 0.049169126246
2,1,6,7, 0.031893533607
2,1,7,0, 0.024260378278
2,1,7,1, 0.027012264505
2,1,7,4, 0.027189861122
2,1,7,5, 0.038461895702
2,1,7,6, 0.031893533607
2,1,7,9,-0.020460885842
2,1,9,2,-0.041557836151
2,1,9,7,-0.020460885842
2,2,0,0, 0.775037038942
2,2,0,1, 0.462081934851
2,2,0,5, 0.246271210180
2,2,0,6, 0.320551354122
2,2,0,9,-0.326767678763
2,2,1,0, 0.462081934851
2,2,1,1, 0.491073083906
2,2,1,5, 0.248031102844
2,2,1,6, 0.373673160724
2,2,1,9,-0.169823282057
2,2,2,2, 0.785718708997
2,2,2,7, 0.182970285134
2,2,3,3, 0.689508254834
2,2,3,8, 0.165980581359
2,2,4,4, 0.689508254834
2,2,4,5, 0.256489625919
2,2,4,6, 0.109262814073
2,2,4,9,-0.302986368283
2,2,5,0, 0.246271210180
2,2,5,1, 0.248031102844
2,2,5,4, 0.256489625919
2,2,5,5, 0.472164034228
2,2,5,6, 0.312691332227
2,2,5,9,-0.114954332160
2,2,6,0, 0.320551354122
2,2,6,1, 0.373673160724
2,2,6,4, 0.109262814073
2,2,6,5, 0.312691332227
2,2,6,6, 0.396463386705
2,2,6,9,-0.098897063346
2,2,7,2, 0.182970285134
2,2,7,7, 0.459952124384
2,2,8,3, 0.165980581359
2,2,8,8, 0.441799540354
2,2,9,0,-0.326767678763
2,2,9,1,-0.169823282057
2,2,9,4,-0.302986368283
2,2,9,5,-0.114954332160
2,2,9,6,-0.098897063346
2,2,9,9, 0.508122372680
2,3,2,3, 0.048105227081
2,3,2,8, 0.008494851888
2,3,3,2, 0.048105227081
2,3,3,7, 0.008494851888
2,3,7,3, 0.008494851888
2,3,7,8, 0.009076292015
2,3,8,2, 0.008494851888
2,3,8,7, 0.009076292015
2,4,0,7, 0.015316266090
2,4,1,7, 0.016660181995
2,4,2,4, 0.048105227081
2,4,2,5, 0.013773025365
2,4,2,6, 0.006998305239
2,4,2,9,-0.020794783832
2,4,4,2, 0.048105227081
2,4,4,7, 0.022860409527
2,4,5,2, 0.013773025365
2,4,5,7, 0.028780948236
2,4,6,2, 0.006998305239
2,4,6,7, 0.020460885842
2,4,7,0, 0.015316266090
2,4,7,1, 0.016660181995
2,4,7,4, 0.022860409527
2,4,7,5, 0.028780948236
2,4,7,6, 0.020460885842
2,4,7,9,-0.017887324475
2,4,9,2,-0.020794783832
2,4,9,7,-0.017887324475
2,5,0,2, 0.041569743694
2,5,0,7, 0.016610620677
2,5,1,2, 0.029356689713
2,5,1,7, 0.019448363189
2,5,2,0, 0.041569743694
2,5,2,1, 0.029356689713
2,5,2,4, 0.013773025365
2,5,2,5, 0.017337983355
2,5,2,6, 0.022340220571
2,5,2,9,-0.024060688018
2,5,4,2, 0.013773025365
2,5,4,7, 0.021858197782
2,5,5,2, 0.017337983355
2,5,5,7, 0.033115660501
2,5,6,2, 0.022340220571
2,5,6,7, 0.024260378278
2,5,7,0, 0.016610620677
2,5,7,1, 0.019448363189
2,5,7,4, 0.021858197782
2,5,7,5, 0.033115660501
2,5,7,6, 0.024260378278
2,5,7,9,-0.015316266090
2,5,9,2,-0.024060688018
2,5,9,7,-0.015316266090
2,6,0,2, 0.068504899233
2,6,0,7, 0.019448363189
2,6,1,2, 0.049169126246
2,6,1,7, 0.022370454527
2,6,2,0, 0.068504899233
2,6,2,1, 0.049169126246
2,6,2,4, 0.006998305239
2,6,2,5, 0.022340220571
2,6,2,6, 0.034625388633
2,6,2,9,-0.031334454080
2,6,4,2, 0.006998305239
2,6,4,7, 0.023006933886
2,6,5,2, 0.022340220571
2,6,5,7, 0.033619487493
2,6,6,2, 0.034625388633
2,6,6,7, 0.027012264505
2,6,7,0, 0.019448363189
2,6,7,1, 0.022370454527
2,6,7,4, 0.023006933886
2,6,7,5, 0.033619487493
2,6,7,6, 0.027012264505
2,6,7,9,-0.016660181995
2,6,9,2,-0.031334454080
2,6,9,7,-0.016660181995
2,7,0,0, 0.183375202135
2,7,0,1, 0.113862787415
2,7,0,4, 0.035703863661
2,7,0,5, 0.077857330871
2,7,0,6, 0.085922424231
2,7,0,9,-0.095634930017
2,7,1,0, 0.113862787415
2,7,1,1, 0.128281300600
2,7,1,4, 0.027189861122
2,7,1,5, 0.085922424231
2,7,1,6, 0.109534565244
2,7,1,9,-0.050222523937
2,7,2,2, 0.182970285134
2,7,2,7, 0.060164955712
2,7,3,3, 0.165980581359
2,7,3,8, 0.052797818278
2,7,4,0, 0.035703863661
2,7,4,1, 0.027189861122
2,7,4,4, 0.180346138999
2,7,4,5, 0.095634930017
2,7,4,6, 0.050222523937
2,7,4,9,-0.104951552287
2,7,5,0, 0.077857330871
2,7,5,1, 0.085922424231
2,7,5,4, 0.095634930017
2,7,5,5, 0.183375202135
2,7,5,6, 0.113862787415
2,7,5,9,-0.035703863661
2,7,6,0, 0.085922424231
2,7,6,1, 0.109534565244
2,7,6,4, 0.050222523937
2,7,6,5, 0.113862787415
2,7,6,6, 0.128281300600
2,7,6,9,-0.027189861122
2,7,7,2, 0.060164955712
2,7,7,7, 0.182970285134
2,7,8,3, 0.052797818278
2,7,8,8, 0.165980581359
2,7,9,0,-0.095634930017
2,7,9,1,-0.050222523937
2,7,9,4,-0.104951552287
2,7,9,5,-0.035703863661
2,7,9,6,-0.027189861122
2,7,9,9, 0.180346138999
2,8,2,3, 0.008494851888
2,8,2,8, 0.003683568717
2,8,3,2, 0.008494851888
2,8,3,7, 0.003683568717
2,8,7,3, 0.003683568717
2,8,7,8, 0.008494851888
2,8,8,2, 0.003683568717
2,8,8,7, 0.008494851888
2,9,0,2,-0.061416855275
2,9,0,7,-0.021858197782
2,9,1,2,-0.041557836151
2,9,1,7,-0.023006933886
2,9,2,0,-0.061416855275
2,9,2,1,-0.041557836151
2,9,2,4,-0.020794783832
2,9,2,5,-0.024060688018
2,9,2,6,-0.031334454080
2,9,2,9, 0.035233442830
2,9,4,2,-0.020794783832
2,9,4,7,-0.027866305396
2,9,5,2,-0.024060688018
2,9,5,7,-0.035703863661
2,9,6,2,-0.031334454080
2,9,6,7,-0.027189861122
2,9,7,0,-0.021858197782
2,9,7,1,-0.023006933886
2,9,7,4,-0.027866305396
2,9,7,5,-0.035703863661
2,9,7,6,-0.027189861122
2,9,7,9, 0.022860409527
2,9,9,2, 0.035233442830
2,9,9,7, 0.022860409527
3,0,0,3, 0.152608082603
3,0,0,8, 0.033115660501
3,0,1,3, 0.101353944495
3,0,1,8, 0.033619487493
3,0,3,0, 0.152608082603
3,0,3,1, 0.101353944495
3,0,3,5, 0.041569743694
3,0,3,6, 0.068504899233
3,0,3,9,-0.061416855275
3,0,4,8, 0.035703863661
3,0,5,3, 0.041569743694
3,0,5,8, 0.046337164797
3,0,6,3, 0.068504899233
3,0,6,8, 0.038461895702
3,0,8,0, 0.033115660501
3,0,8,1, 0.033619487493
3,0,8,4, 0.035703863661
3,0,8,5, 0.046337164797
3,0,8,6, 0.038461895702
3,0,8,9,-0.028780948236
3,0,9,3,-0.061416855275
3,0,9,8,-0.028780948236
3,1,0,3, 0.101353944495
3,1,0,8, 0.024260378278
3,1,1,3, 0.072461555243
3,1,1,8, 0.027012264505
3,1,3,0, 0.101353944495
3,1,3,1, 0.072461555243
3,1,3,5, 0.029356689713
3,1,3,6, 0.049169126246
3,1,3,9,-0.041557836151
3,1,4,8, 0.027189861122
3,1,5,3, 0.029356689713
3,1,5,8, 0.038461895702
3,1,6,3, 0.049169126246
3,1,6,8, 0.031893533607
3,1,8,0, 0.024260378278
3,1,8,1, 0.027012264505
3,1,8,4, 0.027189861122
3,1,8,5, 0.038461895702
3,1,8,6, 0.031893533607
3,1,8,9,-0.020460885842
3,1,9,3,-0.041557836151
3,1,9,8,-0.020460885842
3,2,2,3, 0.048105227081
3,2,2,8, 0.008494851888
3,2,3,2, 0.048105227081
3,2,3,7, 0.008494851888
3,2,7,3, 0.008494851888
3,2,7,8, 0.009076292015
3,2,8,2, 0.008494851888
3,2,8,7, 0.009076292015
3,3,0,0, 0.775037038942
3,3,0,1, 0.462081934851
3,3,0,5, 0.246271210180
3,3,0,6, 0.320551354122
3,3,0,9,-0.326767678763
3,3,1,0, 0.462081934851
3,3,1,1, 0.491073083906
3,3,1,5, 0.248031102844
3,3,1,6, 0.373673160724
3,3,1,9,-0.169823282057
3,3,2,2, 0.689508254834
3,3,2,7, 0.165980581359
3,3,3,3, 0.785718708997
3,3,3,8, 0.182970285134
3,3,4,4, 0.689508254834
3,3,4,5, 0.256489625919
3,3,4,6, 0.109262814073
3,3,4,9,-0.302986368283
3,3,5,0, 0.246271210180
3,3,5,1, 0.248031102844
3,3,5,4, 0.256489625919
3,3,5,5, 0.472164034228
3,3,5,6, 0.312691332227
3,3,5,9,-0.114954332160
3,3,6,0, 0.320551354122
3,3,6,1, 0.373673160724
3,3,6,4, 0.109262814073
3,3,6,5, 0.312691332227
3,3,6,6, 0.396463386705
3,3,6,9,-0.098897063346
3,3,7,2, 0.165980581359
3,3,7,7, 0.441799540354
3,3,8,3, 0.182970285134
3,3,8,8, 0.459952124384
3,3,9,0,-0.326767678763
3,3,9,1,-0.169823282057
3,3,9,4,-0.302986368283
3,3,9,5,-0.114954332160
3,3,9,6,-0.098897063346
3,3,9,9, 0.508122372680
3,4,0,8, 0.015316266090
3,4,1,8, 0.016660181995
3,4,3,4, 0.048105227081
3,4,3,5, 0.013773025365
3,4,3,6, 0.006998305239
3,4,3,9,-0.020794783832
3,4,4,3, 0.048105227081
3,4,4,8, 0.022860409527
3,4,5,3, 0.013773025365
3,4,5,8, 0.028780948236
3,4,6,3, 0.006998305239
3,4,6,8, 0.020460885842
3,4,8,0, 0.015316266090
3,4,8,1, 0.016660181995
3,4,8,4, 0.022860409527
3,4,8,5, 0.028780948236
3,4,8,6, 0.020460885842
3,4,8,9,-0.017887324475
3,4,9,3,-0.020794783832
3,4,9,8,-0.017887324475
3,5,0,3, 0.041569743694
3,5,0,8, 0.016610620677
3,5,1,3, 0.029356689713
3,5,1,8, 0.019448363189
3,5,3,0, 0.041569743694
3,5,3,1, 0.029356689713
3,5,3,4, 0.013773025365
3,5,3,5, 0.017337983355
3,5,3,6, 0.022340220571
3,5,3,9,-0.024060688018
3,5,4,3, 0.013773025365
3,5,4,8, 0.021858197782
3,5,5,3, 0.017337983355
3,5,5,8, 0.033115660501
3,5,6,3, 0.022340220571
3,5,6,8, 0.024260378278
3,5,8,0, 0.016610620677
3,5,8,1, 0.019448363189
3,5,8,4, 0.021858197782
3,5,8,5, 0.033115660501
3,5,8,6, 0.024260378278
3,5,8,9,-0.015316266090
3,5,9,3,-0.024060688018
3,5,9,8,-0.015316266090
3,6,0,3, 0.068504899233
3,6,0,8, 0.019448363189
3,6,1,3, 0.049169126246
3,6,1,8, 0.022370454527
3,6,3,0, 0.068504899233
3,6,3,1, 0.049169126246
3,6,3,4, 0.006998305239
3,6,3,5, 0.022340220571
3,6,3,6, 0.034625388633
3,6,3,9,-0.031334454080
3,6,4,3, 0.006998305239
3,6,4,8, 0.023006933886
3,6,5,3, 0.022340220571
3,6,5,8, 0.033619487493
3,6,6,3, 0.034625388633
3,6,6,8, 0.027012264505
3,6,8,0, 0.019448363189
3,6,8,1, 0.022370454527
3,6,8,4, 0.023006933886
3,6,8,5, 0.033619487493
3,6,8,6, 0.027012264505
3,6,8,9,-0.016660181995
3,6,9,3,-0.031334454080
3,6,9,8,-0.016660181995
3,7,2,3, 0.008494851888
3,7,2,8, 0.003683568717
3,7,3,2, 0.008494851888
3,7,3,7, 0.003683568717
3,7,7,3, 0.003683568717
3,7,7,8, 0.008494851888
3,7,8,2, 0.003683568717
3,7,8,7, 0.008494851888
3,8,0,0, 0.183375202135
3,8,0,1, 0.113862787415
3,8,0,4, 0.035703863661
3,8,0,5, 0.077857330871
3,8,0,6, 0.085922424231
3,8,0,9,-0.095634930017
3,8,1,0, 0.113862787415
3,8,1,1, 0.128281300600
3,8,1,4, 0.027189861122
3,8,1,5, 0.085922424231
3,8,1,6, 0.109534565244
3,8,1,9,-0.050222523937
3,8,2,2, 0.165980581359
3,8,2,7, 0.052797818278
3,8,3,3, 0.182970285134
3,8,3,8, 0.060164955712
3,8,4,0, 0.035703863661
3,8,4,1, 0.027189861122
3,8,4,4, 0.180346138999
3,8,4,5, 0.095634930017
3,8,4,6, 0.050222523937
3,8,4,9,-0.104951552287
3,8,5,0, 0.077857330871
3,8,5,1, 0.085922424231
3,8,5,4, 0.095634930017
3,8,5,5, 0.183375202135
3,8,5,6, 0.113862787415
3,8,5,9,-0.035703863661
3,8,6,0, 0.085922424231
3,8,6,1, 0.109534565244
3,8,6,4, 0.050222523937
3,8,6,5, 0.113862787415
3,8,6,6, 0.128281300600
3,8,6,9,-0.027189861122
3,8,7,2, 0.052797818278
3,8,7,7, 0.165980581359
3,8,8,3, 0.060164955712
3,8,8,8, 0.182970285134
3,8,9,0,-0.095634930017
3,8,9,1,-0.050222523937
3,8,9,4,-0.104951552287
3,8,9,5,-0.035703863661
3,8,9,6,-0.027189861122
3,8,9,9, 0.180346138999
3,9,0,3,-0.061416855275
3,9,0,8,-0.021858197782
3,9,1,3,-0.041557836151
3,9,1,8,-0.023006933886
3,9,3,0,-0.061416855275
3,9,3,1,-0.041557836151
3,9,3,4,-0.020794783832
3,9,3,5,-0.024060688018
3,9,3,6,-0.031334454080
3,9,3,9, 0.035233442830
3,9,4,3,-0.020794783832
3,9,4,8,-0.027866305396
3,9,5,3,-0.024060688018
3,9,5,8,-0.035703863661
3,9,6,3,-0.031334454080
3,9,6,8,-0.027189861122
3,9,8,0,-0.021858197782
3,9,8,1,-0.023006933886
3,9,8,4,-0.027866305396
3,9,8,5,-0.035703863661
3,9,8,6,-0.027189861122
3,9,8,9, 0.022860409527
3,9,9,3, 0.035233442830
3,9,9,8, 0.022860409527
4,0,0,4, 0.152608082603
4,0,0,5, 0.050759897414
4,0,0,6, 0.021367973804
4,0,0,9,-0.065330894443
4,0,1,4, 0.101353944495
4,0,1,5, 0.053933517781
4,0,1,6, 0.029720632762
4,0,1,9,-0.036160441006
4,0,2,7, 0.035703863661
4,0,3,8, 0.035703863661
4,0,4,0, 0.152608082603
4,0,4,1, 0.101353944495
4,0,4,5, 0.087964282863
4,0,4,6, 0.073921594087
4,0,4,9,-0.103802426039
4,0,5,0, 0.050759897414
4,0,5,1, 0.053933517781
4,0,5,4, 0.087964282863
4,0,5,5, 0.135912152551
4,0,5,6, 0.073486968447
4,0,5,9,-0.045044402107
4,0,6,0, 0.021367973804
4,0,6,1, 0.029720632762
4,0,6,4, 0.073921594087
4,0,6,5, 0.073486968447
4,0,6,6, 0.054196054373
4,0,6,9,-0.026772942888
4,0,7,2, 0.035703863661
4,0,7,7, 0.114954332160
4,0,8,3, 0.035703863661
4,0,8,8, 0.114954332160
4,0,9,0,-0.065330894443
4,0,9,1,-0.036160441006
4,0,9,4,-0.103802426039
4,0,9,5,-0.045044402107
4,0,9,6,-0.026772942888
4,0,9,9, 0.139113311709
4,1,0,4, 0.101353944495
4,1,0,5, 0.037423592547
4,1,0,6, 0.016046190936
4,1,0,9,-0.043562734271
4,1,1,4, 0.072461555243
4,1,1,5, 0.043726172440
4,1,1,6, 0.025125769721
4,1,1,9,-0.023958556422
4,1,2,7, 0.027189861122
4,1,3,8, 0.027189861122
4,1,4,0, 0.101353944495
4,1,4,1, 0.072461555243
4,1,4,5, 0.065112302099
4,1,4,6, 0.053440893808
4,1,4,9,-0.070792777873
4,1,5,0, 0.037423592547
4,1,5,1, 0.043726172440
4,1,5,4, 0.065112302099
4,1,5,5, 0.113258267552
4,1,5,6, 0.061385761150
4,1,5,9,-0.026772942888
4,1,6,0, 0.016046190936
4,1,6,1, 0.025125769721
4,1,6,4, 0.053440893808
4,1,6,5, 0.061385761150
4,1,6,6, 0.046799893559
4,1,6,9,-0.015299101509
4,1,7,2, 0.027189861122
4,1,7,7, 0.098897063346
4,1,8,3, 0.027189861122
4,1,8,8, 0.098897063346
4,1,9,0,-0.043562734271
4,1,9,1,-0.023958556422
4,1,9,4,-0.070792777873
4,1,9,5,-0.026772942888
4,1,9,6,-0.015299101509
4,1,9,9, 0.105802106842
4,2,0,7, 0.015316266090
4,2,1,7, 0.016660181995
4,2,2,4, 0.048105227081
4,2,2,5, 0.013773025365
4,2,2,6, 0.006998305239
4,2,2,9,-0.020794783832
4,2,4,2, 0.048105227081
4,2,4,7, 0.022860409527
4,2,5,2, 0.013773025365
4,2,5,7, 0.028780948236
4,2,6,2, 0.006998305239
4,2,6,7, 0.020460885842
4,2,7,0, 0.015316266090
4,2,7,1, 0.016660181995
4,2,7,4, 0.022860409527
4,2,7,5, 0.028780948236
4,2,7,6, 0.020460885842
4,2,7,9,-0.017887324475
4,2,9,2,-0.020794783832
4,2,9,7,-0.017887324475
4,3,0,8, 0.015316266090
4,3,1,8, 0.016660181995
4,3,3,4, 0.048105227081
4,3,3,5, 0.013773025365
4,3,3,6, 0.006998305239
4,3,3,9,-0.020794783832
4,3,4,3, 0.048105227081
4,3,4,8, 0.022860409527
4,3,5,3, 0.013773025365
4,3,5,8, 0.028780948236
4,3,6,3, 0.006998305239
4,3,6,8, 0.020460885842
4,3,8,0, 0.015316266090
4,3,8,1, 0.016660181995
4,3,8,4, 0.022860409527
4,3,8,5, 0.028780948236
4,3,8,6, 0.020460885842
4,3,8,9,-0.017887324475
4,3,9,3,-0.020794783832
4,3,9,8,-0.017887324475
4,4,0,0, 0.775037038942
4,4,0,1, 0.462081934851
4,4,0,5, 0.266089824826
4,4,0,6, 0.322905311098
4,4,0,9,-0.345224439513
4,4,1,0, 0.462081934851
4,4,1,1, 0.491073083906
4,4,1,5, 0.270927885352
4,4,1,6, 0.377542913373
4,4,1,9,-0.178655323520
4,4,2,2, 0.689508254834
4,4,2,7, 0.180346138999
4,4,3,3, 0.689508254834
4,4,3,8, 0.180346138999
4,4,4,4, 0.785718708997
4,4,4,5, 0.302183499180
4,4,4,6, 0.123736556742
4,4,4,9,-0.350313295709
4,4,5,0, 0.266089824826
4,4,5,1, 0.270927885352
4,4,5,4, 0.302183499180
4,4,5,5, 0.556650476934
4,4,5,6, 0.347822709406
4,4,5,9,-0.139113311709
4,4,6,0, 0.322905311098
4,4,6,1, 0.377542913373
4,4,6,4, 0.123736556742
4,4,6,5, 0.347822709406
4,4,6,6, 0.409549173303
4,4,6,9,-0.105802106842
4,4,7,2, 0.180346138999
4,4,7,7, 0.508122372680
4,4,8,3, 0.180346138999
4,4,8,8, 0.508122372680
4,4,9,0,-0.345224439513
4,4,9,1,-0.178655323520
4,4,9,4,-0.350313295709
4,4,9,5,-0.139113311709
4,4,9,6,-0.105802106842
4,4,9,9, 0.578839016166
4,5,0,0, 0.281968694663
4,5,0,1, 0.175514962404
4,5,0,4, 0.087964282863
4,5,0,5, 0.140695685081
4,5,0,6, 0.138360280782
4,5,0,9,-0.165534777407
4,5,1,0, 0.175514962404
4,5,1,1, 0.198531700354
4,5,1,4, 0.065112302099
4,5,1,5, 0.158167140752
4,5,1,6, 0.178837714191
4,5,1,9,-0.084688248324
4,5,2,2, 0.256489625919
4,5,2,7, 0.095634930017
4,5,3,3, 0.256489625919
4,5,3,8, 0.095634930017
4,5,4,0, 0.087964282863
4,5,4,1, 0.065112302099
4,5,4,4, 0.302183499180
4,5,4,5, 0.188616532269
4,5,4,6, 0.099269984169
4,5,4,9,-0.198373171399
4,5,5,0, 0.140695685081
4,5,5,1, 0.158167140752
4,5,5,4, 0.188616532269
4,5,5,5, 0.373548683817
4,5,5,6, 0.214639987940
4,5,5,9,-0.065330894443
4,5,6,0, 0.138360280782
4,5,6,1, 0.178837714191
4,5,6,4, 0.099269984169
4,5,6,5, 0.214639987940
4,5,6,6, 0.218946783660
4,5,6,9,-0.043562734271
4,5,7,2, 0.095634930017
4,5,7,7, 0.326767678763
4,5,8,3, 0.095634930017
4,5,8,8, 0.326767678763
4,5,9,0,-0.165534777407
4,5,9,1,-0.084688248324
4,5,9,4,-0.198373171399
4,5,9,5,-0.065330894443
4,5,9,6,-0.043562734271
4,5,9,9, 0.345224439513
4,6,0,0, 0.118056287510
4,6,0,1, 0.073941852536
4,6,0,4, 0.073921594087
4,6,0,5, 0.071164500265
4,6,0,6, 0.063950000011
4,6,0,9,-0.084688248324
4,6,1,0, 0.073941852536
4,6,1,1, 0.084721901564
4,6,1,4, 0.053440893808
4,6,1,5, 0.080599950530
4,6,1,6, 0.085046577071
4,6,1,9,-0.044214453750
4,6,2,2, 0.109262814073
4,6,2,7, 0.050222523937
4,6,3,3, 0.109262814073
4,6,3,8, 0.050222523937
4,6,4,0, 0.073921594087
4,6,4,1, 0.053440893808
4,6,4,4, 0.123736556742
4,6,4,5, 0.099269984169
4,6,4,6, 0.060371021522
4,6,4,9,-0.106879197233
4,6,5,0, 0.071164500265
4,6,5,1, 0.080599950530
4,6,5,4, 0.099269984169
4,6,5,5, 0.188294920332
4,6,5,6, 0.109667327967
4,6,5,9,-0.036160441006
4,6,6,0, 0.063950000011
4,6,6,1, 0.085046577071
4,6,6,4, 0.060371021522
4,6,6,5, 0.109667327967
4,6,6,6, 0.109472262944
4,6,6,9,-0.023958556422
4,6,7,2, 0.050222523937
4,6,7,7, 0.169823282057
4,6,8,3, 0.050222523937
4,6,8,8, 0.169823282057
4,6,9,0,-0.084688248324
4,6,9,1,-0.044214453750
4,6,9,4,-0.106879197233
4,6,9,5,-0.036160441006
4,6,9,6,-0.023958556422
4,6,9,9, 0.178655323520
4,7,0,2, 0.035703863661
4,7,0,7, 0.024060688018
4,7,1,2, 0.027189861122
4,7,1,7, 0.031334454080
4,7,2,0, 0.035703863661
4,7,2,1, 0.027189861122
4,7,2,4, 0.022860409527
4,7,2,5, 0.021858197782
4,7,2,6, 0.023006933886
4,7,2,9,-0.027866305396
4,7,4,2, 0.022860409527
4,7,4,7, 0.035233442830
4,7,5,2, 0.021858197782
4,7,5,7, 0.061416855275
4,7,6,2, 0.023006933886
4,7,6,7, 0.041557836151
4,7,7,0, 0.024060688018
4,7,7,1, 0.031334454080
4,7,7,4, 0.035233442830
4,7,7,5, 0.061416855275
4,7,7,6, 0.041557836151
4,7,7,9,-0.020794783832
4,7,9,2,-0.027866305396
4,7,9,7,-0.020794783832
4,8,0,3, 0.035703863661
4,8,0,8, 0.024060688018
4,8,1,3, 0.027189861122
4,8,1,8, 0.031334454080
4,8,3,0, 0.035703863661
4,8,3,1, 0.027189861122
4,8,3,4, 0.022860409527
4,8,3,5, 0.021858197782
4,8,3,6, 0.023006933886
4,8,3,9,-0.027866305396
4,8,4,3, 0.022860409527
4,8,4,8, 0.035233442830
4,8,5,3, 0.021858197782
4,8,5,8, 0.061416855275
4,8,6,3, 0.023006933886
4,8,6,8, 0.041557836151
4,8,8,0, 0.024060688018
4,8,8,1, 0.031334454080
4,8,8,4, 0.035233442830
4,8,8,5, 0.061416855275
4,8,8,6, 0.041557836151
4,8,8,9,-0.020794783832
4,8,9,3,-0.027866305396
4,8,9,8,-0.020794783832
4,9,0,0,-0.340279713208
4,9,0,1,-0.203475969916
4,9,0,4,-0.103802426039
4,9,0,5,-0.153709992347
4,9,0,6,-0.157154923706
4,9,0,9, 0.198373171399
4,9,1,0,-0.203475969916
4,9,1,1,-0.215753090547
4,9,1,4,-0.070792777873
4,9,1,5,-0.157154923706
4,9,1,6,-0.186075011921
4,9,1,9, 0.106879197233
4,9,2,2,-0.302986368283
4,9,2,7,-0.104951552287
4,9,3,3,-0.302986368283
4,9,3,8,-0.104951552287
4,9,4,0,-0.103802426039
4,9,4,1,-0.070792777873
4,9,4,4,-0.350313295709
4,9,4,5,-0.198373171399
4,9,4,6,-0.106879197233
4,9,4,9, 0.231072289616
4,9,5,0,-0.153709992347
4,9,5,1,-0.157154923706
4,9,5,4,-0.198373171399
4,9,5,5,-0.340279713208
4,9,5,6,-0.203475969916
4,9,5,9, 0.103802426039
4,9,6,0,-0.157154923706
4,9,6,1,-0.186075011921
4,9,6,4,-0.106879197233
4,9,6,5,-0.203475969916
4,9,6,6,-0.215753090547
4,9,6,9, 0.070792777873
4,9,7,2,-0.104951552287
4,9,7,7,-0.302986368283
4,9,8,3,-0.104951552287
4,9,8,8,-0.302986368283
4,9,9,0, 0.198373171399
4,9,9,1, 0.106879197233
4,9,9,4, 0.231072289616
4,9,9,5, 0.103802426039
4,9,9,6, 0.070792777873
4,9,9,9,-0.350313295709
5,0,0,0, 0.273639609579
5,0,0,1, 0.164031185463
5,0,0,4, 0.050759897414
5,0,0,5, 0.113888389855
5,0,0,6, 0.123227486617
5,0,0,9,-0.140695685081
5,0,1,0, 0.164031185463
5,0,1,1, 0.178639356450
5,0,1,4, 0.037423592547
5,0,1,5, 0.123227486617
5,0,1,6, 0.152209722058
5,0,1,9,-0.071164500265
5,0,2,2, 0.246271210180
5,0,2,7, 0.077857330871
5,0,3,3, 0.246271210180
5,0,3,8, 0.077857330871
5,0,4,0, 0.050759897414
5,0,4,1, 0.037423592547
5,0,4,4, 0.266089824826
5,0,4,5, 0.140695685081
5,0,4,6, 0.071164500265
5,0,4,9,-0.153709992347
5,0,5,0, 0.113888389855
5,0,5,1, 0.123227486617
5,0,5,4, 0.140695685081
5,0,5,5, 0.273639609579
5,0,5,6, 0.164031185463
5,0,5,9,-0.050759897414
5,0,6,0, 0.123227486617
5,0,6,1, 0.152209722058
5,0,6,4, 0.071164500265
5,0,6,5, 0.164031185463
5,0,6,6, 0.178639356450
5,0,6,9,-0.037423592547
5,0,7,2, 0.077857330871
5,0,7,7, 0.246271210180
5,0,8,3, 0.077857330871
5,0,8,8, 0.246271210180
5,0,9,0,-0.140695685081
5,0,9,1,-0.071164500265
5,0,9,4,-0.153709992347
5,0,9,5,-0.050759897414
5,0,9,6,-0.037423592547
5,0,9,9, 0.266089824826
5,1,0,0, 0.263766642874
5,1,0,1, 0.168043880520
5,1,0,4, 0.053933517781
5,1,0,5, 0.123227486617
5,1,0,6, 0.129387307489
5,1,0,9,-0.138360280782
5,1,1,0, 0.168043880520
5,1,1,1, 0.201463965235
5,1,1,4, 0.043726172440
5,1,1,5, 0.149153036498
5,1,1,6, 0.180949939097
5,1,1,9,-0.063950000011
5,1,2,2, 0.248031102844
5,1,2,7, 0.085922424231
5,1,3,3, 0.248031102844
5,1,3,8, 0.085922424231
5,1,4,0, 0.053933517781
5,1,4,1, 0.043726172440
5,1,4,4, 0.270927885352
5,1,4,5, 0.158167140752
5,1,4,6, 0.080599950530
5,1,4,9,-0.157154923706
5,1,5,0, 0.123227486617
5,1,5,1, 0.149153036498
5,1,5,4, 0.158167140752
5,1,5,5, 0.349512508511
5,1,5,6, 0.208778336135
5,1,5,9,-0.021367973804
5,1,6,0, 0.129387307489
5,1,6,1, 0.180949939097
5,1,6,4, 0.080599950530
5,1,6,5, 0.208778336135
5,1,6,6, 0.227174269627
5,1,6,9,-0.016046190936
5,1,7,2, 0.085922424231
5,1,7,7, 0.320551354122
5,1,8,3, 0.085922424231
5,1,8,8, 0.320551354122
5,1,9,0,-0.138360280782
5,1,9,1,-0.063950000011
5,1,9,4,-0.157154923706
5,1,9,5,-0.021367973804
5,1,9,6,-0.016046190936
5,1,9,9, 0.322905311098
5,2,0,2, 0.041569743694
5,2,0,7, 0.016610620677
5,2,1,2, 0.029356689713
5,2,1,7, 0.019448363189
5,2,2,0, 0.041569743694
5,2,2,1, 0.029356689713
5,2,2,4, 0.013773025365
5,2,2,5, 0.017337983355
5,2,2,6, 0.022340220571
5,2,2,9,-0.024060688018
5,2,4,2, 0.013773025365
5,2,4,7, 0.021858197782
5,2,5,2, 0.017337983355
5,2,5,7, 0.033115660501
5,2,6,2, 0.022340220571
5,2,6,7, 0.024260378278
5,2,7,0, 0.016610620677
5,2,7,1, 0.019448363189
5,2,7,4, 0.021858197782
5,2,7,5, 0.033115660501
5,2,7,6, 0.024260378278
5,2,7,9,-0.015316266090
5,2,9,2,-0.024060688018
5,2,9,7,-0.015316266090
5,3,0,3, 0.041569743694
5,3,0,8, 0.016610620677
5,3,1,3, 0.029356689713
5,3,1,8, 0.019448363189
5,3,3,0, 0.041569743694
5,3,3,1, 0.029356689713
5,3,3,4, 0.013773025365
5,3,3,5, 0.017337983355
5,3,3,6, 0.022340220571
5,3,3,9,-0.024060688018
5,3,4,3, 0.013773025365
5,3,4,8, 0.021858197782
5,3,5,3, 0.017337983355
5,3,5,8, 0.033115660501
5,3,6,3, 0.022340220571
5,3,6,8, 0.024260378278
5,3,8,0, 0.016610620677
5,3,8,1, 0.019448363189
5,3,8,4, 0.021858197782
5,3,8,5, 0.033115660501
5,3,8,6, 0.024260378278
5,3,8,9,-0.015316266090
5,3,9,3,-0.024060688018
5,3,9,8,-0.015316266090
5,4,0,0, 0.281968694663
5,4,0,1, 0.175514962404
5,4,0,4, 0.087964282863
5,4,0,5, 0.140695685081
5,4,0,6, 0.138360280782
5,4,0,9,-0.165534777407
5,4,1,0, 0.175514962404
5,4,1,1, 0.198531700354
5,4,1,4, 0.065112302099
5,4,1,5, 0.158167140752
5,4,1,6, 0.178837714191
5,4,1,9,-0.084688248324
5,4,2,2, 0.256489625919
5,4,2,7, 0.095634930017
5,4,3,3, 0.256489625919
5,4,3,8, 0.095634930017
5,4,4,0, 0.087964282863
5,4,4,1, 0.065112302099
5,4,4,4, 0.302183499180
5,4,4,5, 0.188616532269
5,4,4,6, 0.099269984169
5,4,4,9,-0.198373171399
5,4,5,0, 0.140695685081
5,4,5,1, 0.158167140752
5,4,5,4, 0.188616532269
5,4,5,5, 0.373548683817
5,4,5,6, 0.214639987940
5,4,5,9,-0.065330894443
5,4,6,0, 0.138360280782
5,4,6,1, 0.178837714191
5,4,6,4, 0.099269984169
5,4,6,5, 0.214639987940
5,4,6,6, 0.218946783660
5,4,6,9,-0.043562734271
5,4,7,2, 0.095634930017
5,4,7,7, 0.326767678763
5,4,8,3, 0.095634930017
5,4,8,8, 0.326767678763
5,4,9,0,-0.165534777407
5,4,9,1,-0.084688248324
5,4,9,4,-0.198373171399
5,4,9,5,-0.065330894443
5,4,9,6,-0.043562734271
5,4,9,9, 0.345224439513
5,5,0,0, 0.506923277558
5,5,0,1, 0.330615765656
5,5,0,4, 0.135912152551
5,5,0,5, 0.273639609579
5,5,0,6, 0.263766642874
5,5,0,9,-0.281968694663
5,5,1,0, 0.330615765656
5,5,1,1, 0.408303735604
5,5,1,4, 0.113258267552
5,5,1,5, 0.349512508511
5,5,1,6, 0.385774660587
5,5,1,9,-0.118056287510
5,5,2,2, 0.472164034228
5,5,2,7, 0.183375202135
5,5,3,3, 0.472164034228
5,5,3,8, 0.183375202135
5,5,4,0, 0.135912152551
5,5,4,1, 0.113258267552
5,5,4,4, 0.556650476934
5,5,4,5, 0.373548683817
5,5,4,6, 0.188294920332
5,5,4,9,-0.340279713208
5,5,5,0, 0.273639609579
5,5,5,1, 0.349512508511
5,5,5,4, 0.373548683817
5,5,5,5, 0.897251802255
5,5,5,6, 0.504699283325
5,5,6,0, 0.263766642874
5,5,6,1, 0.385774660587
5,5,6,4, 0.188294920332
5,5,6,5, 0.504699283325
5,5,6,6, 0.507364877272
5,5,7,2, 0.183375202135
5,5,7,7, 0.775037038942
5,5,8,3, 0.183375202135
5,5,8,8, 0.775037038942
5,5,9,0,-0.281968694663
5,5,9,1,-0.118056287510
5,5,9,4,-0.340279713208
5,5,9,9, 0.775037038942
5,6,0,0, 0.330615765656
5,6,0,1, 0.214946810421
5,6,0,4, 0.073486968447
5,6,0,5, 0.164031185463
5,6,0,6, 0.168043880520
5,6,0,9,-0.175514962404
5,6,1,0, 0.214946810421
5,6,1,1, 0.267583137924
5,6,1,4, 0.061385761150
5,6,1,5, 0.208778336135
5,6,1,6, 0.248201894069
5,6,1,9,-0.073941852536
5,6,2,2, 0.312691332227
5,6,2,7, 0.113862787415
5,6,3,3, 0.312691332227
5,6,3,8, 0.113862787415
5,6,4,0, 0.073486968447
5,6,4,1, 0.061385761150
5,6,4,4, 0.347822709406
5,6,4,5, 0.214639987940
5,6,4,6, 0.109667327967
5,6,4,9,-0.203475969916
5,6,5,0, 0.164031185463
5,6,5,1, 0.208778336135
5,6,5,4, 0.214639987940
5,6,5,5, 0.504699283325
5,6,5,6, 0.300015949963
5,6,6,0, 0.168043880520
5,6,6,1, 0.248201894069
5,6,6,4, 0.109667327967
5,6,6,5, 0.300015949963
5,6,6,6, 0.324022459289
5,6,7,2, 0.113862787415
5,6,7,7, 0.462081934851
5,6,8,3, 0.113862787415
5,6,8,8, 0.462081934851
5,6,9,0,-0.175514962404
5,6,9,1,-0.073941852536
5,6,9,4,-0.203475969916
5,6,9,9, 0.462081934851
5,7,0,2, 0.046337164797
5,7,0,7, 0.041569743694
5,7,1,2, 0.038461895702
5,7,1,7, 0.068504899233
5,7,2,0, 0.046337164797
5,7,2,1, 0.038461895702
5,7,2,4, 0.028780948236
5,7,2,5, 0.033115660501
5,7,2,6, 0.033619487493
5,7,2,9,-0.035703863661
5,7,4,2, 0.028780948236
5,7,4,7, 0.061416855275
5,7,5,2, 0.033115660501
5,7,5,7, 0.152608082603
5,7,6,2, 0.033619487493
5,7,6,7, 0.101353944495
5,7,7,0, 0.041569743694
5,7,7,1, 0.068504899233
5,7,7,4, 0.061416855275
5,7,7,5, 0.152608082603
5,7,7,6, 0.101353944495
5,7,9,2,-0.035703863661
5,8,0,3, 0.046337164797
5,8,0,8, 0.041569743694
5,8,1,3, 0.038461895702
5,8,1,8, 0.068504899233
5,8,3,0, 0.046337164797
5,8,3,1, 0.038461895702
5,8,3,4, 0.028780948236
5,8,3,5, 0.033115660501
5,8,3,6, 0.033619487493
5,8,3,9,-0.035703863661
5,8,4,3, 0.028780948236
5,8,4,8, 0.061416855275
5,8,5,3, 0.033115660501
5,8,5,8, 0.152608082603
5,8,6,3, 0.033619487493
5,8,6,8, 0.101353944495
5,8,8,0, 0.041569743694
5,8,8,1, 0.068504899233
5,8,8,4, 0.061416855275
5,8,8,5, 0.152608082603
5,8,8,6, 0.101353944495
5,8,9,3,-0.035703863661
5,9,0,0,-0.135912152551
5,9,0,1,-0.073486968447
5,9,0,4,-0.045044402107
5,9,0,5,-0.050759897414
5,9,0,6,-0.053933517781
5,9,0,9, 0.087964282863
5,9,1,0,-0.073486968447
5,9,1,1,-0.054196054373
5,9,1,4,-0.026772942888
5,9,1,5,-0.021367973804
5,9,1,6,-0.029720632762
5,9,1,9, 0.073921594087
5,9,2,2,-0.114954332160
5,9,2,7,-0.035703863661
5,9,3,3,-0.114954332160
5,9,3,8,-0.035703863661
5,9,4,0,-0.045044402107
5,9,4,1,-0.026772942888
5,9,4,4,-0.139113311709
5,9,4,5,-0.065330894443
5,9,4,6,-0.036160441006
5,9,4,9, 0.103802426039
5,9,5,0,-0.050759897414
5,9,5,1,-0.021367973804
5,9,5,4,-0.065330894443
5,9,5,9, 0.152608082603
5,9,6,0,-0.053933517781
5,9,6,1,-0.029720632762
5,9,6,4,-0.036160441006
5,9,6,9, 0.101353944495
5,9,7,2,-0.035703863661
5,9,8,3,-0.035703863661
5,9,9,0, 0.087964282863
5,9,9,1, 0.073921594087
5,9,9,4, 0.103802426039
5,9,9,5, 0.152608082603
5,9,9,6, 0.101353944495
6,0,0,0, 0.349512508511
6,0,0,1, 0.208778336135
6,0,0,4, 0.021367973804
6,0,0,5, 0.123227486617
6,0,0,6, 0.149153036498
6,0,0,9,-0.158167140752
6,0,1,0, 0.208778336135
6,0,1,1, 0.227174269627
6,0,1,4, 0.016046190936
6,0,1,5, 0.129387307489
6,0,1,6, 0.180949939097
6,0,1,9,-0.080599950530
6,0,2,2, 0.320551354122
6,0,2,7, 0.085922424231
6,0,3,3, 0.320551354122
6,0,3,8, 0.085922424231
6,0,4,0, 0.021367973804
6,0,4,1, 0.016046190936
6,0,4,4, 0.322905311098
6,0,4,5, 0.138360280782
6,0,4,6, 0.063950000011
6,0,4,9,-0.157154923706
6,0,5,0, 0.123227486617
6,0,5,1, 0.129387307489
6,0,5,4, 0.138360280782
6,0,5,5, 0.263766642874
6,0,5,6, 0.168043880520
6,0,5,9,-0.053933517781
6,0,6,0, 0.149153036498
6,0,6,1, 0.180949939097
6,0,6,4, 0.063950000011
6,0,6,5, 0.168043880520
6,0,6,6, 0.201463965235
6,0,6,9,-0.043726172440
6,0,7,2, 0.085922424231
6,0,7,7, 0.248031102844
6,0,8,3, 0.085922424231
6,0,8,8, 0.248031102844
6,0,9,0,-0.158167140752
6,0,9,1,-0.080599950530
6,0,9,4,-0.157154923706
6,0,9,5,-0.053933517781
6,0,9,6,-0.043726172440
6,0,9,9, 0.270927885352
6,1,0,0, 0.385774660587
6,1,0,1, 0.248201894069
6,1,0,4, 0.029720632762
6,1,0,5, 0.152209722058
6,1,0,6, 0.180949939097
6,1,0,9,-0.178837714191
6,1,1,0, 0.248201894069
6,1,1,1, 0.306633074247
6,1,1,4, 0.025125769721
6,1,1,5, 0.180949939097
6,1,1,6, 0.256075826911
6,1,1,9,-0.085046577071
6,1,2,2, 0.373673160724
6,1,2,7, 0.109534565244
6,1,3,3, 0.373673160724
6,1,3,8, 0.109534565244
6,1,4,0, 0.029720632762
6,1,4,1, 0.025125769721
6,1,4,4, 0.377542913373
6,1,4,5, 0.178837714191
6,1,4,6, 0.085046577071
6,1,4,9,-0.186075011921
6,1,5,0, 0.152209722058
6,1,5,1, 0.180949939097
6,1,5,4, 0.178837714191
6,1,5,5, 0.385774660587
6,1,5,6, 0.248201894069
6,1,5,9,-0.029720632762
6,1,6,0, 0.180949939097
6,1,6,1, 0.256075826911
6,1,6,4, 0.085046577071
6,1,6,5, 0.248201894069
6,1,6,6, 0.306633074247
6,1,6,9,-0.025125769721
6,1,7,2, 0.109534565244
6,1,7,7, 0.373673160724
6,1,8,3, 0.109534565244
6,1,8,8, 0.373673160724
6,1,9,0,-0.178837714191
6,1,9,1,-0.085046577071
6,1,9,4,-0.186075011921
6,1,9,5,-0.029720632762
6,1,9,6,-0.025125769721
6,1,9,9, 0.377542913373
6,2,0,2, 0.068504899233
6,2,0,7, 0.019448363189
6,2,1,2, 0.049169126246
6,2,1,7, 0.022370454527
6,2,2,0, 0.068504899233
6,2,2,1, 0.049169126246
6,2,2,4, 0.006998305239
6,2,2,5, 0.022340220571
6,2,2,6, 0.034625388633
6,2,2,9,-0.031334454080
6,2,4,2, 0.006998305239
6,2,4,7, 0.023006933886
6,2,5,2, 0.022340220571
6,2,5,7, 0.033619487493
6,2,6,2, 0.034625388633
6,2,6,7, 0.027012264505
6,2,7,0, 0.019448363189
6,2,7,1, 0.022370454527
6,2,7,4, 0.023006933886
6,2,7,5, 0.033619487493
6,2,7,6, 0.027012264505
6,2,7,9,-0.016660181995
6,2,9,2,-0.031334454080
6,2,9,7,-0.016660181995
6,3,0,3, 0.068504899233
6,3,0,8, 0.019448363189
6,3,1,3, 0.049169126246
6,3,1,8, 0.022370454527
6,3,3,0, 0.068504899233
6,3,3,1, 0.049169126246
6,3,3,4, 0.006998305239
6,3,3,5, 0.022340220571
6,3,3,6, 0.034625388633
6,3,3,9,-0.031334454080
6,3,4,3, 0.006998305239
6,3,4,8, 0.023006933886
6,3,5,3, 0.022340220571
6,3,5,8, 0.033619487493
6,3,6,3, 0.034625388633
6,3,6,8, 0.027012264505
6,3,8,0, 0.019448363189
6,3,8,1, 0.022370454527
6,3,8,4, 0.023006933886
6,3,8,5, 0.033619487493
6,3,8,6, 0.027012264505
6,3,8,9,-0.016660181995
6,3,9,3,-0.031334454080
6,3,9,8,-0.016660181995
6,4,0,0, 0.118056287510
6,4,0,1, 0.073941852536
6,4,0,4, 0.073921594087
6,4,0,5, 0.071164500265
6,4,0,6, 0.063950000011
6,4,0,9,-0.084688248324
6,4,1,0, 0.073941852536
6,4,1,1, 0.084721901564
6,4,1,4, 0.053440893808
6,4,1,5, 0.080599950530
6,4,1,6, 0.085046577071
6,4,1,9,-0.044214453750
6,4,2,2, 0.109262814073
6,4,2,7, 0.050222523937
6,4,3,3, 0.109262814073
6,4,3,8, 0.050222523937
6,4,4,0, 0.073921594087
6,4,4,1, 0.053440893808
6,4,4,4, 0.123736556742
6,4,4,5, 0.099269984169
6,4,4,6, 0.060371021522
6,4,4,9,-0.106879197233
6,4,5,0, 0.071164500265
6,4,5,1, 0.080599950530
6,4,5,4, 0.099269984169
6,4,5,5, 0.188294920332
6,4,5,6, 0.109667327967
6,4,5,9,-0.036160441006
6,4,6,0, 0.063950000011
6,4,6,1, 0.085046577071
6,4,6,4, 0.060371021522
6,4,6,5, 0.109667327967
6,4,6,6, 0.109472262944
6,4,6,9,-0.023958556422
6,4,7,2, 0.050222523937
6,4,7,7, 0.169823282057
6,4,8,3, 0.050222523937
6,4,8,8, 0.169823282057
6,4,9,0,-0.084688248324
6,4,9,1,-0.044214453750
6,4,9,4,-0.106879197233
6,4,9,5,-0.036160441006
6,4,9,6,-0.023958556422
6,4,9,9, 0.178655323520
6,5,0,0, 0.330615765656
6,5,0,1, 0.214946810421
6,5,0,4, 0.073486968447
6,5,0,5, 0.164031185463
6,5,0,6, 0.168043880520
6,5,0,9,-0.175514962404
6,5,1,0, 0.214946810421
6,5,1,1, 0.267583137924
6,5,1,4, 0.061385761150
6,5,1,5, 0.208778336135
6,5,1,6, 0.248201894069
6,5,1,9,-0.073941852536
6,5,2,2, 0.312691332227
6,5,2,7, 0.113862787415
6,5,3,3, 0.312691332227
6,5,3,8, 0.113862787415
6,5,4,0, 0.073486968447
6,5,4,1, 0.061385761150
6,5,4,4, 0.347822709406
6,5,4,5, 0.214639987940
6,5,4,6, 0.109667327967
6,5,4,9,-0.203475969916
6,5,5,0, 0.164031185463
6,5,5,1, 0.208778336135
6,5,5,4, 0.214639987940
6,5,5,5, 0.504699283325
6,5,5,6, 0.300015949963
6,5,6,0, 0.168043880520
6,5,6,1, 0.248201894069
6,5,6,4, 0.109667327967
6,5,6,5, 0.300015949963
6,5,6,6, 0.324022459289
6,5,7,2, 0.113862787415
6,5,7,7, 0.462081934851
6,5,8,3, 0.113862787415
6,5,8,8, 0.462081934851
6,5,9,0,-0.175514962404
6,5,9,1,-0.073941852536
6,5,9,4,-0.203475969916
6,5,9,9, 0.462081934851
6,6,0,0, 0.408303735604
6,6,0,1, 0.267583137924
6,6,0,4, 0.054196054373
6,6,0,5, 0.178639356450
6,6,0,6, 0.201463965235
6,6,0,9,-0.198531700354
6,6,1,0, 0.267583137924
6,6,1,1, 0.344111848157
6,6,1,4, 0.046799893559
6,6,1,5, 0.227174269627
6,6,1,6, 0.306633074247
6,6,1,9,-0.084721901564
6,6,2,2, 0.396463386705
6,6,2,7, 0.128281300600
6,6,3,3, 0.396463386705
6,6,3,8, 0.128281300600
6,6,4,0, 0.054196054373
6,6,4,1, 0.046799893559
6,6,4,4, 0.409549173303
6,6,4,5, 0.218946783660
6,6,4,6, 0.109472262944
6,6,4,9,-0.215753090547
6,6,5,0, 0.178639356450
6,6,5,1, 0.227174269627
6,6,5,4, 0.218946783660
6,6,5,5, 0.507364877272
6,6,5,6, 0.324022459289
6,6,6,0, 0.201463965235
6,6,6,1, 0.306633074247
6,6,6,4, 0.109472262944
6,6,6,5, 0.324022459289
6,6,6,6, 0.394125899248
6,6,7,2, 0.128281300600
6,6,7,7, 0.491073083906
6,6,8,3, 0.128281300600
6,6,8,8, 0.491073083906
6,6,9,0,-0.198531700354
6,6,9,1,-0.084721901564
6,6,9,4,-0.215753090547
6,6,9,9, 0.491073083906
6,7,0,2, 0.038461895702
6,7,0,7, 0.029356689713
6,7,1,2, 0.031893533607
6,7,1,7, 0.049169126246
6,7,2,0, 0.038461895702
6,7,2,1, 0.031893533607
6,7,2,4, 0.020460885842
6,7,2,5, 0.024260378278
6,7,2,6, 0.027012264505
6,7,2,9,-0.027189861122
6,7,4,2, 0.020460885842
6,7,4,7, 0.041557836151
6,7,5,2, 0.024260378278
6,7,5,7, 0.101353944495
6,7,6,2, 0.027012264505
6,7,6,7, 0.072461555243
6,7,7,0, 0.029356689713
6,7,7,1, 0.049169126246
6,7,7,4, 0.041557836151
6,7,7,5, 0.101353944495
6,7,7,6, 0.072461555243
6,7,9,2,-0.027189861122
6,8,0,3, 0.038461895702
6,8,0,8, 0.029356689713
6,8,1,3, 0.031893533607
6,8,1,8, 0.049169126246
6,8,3,0, 0.038461895702
6,8,3,1, 0.031893533607
6,8,3,4, 0.020460885842
6,8,3,5, 0.024260378278
6,8,3,6, 0.027012264505
6,8,3,9,-0.027189861122
6,8,4,3, 0.020460885842
6,8,4,8, 0.041557836151
6,8,5,3, 0.024260378278
6,8,5,8, 0.101353944495
6,8,6,3, 0.027012264505
6,8,6,8, 0.072461555243
6,8,8,0, 0.029356689713
6,8,8,1, 0.049169126246
6,8,8,4, 0.041557836151
6,8,8,5, 0.101353944495
6,8,8,6, 0.072461555243
6,8,9,3,-0.027189861122
6,9,0,0,-0.113258267552
6,9,0,1,-0.061385761150
6,9,0,4,-0.026772942888
6,9,0,5,-0.037423592547
6,9,0,6,-0.043726172440
6,9,0,9, 0.065112302099
6,9,1,0,-0.061385761150
6,9,1,1,-0.046799893559
6,9,1,4,-0.015299101509
6,9,1,5,-0.016046190936
6,9,1,6,-0.025125769721
6,9,1,9, 0.053440893808
6,9,2,2,-0.098897063346
6,9,2,7,-0.027189861122
6,9,3,3,-0.098897063346
6,9,3,8,-0.027189861122
6,9,4,0,-0.026772942888
6,9,4,1,-0.015299101509
6,9,4,4,-0.105802106842
6,9,4,5,-0.043562734271
6,9,4,6,-0.023958556422
6,9,4,9, 0.070792777873
6,9,5,0,-0.037423592547
6,9,5,1,-0.016046190936
6,9,5,4,-0.043562734271
6,9,5,9, 0.101353944495
6,9,6,0,-0.043726172440
6,9,6,1,-0.025125769721
6,9,6,4,-0.023958556422
6,9,6,9, 0.072461555243
6,9,7,2,-0.027189861122
6,9,8,3,-0.027189861122
6,9,9,0, 0.065112302099
6,9,9,1, 0.053440893808
6,9,9,4, 0.070792777873
6,9,9,5, 0.101353944495
6,9,9,6, 0.072461555243
7,0,0,2, 0.033115660501
7,0,0,7, 0.017337983355
7,0,1,2, 0.024260378278
7,0,1,7, 0.022340220571
7,0,2,0, 0.033115660501
7,0,2,1, 0.024260378278
7,0,2,4, 0.015316266090
7,0,2,5, 0.016610620677
7,0,2,6, 0.019448363189
7,0,2,9,-0.021858197782
7,0,4,2, 0.015316266090
7,0,4,7, 0.024060688018
7,0,5,2, 0.016610620677
7,0,5,7, 0.041569743694
7,0,6,2, 0.019448363189
7,0,6,7, 0.029356689713
7,0,7,0, 0.017337983355
7,0,7,1, 0.022340220571
7,0,7,4, 0.024060688018
7,0,7,5, 0.041569743694
7,0,7,6, 0.029356689713
7,0,7,9,-0.013773025365
7,0,9,2,-0.021858197782
7,0,9,7,-0.013773025365
7,1,0,2, 0.033619487493
7,1,0,7, 0.022340220571
7,1,1,2, 0.027012264505
7,1,1,7, 0.034625388633
7,1,2,0, 0.033619487493
7,1,2,1, 0.027012264505
7,1,2,4, 0.016660181995
7,1,2,5, 0.019448363189
7,1,2,6, 0.022370454527
7,1,2,9,-0.023006933886
7,1,4,2, 0.016660181995
7,1,4,7, 0.031334454080
7,1,5,2, 0.019448363189
7,1,5,7, 0.068504899233
7,1,6,2, 0.022370454527
7,1,6,7, 0.049169126246
7,1,7,0, 0.022340220571
7,1,7,1, 0.034625388633
7,1,7,4, 0.031334454080
7,1,7,5, 0.068504899233
7,1,7,6, 0.049169126246
7,1,7,9,-0.006998305239
7,1,9,2,-0.023006933886
7,1,9,7,-0.006998305239
7,2,0,0, 0.183375202135
7,2,0,1, 0.113862787415
7,2,0,4, 0.035703863661
7,2,0,5, 0.077857330871
7,2,0,6, 0.085922424231
7,2,0,9,-0.095634930017
7,2,1,0, 0.113862787415
7,2,1,1, 0.128281300600
7,2,1,4, 0.027189861122
7,2,1,5, 0.085922424231
7,2,1,6, 0.109534565244
7,2,1,9,-0.050222523937
7,2,2,2, 0.182970285134
7,2,2,7, 0.060164955712
7,2,3,3, 0.165980581359
7,2,3,8, 0.052797818278
7,2,4,0, 0.035703863661
7,2,4,1, 0.027189861122
7,2,4,4, 0.180346138999
7,2,4,5, 0.095634930017
7,2,4,6, 0.050222523937
7,2,4,9,-0.104951552287
7,2,5,0, 0.077857330871
7,2,5,1, 0.085922424231
7,2,5,4, 0.095634930017
7,2,5,5, 0.183375202135
7,2,5,6, 0.113862787415
7,2,5,9,-0.035703863661
7,2,6,0, 0.085922424231
7,2,6,1, 0.109534565244
7,2,6,4, 0.050222523937
7,2,6,5, 0.113862787415
7,2,6,6, 0.128281300600
7,2,6,9,-0.027189861122
7,2,7,2, 0.060164955712
7,2,7,7, 0.182970285134
7,2,8,3, 0.052797818278
7,2,8,8, 0.165980581359
7,2,9,0,-0.095634930017
7,2,9,1,-0.050222523937
7,2,9,4,-0.104951552287
7,2,9,5,-0.035703863661
7,2,9,6,-0.027189861122
7,2,9,9, 0.180346138999
7,3,2,3, 0.008494851888
7,3,2,8, 0.003683568717
7,3,3,2, 0.008494851888
7,3,3,7, 0.003683568717
7,3,7,3, 0.003683568717
7,3,7,8, 0.008494851888
7,3,8,2, 0.003683568717
7,3,8,7, 0.008494851888
7,4,0,2, 0.035703863661
7,4,0,7, 0.024060688018
7,4,1,2, 0.027189861122
7,4,1,7, 0.031334454080
7,4,2,0, 0.035703863661
7,4,2,1, 0.027189861122
7,4,2,4, 0.022860409527
7,4,2,5, 0.021858197782
7,4,2,6, 0.023006933886
7,4,2,9,-0.027866305396
7,4,4,2, 0.022860409527
7,4,4,7, 0.035233442830
7,4,5,2, 0.021858197782
7,4,5,7, 0.061416855275
7,4,6,2, 0.023006933886
7,4,6,7, 0.041557836151
7,4,7,0, 0.024060688018
7,4,7,1, 0.031334454080
7,4,7,4, 0.035233442830
7,4,7,5, 0.061416855275
7,4,7,6, 0.041557836151
7,4,7,9,-0.020794783832
7,4,9,2,-0.027866305396
7,4,9,7,-0.020794783832
7,5,0,2, 0.046337164797
7,5,0,7, 0.041569743694
7,5,1,2, 0.038461895702
7,5,1,7, 0.068504899233
7,5,2,0, 0.046337164797
7,5,2,1, 0.038461895702
7,5,2,4, 0.028780948236
7,5,2,5, 0.033115660501
7,5,2,6, 0.033619487493
7,5,2,9,-0.035703863661
7,5,4,2, 0.028780948236
7,5,4,7, 0.061416855275
7,5,5,2, 0.033115660501
7,5,5,7, 0.152608082603
7,5,6,2, 0.033619487493
7,5,6,7, 0.101353944495
7,5,7,0, 0.041569743694
7,5,7,1, 0.068504899233
7,5,7,4, 0.061416855275
7,5,7,5, 0.152608082603
7,5,7,6, 0.101353944495
7,5,9,2,-0.035703863661
7,6,0,2, 0.038461895702
7,6,0,7, 0.029356689713
7,6,1,2, 0.031893533607
7,6,1,7, 0.049169126246
7,6,2,0, 0.038461895702
7,6,2,1, 0.031893533607
7,6,2,4, 0.020460885842
7,6,2,5, 0.024260378278
7,6,2,6, 0.027012264505
7,6,2,9,-0.027189861122
7,6,4,2, 0.020460885842
7,6,4,7, 0.041557836151
7,6,5,2, 0.024260378278
7,6,5,7, 0.101353944495
7,6,6,2, 0.027012264505
7,6,6,7, 0.072461555243
7,6,7,0, 0.029356689713
7,6,7,1, 0.049169126246
7,6,7,4, 0.041557836151
7,6,7,5, 0.101353944495
7,6,7,6, 0.072461555243
7,6,9,2,-0.027189861122
7,7,0,0, 0.472164034228
7,7,0,1, 0.312691332227
7,7,0,4, 0.114954332160
7,7,0,5, 0.246271210180
7,7,0,6, 0.248031102844
7,7,0,9,-0.256489625919
7,7,1,0, 0.312691332227
7,7,1,1, 0.396463386705
7,7,1,4, 0.098897063346
7,7,1,5, 0.320551354122
7,7,1,6, 0.373673160724
7,7,1,9,-0.109262814073
7,7,2,2, 0.459952124384
7,7,2,7, 0.182970285134
7,7,3,3, 0.441799540354
7,7,3,8, 0.165980581359
7,7,4,0, 0.114954332160
7,7,4,1, 0.098897063346
7,7,4,4, 0.508122372680
7,7,4,5, 0.326767678763
7,7,4,6, 0.169823282057
7,7,4,9,-0.302986368283
7,7,5,0, 0.246271210180
7,7,5,1, 0.320551354122
7,7,5,4, 0.326767678763
7,7,5,5, 0.775037038942
7,7,5,6, 0.462081934851
7,7,6,0, 0.248031102844
7,7,6,1, 0.373673160724
7,7,6,4, 0.169823282057
7,7,6,5, 0.462081934851
7,7,6,6, 0.491073083906
7,7,7,2, 0.182970285134
7,7,7,7, 0.785718708997
7,7,8,3, 0.165980581359
7,7,8,8, 0.689508254834
7,7,9,0,-0.256489625919
7,7,9,1,-0.109262814073
7,7,9,4,-0.302986368283
7,7,9,9, 0.689508254834
7,8,2,3, 0.009076292015
7,8,2,8, 0.008494851888
7,8,3,2, 0.009076292015
7,8,3,7, 0.008494851888
7,8,7,3, 0.008494851888
7,8,7,8, 0.048105227081
7,8,8,2, 0.008494851888
7,8,8,7, 0.048105227081
7,9,0,2,-0.028780948236
7,9,0,7,-0.013773025365
7,9,1,2,-0.020460885842
7,9,1,7,-0.006998305239
7,9,2,0,-0.028780948236
7,9,2,1,-0.020460885842
7,9,2,4,-0.017887324475
7,9,2,5,-0.015316266090
7,9,2,6,-0.016660181995
7,9,2,9, 0.022860409527
7,9,4,2,-0.017887324475
7,9,4,7,-0.020794783832
7,9,5,2,-0.015316266090
7,9,6,2,-0.016660181995
7,9,7,0,-0.013773025365
7,9,7,1,-0.006998305239
7,9,7,4,-0.020794783832
7,9,7,9, 0.048105227081
7,9,9,2, 0.022860409527
7,9,9,7, 0.048105227081
8,0,0,3, 0.033115660501
8,0,0,8, 0.017337983355
8,0,1,3, 0.024260378278
8,0,1,8, 0.022340220571
8,0,3,0, 0.033115660501
8,0,3,1, 0.024260378278
8,0,3,4, 0.015316266090
8,0,3,5, 0.016610620677
8,0,3,6, 0.019448363189
8,0,3,9,-0.021858197782
8,0,4,3, 0.015316266090
8,0,4,8, 0.024060688018
8,0,5,3, 0.016610620677
8,0,5,8, 0.041569743694
8,0,6,3, 0.019448363189
8,0,6,8, 0.029356689713
8,0,8,0, 0.017337983355
8,0,8,1, 0.022340220571
8,0,8,4, 0.024060688018
8,0,8,5, 0.041569743694
8,0,8,6, 0.029356689713
8,0,8,9,-0.013773025365
8,0,9,3,-0.021858197782
8,0,9,8,-0.013773025365
8,1,0,3, 0.033619487493
8,1,0,8, 0.022340220571
8,1,1,3, 0.027012264505
8,1,1,8, 0.034625388633
8,1,3,0, 0.033619487493
8,1,3,1, 0.027012264505
8,1,3,4, 0.016660181995
8,1,3,5, 0.019448363189
8,1,3,6, 0.022370454527
8,1,3,9,-0.023006933886
8,1,4,3, 0.016660181995
8,1,4,8, 0.031334454080
8,1,5,3, 0.019448363189
8,1,5,8, 0.068504899233
8,1,6,3, 0.022370454527
8,1,6,8, 0.049169126246
8,1,8,0, 0.022340220571
8,1,8,1, 0.034625388633
8,1,8,4, 0.031334454080
8,1,8,5, 0.068504899233
8,1,8,6, 0.049169126246
8,1,8,9,-0.006998305239
8,1,9,3,-0.023006933886
8,1,9,8,-0.006998305239
8,2,2,3, 0.008494851888
8,2,2,8, 0.003683568717
8,2,3,2, 0.008494851888
8,2,3,7, 0.003683568717
8,2,7,3, 0.003683568717
8,2,7,8, 0.008494851888
8,2,8,2, 0.003683568717
8,2,8,7, 0.008494851888
8,3,0,0, 0.183375202135
8,3,0,1, 0.113862787415
8,3,0,4, 0.035703863661
8,3,0,5, 0.077857330871
8,3,0,6, 0.085922424231
8,3,0,9,-0.095634930017
8,3,1,0, 0.113862787415
8,3,1,1, 0.128281300600
8,3,1,4, 0.027189861122
8,3,1,5, 0.085922424231
8,3,1,6, 0.109534565244
8,3,1,9,-0.050222523937
8,3,2,2, 0.165980581359
8,3,2,7, 0.052797818278
8,3,3,3, 0.182970285134
8,3,3,8, 0.060164955712
8,3,4,0, 0.035703863661
8,3,4,1, 0.027189861122
8,3,4,4, 0.180346138999
8,3,4,5, 0.095634930017
8,3,4,6, 0.050222523937
8,3,4,9,-0.104951552287
8,3,5,0, 0.077857330871
8,3,5,1, 0.085922424231
8,3,5,4, 0.095634930017
8,3,5,5, 0.183375202135
8,3,5,6, 0.113862787415
8,3,5,9,-0.035703863661
8,3,6,0, 0.085922424231
8,3,6,1, 0.109534565244
8,3,6,4, 0.050222523937
8,3,6,5, 0.113862787415
8,3,6,6, 0.128281300600
8,3,6,9,-0.027189861122
8,3,7,2, 0.052797818278
8,3,7,7, 0.165980581359
8,3,8,3, 0.060164955712
8,3,8,8, 0.182970285134
8,3,9,0,-0.095634930017
8,3,9,1,-0.050222523937
8,3,9,4,-0.104951552287
8,3,9,5,-0.035703863661
8,3,9,6,-0.027189861122
8,3,9,9, 0.180346138999
8,4,0,3, 0.035703863661
8,4,0,8, 0.024060688018
8,4,1,3, 0.027189861122
8,4,1,8, 0.031334454080
8,4,3,0, 0.035703863661
8,4,3,1, 0.027189861122
8,4,3,4, 0.022860409527
8,4,3,5, 0.021858197782
8,4,3,6, 0.023006933886
8,4,3,9,-0.027866305396
8,4,4,3, 0.022860409527
8,4,4,8, 0.035233442830
8,4,5,3, 0.021858197782
8,4,5,8, 0.061416855275
8,4,6,3, 0.023006933886
8,4,6,8, 0.041557836151
8,4,8,0, 0.024060688018
8,4,8,1, 0.031334454080
8,4,8,4, 0.035233442830
8,4,8,5, 0.061416855275
8,4,8,6, 0.041557836151
8,4,8,9,-0.020794783832
8,4,9,3,-0.027866305396
8,4,9,8,-0.020794783832
8,5,0,3, 0.046337164797
8,5,0,8, 0.041569743694
8,5,1,3, 0.038461895702
8,5,1,8, 0.068504899233
8,5,3,0, 0.046337164797
8,5,3,1, 0.038461895702
8,5,3,4, 0.028780948236
8,5,3,5, 0.033115660501
8,5,3,6, 0.033619487493
8,5,3,9,-0.035703863661
8,5,4,3, 0.028780948236
8,5,4,8, 0.061416855275
8,5,5,3, 0.033115660501
8,5,5,8, 0.152608082603
8,5,6,3, 0.033619487493
8,5,6,8, 0.101353944495
8,5,8,0, 0.041569743694
8,5,8,1, 0.068504899233
8,5,8,4, 0.061416855275
8,5,8,5, 0.152608082603
8,5,8,6, 0.101353944495
8,5,9,3,-0.035703863661
8,6,0,3, 0.038461895702
8,6,0,8, 0.029356689713
8,6,1,3, 0.031893533607
8,6,1,8, 0.049169126246
8,6,3,0, 0.038461895702
8,6,3,1, 0.031893533607
8,6,3,4, 0.020460885842
8,6,3,5, 0.024260378278
8,6,3,6, 0.027012264505
8,6,3,9,-0.027189861122
8,6,4,3, 0.020460885842
8,6,4,8, 0.041557836151
8,6,5,3, 0.024260378278
8,6,5,8, 0.101353944495
8,6,6,3, 0.027012264505
8,6,6,8, 0.072461555243
8,6,8,0, 0.029356689713
8,6,8,1, 0.049169126246
8,6,8,4, 0.041557836151
8,6,8,5, 0.101353944495
8,6,8,6, 0.072461555243
8,6,9,3,-0.027189861122
8,7,2,3, 0.009076292015
8,7,2,8, 0.008494851888
8,7,3,2, 0.009076292015
8,7,3,7, 0.008494851888
8,7,7,3, 0.008494851888
8,7,7,8, 0.048105227081
8,7,8,2, 0.008494851888
8,7,8,7, 0.048105227081
8,8,0,0, 0.472164034228
8,8,0,1, 0.312691332227
8,8,0,4, 0.114954332160
8,8,0,5, 0.246271210180
8,8,0,6, 0.248031102844
8,8,0,9,-0.256489625919
8,8,1,0, 0.312691332227
8,8,1,1, 0.396463386705
8,8,1,4, 0.098897063346
8,8,1,5, 0.320551354122
8,8,1,6, 0.373673160724
8,8,1,9,-0.109262814073
8,8,2,2, 0.441799540354
8,8,2,7, 0.165980581359
8,8,3,3, 0.459952124384
8,8,3,8, 0.182970285134
8,8,4,0, 0.114954332160
8,8,4,1, 0.098897063346
8,8,4,4, 0.508122372680
8,8,4,5, 0.326767678763
8,8,4,6, 0.169823282057
8,8,4,9,-0.302986368283
8,8,5,0, 0.246271210180
8,8,5,1, 0.320551354122
8,8,5,4, 0.326767678763
8,8,5,5, 0.775037038942
8,8,5,6, 0.462081934851
8,8,6,0, 0.248031102844
8,8,6,1, 0.373673160724
8,8,6,4, 0.169823282057
8,8,6,5, 0.462081934851
8,8,6,6, 0.491073083906
8,8,7,2, 0.165980581359
8,8,7,7, 0.689508254834
8,8,8,3, 0.182970285134
8,8,8,8, 0.785718708997
8,8,9,0,-0.256489625919
8,8,9,1,-0.109262814073
8,8,9,4,-0.302986368283
8,8,9,9, 0.689508254834
8,9,0,3,-0.028780948236
8,9,0,8,-0.013773025365
8,9,1,3,-0.020460885842
8,9,1,8,-0.006998305239
8,9,3,0,-0.028780948236
8,9,3,1,-0.020460885842
8,9,3,4,-0.017887324475
8,9,3,5,-0.015316266090
8,9,3,6,-0.016660181995
8,9,3,9, 0.022860409527
8,9,4,3,-0.017887324475
8,9,4,8,-0.020794783832
8,9,5,3,-0.015316266090
8,9,6,3,-0.016660181995
8,9,8,0,-0.013773025365
8,9,8,1,-0.006998305239
8,9,8,4,-0.020794783832
8,9,8,9, 0.048105227081
8,9,9,3, 0.022860409527
8,9,9,8, 0.048105227081
9,0,0,0,-0.373548683817
9,0,0,1,-0.214639987940
9,0,0,4,-0.065330894443
9,0,0,5,-0.140695685081
9,0,0,6,-0.158167140752
9,0,0,9, 0.188616532269
9,0,1,0,-0.214639987940
9,0,1,1,-0.218946783660
9,0,1,4,-0.043562734271
9,0,1,5,-0.138360280782
9,0,1,6,-0.178837714191
9,0,1,9, 0.099269984169
9,0,2,2,-0.326767678763
9,0,2,7,-0.095634930017
9,0,3,3,-0.326767678763
9,0,3,8,-0.095634930017
9,0,4,0,-0.065330894443
9,0,4,1,-0.043562734271
9,0,4,4,-0.345224439513
9,0,4,5,-0.165534777407
9,0,4,6,-0.084688248324
9,0,4,9, 0.198373171399
9,0,5,0,-0.140695685081
9,0,5,1,-0.138360280782
9,0,5,4,-0.165534777407
9,0,5,5,-0.281968694663
9,0,5,6,-0.175514962404
9,0,5,9, 0.087964282863
9,0,6,0,-0.158167140752
9,0,6,1,-0.178837714191
9,0,6,4,-0.084688248324
9,0,6,5,-0.175514962404
9,0,6,6,-0.198531700354
9,0,6,9, 0.065112302099
9,0,7,2,-0.095634930017
9,0,7,7,-0.256489625919
9,0,8,3,-0.095634930017
9,0,8,8,-0.256489625919
9,0,9,0, 0.188616532269
9,0,9,1, 0.099269984169
9,0,9,4, 0.198373171399
9,0,9,5, 0.087964282863
9,0,9,6, 0.065112302099
9,0,9,9,-0.302183499180
9,1,0,0,-0.188294920332
9,1,0,1,-0.109667327967
9,1,0,4,-0.036160441006
9,1,0,5,-0.071164500265
9,1,0,6,-0.080599950530
9,1,0,9, 0.099269984169
9,1,1,0,-0.109667327967
9,1,1,1,-0.109472262944
9,1,1,4,-0.023958556422
9,1,1,5,-0.063950000011
9,1,1,6,-0.085046577071
9,1,1,9, 0.060371021522
9,1,2,2,-0.169823282057
9,1,2,7,-0.050222523937
9,1,3,3,-0.169823282057
9,1,3,8,-0.050222523937
9,1,4,0,-0.036160441006
9,1,4,1,-0.023958556422
9,1,4,4,-0.178655323520
9,1,4,5,-0.084688248324
9,1,4,6,-0.044214453750
9,1,4,9, 0.106879197233
9,1,5,0,-0.071164500265
9,1,5,1,-0.063950000011
9,1,5,4,-0.084688248324
9,1,5,5,-0.118056287510
9,1,5,6,-0.073941852536
9,1,5,9, 0.073921594087
9,1,6,0,-0.080599950530
9,1,6,1,-0.085046577071
9,1,6,4,-0.044214453750
9,1,6,5,-0.073941852536
9,1,6,6,-0.084721901564
9,1,6,9, 0.053440893808
9,1,7,2,-0.050222523937
9,1,7,7,-0.109262814073
9,1,8,3,-0.050222523937
9,1,8,8,-0.109262814073
9,1,9,0, 0.099269984169
9,1,9,1, 0.060371021522
9,1,9,4, 0.106879197233
9,1,9,5, 0.073921594087
9,1,9,6, 0.053440893808
9,1,9,9,-0.123736556742
9,2,0,2,-0.061416855275
9,2,0,7,-0.021858197782
9,2,1,2,-0.041557836151
9,2,1,7,-0.023006933886
9,2,2,0,-0.061416855275
9,2,2,1,-0.041557836151
9,2,2,4,-0.020794783832
9,2,2,5,-0.024060688018
9,2,2,6,-0.031334454080
9,2,2,9, 0.035233442830
9,2,4,2,-0.020794783832
9,2,4,7,-0.027866305396
9,2,5,2,-0.024060688018
9,2,5,7,-0.035703863661
9,2,6,2,-0.031334454080
9,2,6,7,-0.027189861122
9,2,7,0,-0.021858197782
9,2,7,1,-0.023006933886
9,2,7,4,-0.027866305396
9,2,7,5,-0.035703863661
9,2,7,6,-0.027189861122
9,2,7,9, 0.022860409527
9,2,9,2, 0.035233442830
9,2,9,7, 0.022860409527
9,3,0,3,-0.061416855275
9,3,0,8,-0.021858197782
9,3,1,3,-0.041557836151
9,3,1,8,-0.023006933886
9,3,3,0,-0.061416855275
9,3,3,1,-0.041557836151
9,3,3,4,-0.020794783832
9,3,3,5,-0.024060688018
9,3,3,6,-0.031334454080
9,3,3,9, 0.035233442830
9,3,4,3,-0.020794783832
9,3,4,8,-0.027866305396
9,3,5,3,-0.024060688018
9,3,5,8,-0.035703863661
9,3,6,3,-0.031334454080
9,3,6,8,-0.027189861122
9,3,8,0,-0.021858197782
9,3,8,1,-0.023006933886
9,3,8,4,-0.027866305396
9,3,8,5,-0.035703863661
9,3,8,6,-0.027189861122
9,3,8,9, 0.022860409527
9,3,9,3, 0.035233442830
9,3,9,8, 0.022860409527
9,4,0,0,-0.340279713208
9,4,0,1,-0.203475969916
9,4,0,4,-0.103802426039
9,4,0,5,-0.153709992347
9,4,0,6,-0.157154923706
9,4,0,9, 0.198373171399
9,4,1,0,-0.203475969916
9,4,1,1,-0.215753090547
9,4,1,4,-0.070792777873
9,4,1,5,-0.157154923706
9,4,1,6,-0.186075011921
9,4,1,9, 0.106879197233
9,4,2,2,-0.302986368283
9,4,2,7,-0.104951552287
9,4,3,3,-0.302986368283
9,4,3,8,-0.104951552287
9,4,4,0,-0.103802426039
9,4,4,1,-0.070792777873
9,4,4,4,-0.350313295709
9,4,4,5,-0.198373171399
9,4,4,6,-0.106879197233
9,4,4,9, 0.231072289616
9,4,5,0,-0.153709992347
9,4,5,1,-0.157154923706
9,4,5,4,-0.198373171399
9,4,5,5,-0.340279713208
9,4,5,6,-0.203475969916
9,4,5,9, 0.103802426039
9,4,6,0,-0.157154923706
9,4,6,1,-0.186075011921
9,4,6,4,-0.106879197233
9,4,6,5,-0.203475969916
9,4,6,6,-0.215753090547
9,4,6,9, 0.070792777873
9,4,7,2,-0.104951552287
9,4,7,7,-0.302986368283
9,4,8,3,-0.104951552287
9,4,8,8,-0.302986368283
9,4,9,0, 0.198373171399
9,4,9,1, 0.106879197233
9,4,9,4, 0.231072289616
9,4,9,5, 0.103802426039
9,4,9,6, 0.070792777873
9,4,9,9,-0.350313295709
9,5,0,0,-0.135912152551
9,5,0,1,-0.073486968447
9,5,0,4,-0.045044402107
9,5,0,5,-0.050759897414
9,5,0,6,-0.053933517781
9,5,0,9, 0.087964282863
9,5,1,0,-0.073486968447
9,5,1,1,-0.054196054373
9,5,1,4,-0.026772942888
9,5,1,5,-0.021367973804
9,5,1,6,-0.029720632762
9,5,1,9, 0.073921594087
9,5,2,2,-0.114954332160
9,5,2,7,-0.035703863661
9,5,3,3,-0.114954332160
9,5,3,8,-0.035703863661
9,5,4,0,-0.045044402107
9,5,4,1,-0.026772942888
9,5,4,4,-0.139113311709
9,5,4,5,-0.065330894443
9,5,4,6,-0.036160441006
9,5,4,9, 0.103802426039
9,5,5,0,-0.050759897414
9,5,5,1,-0.021367973804
9,5,5,4,-0.065330894443
9,5,5,9, 0.152608082603
9,5,6,0,-0.053933517781
9,5,6,1,-0.029720632762
9,5,6,4,-0.036160441006
9,5,6,9, 0.101353944495
9,5,7,2,-0.035703863661
9,5,8,3,-0.035703863661
9,5,9,0, 0.087964282863
9,5,9,1, 0.073921594087
9,5,9,4, 0.103802426039
9,5,9,5, 0.152608082603
9,5,9,6, 0.101353944495
9,6,0,0,-0.113258267552
9,6,0,1,-0.061385761150
9,6,0,4,-0.026772942888
9,6,0,5,-0.037423592547
9,6,0,6,-0.043726172440
9,6,0,9, 0.065112302099
9,6,1,0,-0.061385761150
9,6,1,1,-0.046799893559
9,6,1,4,-0.015299101509
9,6,1,5,-0.016046190936
9,6,1,6,-0.025125769721
9,6,1,9, 0.053440893808
9,6,2,2,-0.098897063346
9,6,2,7,-0.027189861122
9,6,3,3,-0.098897063346
9,6,3,8,-0.027189861122
9,6,4,0,-0.026772942888
9,6,4,1,-0.015299101509
9,6,4,4,-0.105802106842
9,6,4,5,-0.043562734271
9,6,4,6,-0.023958556422
9,6,4,9, 0.070792777873
9,6,5,0,-0.037423592547
9,6,5,1,-0.016046190936
9,6,5,4,-0.043562734271
9,6,5,9, 0.101353944495
9,6,6,0,-0.043726172440
9,6,6,1,-0.025125769721
9,6,6,4,-0.023958556422
9,6,6,9, 0.072461555243
9,6,7,2,-0.027189861122
9,6,8,3,-0.027189861122
9,6,9,0, 0.065112302099
9,6,9,1, 0.053440893808
9,6,9,4, 0.070792777873
9,6,9,5, 0.101353944495
9,6,9,6, 0.072461555243
9,7,0,2,-0.028780948236
9,7,0,7,-0.013773025365
9,7,1,2,-0.020460885842
9,7,1,7,-0.006998305239
9,7,2,0,-0.028780948236
9,7,2,1,-0.020460885842
9,7,2,4,-0.017887324475
9,7,2,5,-0.015316266090
9,7,2,6,-0.016660181995
9,7,2,9, 0.022860409527
9,7,4,2,-0.017887324475
9,7,4,7,-0.020794783832
9,7,5,2,-0.015316266090
9,7,6,2,-0.016660181995
9,7,7,0,-0.013773025365
9,7,7,1,-0.006998305239
9,7,7,4,-0.020794783832
9,7,7,9, 0.048105227081
9,7,9,2, 0.022860409527
9,7,9,7, 0.048105227081
9,8,0,3,-0.028780948236
9,8,0,8,-0.013773025365
9,8,1,3,-0.020460885842
9,8,1,8,-0.006998305239
9,8,3,0,-0.028780948236
9,8,3,1,-0.020460885842
9,8,3,4,-0.017887324475
9,8,3,5,-0.015316266090
9,8,3,6,-0.016660181995
9,8,3,9, 0.022860409527
9,8,4,3,-0.017887324475
9,8,4,8,-0.020794783832
9,8,5,3,-0.015316266090
9,8,6,3,-0.016660181995
9,8,8,0,-0.013773025365
9,8,8,1,-0.006998305239
9,8,8,4,-0.020794783832
9,8,8,9, 0.048105227081
9,8,9,3, 0.022860409527
9,8,9,8, 0.048105227081
9,9,0,0, 0.556650476934
9,9,0,1, 0.347822709406
9,9,0,4, 0.139113311709
9,9,0,5, 0.266089824826
9,9,0,6, 0.270927885352
9,9,0,9,-0.302183499180
9,9,1,0, 0.347822709406
9,9,1,1, 0.409549173303
9,9,1,4, 0.105802106842
9,9,1,5, 0.322905311098
9,9,1,6, 0.377542913373
9,9,1,9,-0.123736556742
9,9,2,2, 0.508122372680
9,9,2,7, 0.180346138999
9,9,3,3, 0.508122372680
9,9,3,8, 0.180346138999
9,9,4,0, 0.139113311709
9,9,4,1, 0.105802106842
9,9,4,4, 0.578839016166
9,9,4,5, 0.345224439513
9,9,4,6, 0.178655323520
9,9,4,9,-0.350313295709
9,9,5,0, 0.266089824826
9,9,5,1, 0.322905311098
9,9,5,4, 0.345224439513
9,9,5,5, 0.775037038942
9,9,5,6, 0.462081934851
9,9,6,0, 0.270927885352
9,9,6,1, 0.377542913373
9,9,6,4, 0.178655323520
9,9,6,5, 0.462081934851
9,9,6,6, 0.491073083906
9,9,7,2, 0.180346138999
9,9,7,7, 0.689508254834
9,9,8,3, 0.180346138999
9,9,8,8, 0.689508254834
9,9,9,0,-0.302183499180
9,9,9,1,-0.123736556742
9,9,9,4,-0.350313295709
9,9,9,9, 0.785718708997
