0,0,0,0, 0.897251802255
0,0,0,1, 0.504699283325
0,0,0,5, 0.155615586726
0,0,0,6, 0.285722379444
0,0,0,9,-0.221144082062
0,0,1,0, 0.504699283325
0,0,1,1, 0.507364877272
0,0,1,5, 0.192917902074
0,0,1,6, 0.332277997252
0,0,1,9,-0.151109044694
0,0,2,2, 0.775037038942
0,0,2,7, 0.084010817440
0,0,3,3, 0.775037038942
0,0,3,8, 0.084010817440
0,0,4,4, 0.775037038942
0,0,4,5, 0.182468536429
0,0,4,6, 0.119337147705
0,0,4,9,-0.284303129946
0,0,5,0, 0.155615586726
0,0,5,1, 0.192917902074
0,0,5,4, 0.182468536429
0,0,5,5, 0.420905085828
0,0,5,6, 0.281569399806
0,0,5,9,-0.104004609589
0,0,6,0, 0.285722379444
0,0,6,1, 0.332277997252
0,0,6,4, 0.119337147705
0,0,6,5, 0.281569399806
0,0,6,6, 0.368639498972
0,0,6,9,-0.091644432777
0,0,7,2, 0.084010817440
0,0,7,7, 0.398457746480
0,0,8,3, 0.084010817440
0,0,8,8, 0.398457746480
0,0,9,0,-0.221144082062
0,0,9,1,-0.151109044694
0,0,9,4,-0.284303129946
0,0,9,5,-0.104004609589
0,0,9,6,-0.091644432777
0,0,9,9, 0.461039388469
0,1,0,0, 0.504699283325
0,1,0,1, 0.300015949963
0,1,0,5, 0.095039389890
0,1,0,6, 0.171122518773
0,1,0,9,-0.132103025688
0,1,1,0, 0.300015949963
0,1,1,1, 0.324022459289
0,1,1,5, 0.125397597338
0,1,1,6, 0.214593896991
0,1,1,9,-0.092859253336
0,1,2,2, 0.462081934851
0,1,2,7, 0.053070298229
0,1,3,3, 0.462081934851
0,1,3,8, 0.053070298229
0,1,4,4, 0.462081934851
0,1,4,5, 0.114715748975
0,1,4,6, 0.074824656134
0,1,4,9,-0.174905291710
0,1,5,0, 0.095039389890
0,1,5,1, 0.125397597338
0,1,5,4, 0.114715748975
0,1,5,5, 0.281569399806
0,1,5,6, 0.187064825342
0,1,5,9,-0.062018635964
0,1,6,0, 0.171122518773
0,1,6,1, 0.214593896991
0,1,6,4, 0.074824656134
0,1,6,5, 0.187064825342
0,1,6,6, 0.244100575870
0,1,6,9,-0.053943053251
0,1,7,2, 0.053070298229
0,1,7,7, 0.268813694053
0,1,8,3, 0.053070298229
0,1,8,8, 0.268813694053
0,1,9,0,-0.132103025688
0,1,9,1,-0.092859253336
0,1,9,4,-0.174905291710
0,1,9,5,-0.062018635964
0,1,9,6,-0.053943053251
0,1,9,9, 0.299712129381
0,2,0,2, 0.152608082603
0,2,0,7, 0.014812714233
0,2,1,2, 0.101353944495
0,2,1,7, 0.019384709403
0,2,2,0, 0.152608082603
0,2,2,1, 0.101353944495
0,2,2,5, 0.021601663223
0,2,2,6, 0.055246687323
0,2,2,9,-0.031143274141
0,2,4,7, 0.018597595057
0,2,5,2, 0.021601663223
0,2,5,7, 0.028395148958
0,2,6,2, 0.055246687323
0,2,6,7, 0.024986417869
0,2,7,0, 0.014812714233
0,2,7,1, 0.019384709403
0,2,7,4, 0.018597595057
0,2,7,5, 0.028395148958
0,2,7,6, 0.024986417869
0,2,7,9,-0.017356546865
0,2,9,2,-0.031143274141
0,2,9,7,-0.017356546865
0,3,0,3, 0.152608082603
0,3,0,8, 0.014812714233
0,3,1,3, 0.101353944495
0,3,1,8, 0.019384709403
0,3,3,0, 0.152608082603
0,3,3,1, 0.101353944495
0,3,3,5, 0.021601663223
0,3,3,6, 0.055246687323
0,3,3,9,-0.031143274141
0,3,4,8, 0.018597595057
0,3,5,3, 0.021601663223
0,3,5,8, 0.028395148958
0,3,6,3, 0.055246687323
0,3,6,8, 0.024986417869
0,3,8,0, 0.014812714233
0,3,8,1, 0.019384709403
0,3,8,4, 0.018597595057
0,3,8,5, 0.028395148958
0,3,8,6, 0.024986417869
0,3,8,9,-0.017356546865
0,3,9,3,-0.031143274141
0,3,9,8,-0.017356546865
0,4,0,4, 0.152608082603
0,4,0,5, 0.032589068993
0,4,0,6, 0.021589522552
0,4,0,9,-0.051448394990
0,4,1,4, 0.101353944495
0,4,1,5, 0.041776001439
0,4,1,6, 0.031011710823
0,4,1,9,-0.038746768710
0,4,2,7, 0.018597595057
0,4,3,8, 0.018597595057
0,4,4,0, 0.152608082603
0,4,4,1, 0.101353944495
0,4,4,5, 0.054059658650
0,4,4,6, 0.062024043455
0,4,4,9,-0.084912507242
0,4,5,0, 0.032589068993
0,4,5,1, 0.041776001439
0,4,5,4, 0.054059658650
0,4,5,5, 0.104004609589
0,4,5,6, 0.062018635964
0,4,5,9,-0.042309700518
0,4,6,0, 0.021589522552
0,4,6,1, 0.031011710823
0,4,6,4, 0.062024043455
0,4,6,5, 0.062018635964
0,4,6,6, 0.054561367742
0,4,6,9,-0.031126514480
0,4,7,2, 0.018597595057
0,4,7,7, 0.090262855040
0,4,8,3, 0.018597595057
0,4,8,8, 0.090262855040
0,4,9,0,-0.051448394990
0,4,9,1,-0.038746768710
0,4,9,4,-0.084912507242
0,4,9,5,-0.042309700518
0,4,9,6,-0.031126514480
0,4,9,9, 0.121237499070
0,5,0,0, 0.155615586726
0,5,0,1, 0.095039389890
0,5,0,4, 0.032589068993
0,5,0,5, 0.042104162427
0,5,0,6, 0.060764231793
0,5,0,9,-0.057364977670
0,5,1,0, 0.095039389890
0,5,1,1, 0.106489758622
0,5,1,4, 0.024678150282
0,5,1,5, 0.060764231793
0,5,1,6, 0.082921417053
0,5,1,9,-0.041986438131
0,5,2,2, 0.141382279408
0,5,2,7, 0.023440098116
0,5,3,3, 0.141382279408
0,5,3,8, 0.023440098116
0,5,4,0, 0.032589068993
0,5,4,1, 0.024678150282
0,5,4,4, 0.155327000762
0,5,4,5, 0.057364977670
0,5,4,6, 0.041986438131
0,5,4,9,-0.084086307446
0,5,5,0, 0.042104162427
0,5,5,1, 0.060764231793
0,5,5,4, 0.057364977670
0,5,5,5, 0.155615586726
0,5,5,6, 0.095039389890
0,5,5,9,-0.032589068993
0,5,6,0, 0.060764231793
0,5,6,1, 0.082921417053
0,5,6,4, 0.041986438131
0,5,6,5, 0.095039389890
0,5,6,6, 0.106489758622
0,5,6,9,-0.024678150282
0,5,7,2, 0.023440098116
0,5,7,7, 0.141382279408
0,5,8,3, 0.023440098116
0,5,8,8, 0.141382279408
0,5,9,0,-0.057364977670
0,5,9,1,-0.041986438131
0,5,9,4,-0.084086307446
0,5,9,5,-0.032589068993
0,5,9,6,-0.024678150282
0,5,9,9, 0.155327000762
0,6,0,0, 0.285722379444
0,6,0,1, 0.171122518773
0,6,0,4, 0.021589522552
0,6,0,5, 0.060764231793
0,6,0,6, 0.101674880318
0,6,0,9,-0.084105258375
0,6,1,0, 0.171122518773
0,6,1,1, 0.186957067307
0,6,1,4, 0.016261292739
0,6,1,5, 0.082751157137
0,6,1,6, 0.131483640405
0,6,1,9,-0.060036582390
0,6,2,2, 0.262291195609
0,6,2,7, 0.034210605480
0,6,3,3, 0.262291195609
0,6,3,8, 0.034210605480
0,6,4,0, 0.021589522552
0,6,4,1, 0.016261292739
0,6,4,4, 0.265239229397
0,6,4,5, 0.076521287188
0,6,4,6, 0.053667194836
0,6,4,9,-0.115243251061
0,6,5,0, 0.060764231793
0,6,5,1, 0.082751157137
0,6,5,4, 0.076521287188
0,6,5,5, 0.192917902074
0,6,5,6, 0.125397597338
0,6,5,9,-0.041776001439
0,6,6,0, 0.101674880318
0,6,6,1, 0.131483640405
0,6,6,4, 0.053667194836
0,6,6,5, 0.125397597338
0,6,6,6, 0.156291338925
0,6,6,9,-0.035004692934
0,6,7,2, 0.034210605480
0,6,7,7, 0.182751364761
0,6,8,3, 0.034210605480
0,6,8,8, 0.182751364761
0,6,9,0,-0.084105258375
0,6,9,1,-0.060036582390
0,6,9,4,-0.115243251061
0,6,9,5,-0.041776001439
0,6,9,6,-0.035004692934
0,6,9,9, 0.201855703398
0,7,0,2, 0.014812714233
0,7,0,7, 0.005628756587
0,7,1,2, 0.011357492063
0,7,1,7, 0.010120523336
0,7,2,0, 0.014812714233
0,7,2,1, 0.011357492063
0,7,2,4, 0.007969418079
0,7,2,5, 0.005184175343
0,7,2,6, 0.008018483325
0,7,2,9,-0.007506204199
0,7,4,2, 0.007969418079
0,7,4,7, 0.008371550548
0,7,5,2, 0.005184175343
0,7,5,7, 0.021601663223
0,7,6,2, 0.008018483325
0,7,6,7, 0.015552176435
0,7,7,0, 0.005628756587
0,7,7,1, 0.010120523336
0,7,7,4, 0.008371550548
0,7,7,5, 0.021601663223
0,7,7,6, 0.015552176435
0,7,7,9,-0.008422852787
0,7,9,2,-0.007506204199
0,7,9,7,-0.008422852787
0,8,0,3, 0.014812714233
0,8,0,8, 0.005628756587
0,8,1,3, 0.011357492063
0,8,1,8, 0.010120523336
0,8,3,0, 0.014812714233
0,8,3,1, 0.011357492063
0,8,3,4, 0.007969418079
0,8,3,5, 0.005184175343
0,8,3,6, 0.008018483325
0,8,3,9,-0.007506204199
0,8,4,3, 0.007969418079
0,8,4,8, 0.008371550548
0,8,5,3, 0.005184175343
0,8,5,8, 0.021601663223
0,8,6,3, 0.008018483325
0,8,6,8, 0.015552176435
0,8,8,0, 0.005628756587
0,8,8,1, 0.010120523336
0,8,8,4, 0.008371550548
0,8,8,5, 0.021601663223
0,8,8,6, 0.015552176435
0,8,8,9,-0.008422852787
0,8,9,3,-0.007506204199
0,8,9,8,-0.008422852787
0,9,0,0,-0.221144082062
0,9,0,1,-0.132103025688
0,9,0,4,-0.051448394990
0,9,0,5,-0.057364977670
0,9,0,6,-0.084105258375
0,9,0,9, 0.081643583701
0,9,1,0,-0.132103025688
0,9,1,1,-0.141877550621
0,9,1,4,-0.036729486648
0,9,1,5,-0.076521287188
0,9,1,6,-0.107578671527
0,9,1,9, 0.060266994334
0,9,2,2,-0.197100052319
0,9,2,7,-0.031869930925
0,9,3,3,-0.197100052319
0,9,3,8,-0.031869930925
0,9,4,0,-0.051448394990
0,9,4,1,-0.036729486648
0,9,4,4,-0.220014365663
0,9,4,5,-0.078055271411
0,9,4,6,-0.058751257115
0,9,4,9, 0.119050490330
0,9,5,0,-0.057364977670
0,9,5,1,-0.076521287188
0,9,5,4,-0.078055271411
0,9,5,5,-0.182468536429
0,9,5,6,-0.114715748975
0,9,5,9, 0.054059658650
0,9,6,0,-0.084105258375
0,9,6,1,-0.107578671527
0,9,6,4,-0.058751257115
0,9,6,5,-0.114715748975
0,9,6,6,-0.132041979277
0,9,6,9, 0.041073869553
0,9,7,2,-0.031869930925
0,9,7,7,-0.167003088187
0,9,8,3,-0.031869930925
0,9,8,8,-0.167003088187
0,9,9,0, 0.081643583701
0,9,9,1, 0.060266994334
0,9,9,4, 0.119050490330
0,9,9,5, 0.054059658650
0,9,9,6, 0.041073869553
0,9,9,9,-0.196579147485
1,0,0,0, 0.504699283325
1,0,0,1, 0.300015949963
1,0,0,5, 0.095039389890
1,0,0,6, 0.171122518773
1,0,0,9,-0.132103025688
1,0,1,0, 0.300015949963
1,0,1,1, 0.324022459289
1,0,1,5, 0.125397597338
1,0,1,6, 0.214593896991
1,0,1,9,-0.092859253336
1,0,2,2, 0.462081934851
1,0,2,7, 0.053070298229
1,0,3,3, 0.462081934851
1,0,3,8, 0.053070298229
1,0,4,4, 0.462081934851
1,0,4,5, 0.114715748975
1,0,4,6, 0.074824656134
1,0,4,9,-0.174905291710
1,0,5,0, 0.095039389890
1,0,5,1, 0.125397597338
1,0,5,4, 0.114715748975
1,0,5,5, 0.281569399806
1,0,5,6, 0.187064825342
1,0,5,9,-0.062018635964
1,0,6,0, 0.171122518773
1,0,6,1, 0.214593896991
1,0,6,4, 0.074824656134
1,0,6,5, 0.187064825342
1,0,6,6, 0.244100575870
1,0,6,9,-0.053943053251
1,0,7,2, 0.053070298229
1,0,7,7, 0.268813694053
1,0,8,3, 0.053070298229
1,0,8,8, 0.268813694053
1,0,9,0,-0.132103025688
1,0,9,1,-0.092859253336
1,0,9,4,-0.174905291710
1,0,9,5,-0.062018635964
1,0,9,6,-0.053943053251
1,0,9,9, 0.299712129381
1,1,0,0, 0.507364877272
1,1,0,1, 0.324022459289
1,1,0,5, 0.106489758622
1,1,0,6, 0.186957067307
1,1,0,9,-0.141877550621
1,1,1,0, 0.324022459289
1,1,1,1, 0.394125899248
1,1,1,5, 0.156291338925
1,1,1,6, 0.267258523287
1,1,1,9,-0.101057497782
1,1,2,2, 0.491073083906
1,1,2,7, 0.061446331659
1,1,3,3, 0.491073083906
1,1,3,8, 0.061446331659
1,1,4,4, 0.491073083906
1,1,4,5, 0.132041979277
1,1,4,6, 0.085892820800
1,1,4,9,-0.193561871575
1,1,5,0, 0.106489758622
1,1,5,1, 0.156291338925
1,1,5,4, 0.132041979277
1,1,5,5, 0.368639498972
1,1,5,6, 0.244100575870
1,1,5,9,-0.054561367742
1,1,6,0, 0.186957067307
1,1,6,1, 0.267258523287
1,1,6,4, 0.085892820800
1,1,6,5, 0.244100575870
1,1,6,6, 0.321481880875
1,1,6,9,-0.047759943610
1,1,7,2, 0.061446331659
1,1,7,7, 0.358615609843
1,1,8,3, 0.061446331659
1,1,8,8, 0.358615609843
1,1,9,0,-0.141877550621
1,1,9,1,-0.101057497782
1,1,9,4,-0.193561871575
1,1,9,5,-0.054561367742
1,1,9,6,-0.047759943610
1,1,9,9, 0.374073728795
1,2,0,2, 0.101353944495
1,2,0,7, 0.011357492063
1,2,1,2, 0.072461555243
1,2,1,7, 0.016301613777
1,2,2,0, 0.101353944495
1,2,2,1, 0.072461555243
1,2,2,5, 0.015552176435
1,2,2,6, 0.039737994963
1,2,2,9,-0.021968290627
1,2,4,7, 0.014579946578
1,2,5,2, 0.015552176435
1,2,5,7, 0.024986417869
1,2,6,2, 0.039737994963
1,2,6,7, 0.021761911369
1,2,7,0, 0.011357492063
1,2,7,1, 0.016301613777
1,2,7,4, 0.014579946578
1,2,7,5, 0.024986417869
1,2,7,6, 0.021761911369
1,2,7,9,-0.013827002783
1,2,9,2,-0.021968290627
1,2,9,7,-0.013827002783
1,3,0,3, 0.101353944495
1,3,0,8, 0.011357492063
1,3,1,3, 0.072461555243
1,3,1,8, 0.016301613777
1,3,3,0, 0.101353944495
1,3,3,1, 0.072461555243
1,3,3,5, 0.015552176435
1,3,3,6, 0.039737994963
1,3,3,9,-0.021968290627
1,3,4,8, 0.014579946578
1,3,5,3, 0.015552176435
1,3,5,8, 0.024986417869
1,3,6,3, 0.039737994963
1,3,6,8, 0.021761911369
1,3,8,0, 0.011357492063
1,3,8,1, 0.016301613777
1,3,8,4, 0.014579946578
1,3,8,5, 0.024986417869
1,3,8,6, 0.021761911369
1,3,8,9,-0.013827002783
1,3,9,3,-0.021968290627
1,3,9,8,-0.013827002783
1,4,0,4, 0.101353944495
1,4,0,5, 0.024678150282
1,4,0,6, 0.016261292739
1,4,0,9,-0.036729486648
1,4,1,4, 0.072461555243
1,4,1,5, 0.035004692934
1,4,1,6, 0.026325320833
1,4,1,9,-0.028937914104
1,4,2,7, 0.014579946578
1,4,3,8, 0.014579946578
1,4,4,0, 0.101353944495
1,4,4,1, 0.072461555243
1,4,4,5, 0.041073869553
1,4,4,6, 0.045091023904
1,4,4,9,-0.061871458983
1,4,5,0, 0.024678150282
1,4,5,1, 0.035004692934
1,4,5,4, 0.041073869553
1,4,5,5, 0.091644432777
1,4,5,6, 0.053943053251
1,4,5,9,-0.031126514480
1,4,6,0, 0.016261292739
1,4,6,1, 0.026325320833
1,4,6,4, 0.045091023904
1,4,6,5, 0.053943053251
1,4,6,6, 0.047759943610
1,4,6,9,-0.022254277738
1,4,7,2, 0.014579946578
1,4,7,7, 0.081221956628
1,4,8,3, 0.014579946578
1,4,8,8, 0.081221956628
1,4,9,0,-0.036729486648
1,4,9,1,-0.028937914104
1,4,9,4,-0.061871458983
1,4,9,5,-0.031126514480
1,4,9,6,-0.022254277738
1,4,9,9, 0.098748522701
1,5,0,0, 0.192917902074
1,5,0,1, 0.125397597338
1,5,0,4, 0.041776001439
1,5,0,5, 0.060764231793
1,5,0,6, 0.082751157137
1,5,0,9,-0.076521287188
1,5,1,0, 0.125397597338
1,5,1,1, 0.156291338925
1,5,1,4, 0.035004692934
1,5,1,5, 0.101674880318
1,5,1,6, 0.131483640405
1,5,1,9,-0.053667194836
1,5,2,2, 0.182751364761
1,5,2,7, 0.034210605480
1,5,3,3, 0.182751364761
1,5,3,8, 0.034210605480
1,5,4,0, 0.041776001439
1,5,4,1, 0.035004692934
1,5,4,4, 0.201855703398
1,5,4,5, 0.084105258375
1,5,4,6, 0.060036582390
1,5,4,9,-0.115243251061
1,5,5,0, 0.060764231793
1,5,5,1, 0.101674880318
1,5,5,4, 0.084105258375
1,5,5,5, 0.285722379444
1,5,5,6, 0.171122518773
1,5,5,9,-0.021589522552
1,5,6,0, 0.082751157137
1,5,6,1, 0.131483640405
1,5,6,4, 0.060036582390
1,5,6,5, 0.171122518773
1,5,6,6, 0.186957067307
1,5,6,9,-0.016261292739
1,5,7,2, 0.034210605480
1,5,7,7, 0.262291195609
1,5,8,3, 0.034210605480
1,5,8,8, 0.262291195609
1,5,9,0,-0.076521287188
1,5,9,1,-0.053667194836
1,5,9,4,-0.115243251061
1,5,9,5,-0.021589522552
1,5,9,6,-0.016261292739
1,5,9,9, 0.265239229397
1,6,0,0, 0.332277997252
1,6,0,1, 0.214593896991
1,6,0,4, 0.031011710823
1,6,0,5, 0.082921417053
1,6,0,6, 0.131483640405
1,6,0,9,-0.107578671527
1,6,1,0, 0.214593896991
1,6,1,1, 0.267258523287
1,6,1,4, 0.026325320833
1,6,1,5, 0.131483640405
1,6,1,6, 0.202076673971
1,6,1,9,-0.075477809957
1,6,2,2, 0.321994072784
1,6,2,7, 0.048048012134
1,6,3,3, 0.321994072784
1,6,3,8, 0.048048012134
1,6,4,0, 0.031011710823
1,6,4,1, 0.026325320833
1,6,4,4, 0.326953107460
1,6,4,5, 0.107578671527
1,6,4,6, 0.075477809957
1,6,4,9,-0.152842188375
1,6,5,0, 0.082921417053
1,6,5,1, 0.131483640405
1,6,5,4, 0.107578671527
1,6,5,5, 0.332277997252
1,6,5,6, 0.214593896991
1,6,5,9,-0.031011710823
1,6,6,0, 0.131483640405
1,6,6,1, 0.202076673971
1,6,6,4, 0.075477809957
1,6,6,5, 0.214593896991
1,6,6,6, 0.267258523287
1,6,6,9,-0.026325320833
1,6,7,2, 0.048048012134
1,6,7,7, 0.321994072784
1,6,8,3, 0.048048012134
1,6,8,8, 0.321994072784
1,6,9,0,-0.107578671527
1,6,9,1,-0.075477809957
1,6,9,4,-0.152842188375
1,6,9,5,-0.031011710823
1,6,9,6,-0.026325320833
1,6,9,9, 0.326953107460
1,7,0,2, 0.019384709403
1,7,0,7, 0.010120523336
1,7,1,2, 0.016301613777
1,7,1,7, 0.023080718468
1,7,2,0, 0.019384709403
1,7,2,1, 0.016301613777
1,7,2,4, 0.010519116482
1,7,2,5, 0.008018483325
1,7,2,6, 0.011939339406
1,7,2,9,-0.010726129803
1,7,4,2, 0.010519116482
1,7,4,7, 0.014535833691
1,7,5,2, 0.008018483325
1,7,5,7, 0.055246687323
1,7,6,2, 0.011939339406
1,7,6,7, 0.039737994963
1,7,7,0, 0.010120523336
1,7,7,1, 0.023080718468
1,7,7,4, 0.014535833691
1,7,7,5, 0.055246687323
1,7,7,6, 0.039737994963
1,7,7,9,-0.007003808629
1,7,9,2,-0.010726129803
1,7,9,7,-0.007003808629
1,8,0,3, 0.019384709403
1,8,0,8, 0.010120523336
1,8,1,3, 0.016301613777
1,8,1,8, 0.023080718468
1,8,3,0, 0.019384709403
1,8,3,1, 0.016301613777
1,8,3,4, 0.010519116482
1,8,3,5, 0.008018483325
1,8,3,6, 0.011939339406
1,8,3,9,-0.010726129803
1,8,4,3, 0.010519116482
1,8,4,8, 0.014535833691
1,8,5,3, 0.008018483325
1,8,5,8, 0.055246687323
1,8,6,3, 0.011939339406
1,8,6,8, 0.039737994963
1,8,8,0, 0.010120523336
1,8,8,1, 0.023080718468
1,8,8,4, 0.014535833691
1,8,8,5, 0.055246687323
1,8,8,6, 0.039737994963
1,8,8,9,-0.007003808629
1,8,9,3,-0.010726129803
1,8,9,8,-0.007003808629
1,9,0,0,-0.151109044694
1,9,0,1,-0.092859253336
1,9,0,4,-0.038746768710
1,9,0,5,-0.041986438131
1,9,0,6,-0.060036582390
1,9,0,9, 0.060266994334
1,9,1,0,-0.092859253336
1,9,1,1,-0.101057497782
1,9,1,4,-0.028937914104
1,9,1,5,-0.053667194836
1,9,1,6,-0.075477809957
1,9,1,9, 0.049668019668
1,9,2,2,-0.138364406544
1,9,2,7,-0.024050634559
1,9,3,3,-0.138364406544
1,9,3,8,-0.024050634559
1,9,4,0,-0.038746768710
1,9,4,1,-0.028937914104
1,9,4,4,-0.156628521628
1,9,4,5,-0.058751257115
1,9,4,6,-0.044332592428
1,9,4,9, 0.089623419599
1,9,5,0,-0.041986438131
1,9,5,1,-0.053667194836
1,9,5,4,-0.058751257115
1,9,5,5,-0.119337147705
1,9,5,6,-0.074824656134
1,9,5,9, 0.062024043455
1,9,6,0,-0.060036582390
1,9,6,1,-0.075477809957
1,9,6,4,-0.044332592428
1,9,6,5,-0.074824656134
1,9,6,6,-0.085892820800
1,9,6,9, 0.045091023904
1,9,7,2,-0.024050634559
1,9,7,7,-0.110485892840
1,9,8,3,-0.024050634559
1,9,8,8,-0.110485892840
1,9,9,0, 0.060266994334
1,9,9,1, 0.049668019668
1,9,9,4, 0.089623419599
1,9,9,5, 0.062024043455
1,9,9,6, 0.045091023904
1,9,9,9,-0.125234112734
2,0,0,2, 0.152608082603
2,0,0,7, 0.014812714233
2,0,1,2, 0.101353944495
2,0,1,7, 0.019384709403
2,0,2,0, 0.152608082603
2,0,2,1, 0.101353944495
2,0,2,5, 0.021601663223
2,0,2,6, 0.055246687323
2,0,2,9,-0.031143274141
2,0,4,7, 0.018597595057
2,0,5,2, 0.021601663223
2,0,5,7, 0.028395148958
2,0,6,2, 0.055246687323
2,0,6,7, 0.024986417869
2,0,7,0, 0.014812714233
2,0,7,1, 0.019384709403
2,0,7,4, 0.018597595057
2,0,7,5, 0.028395148958
2,0,7,6, 0.024986417869
2,0,7,9,-0.017356546865
2,0,9,2,-0.031143274141
2,0,9,7,-0.017356546865
2,1,0,2, 0.101353944495
2,1,0,7, 0.011357492063
2,1,1,2, 0.072461555243
2,1,1,7, 0.016301613777
2,1,2,0, 0.101353944495
2,1,2,1, 0.072461555243
2,1,2,5, 0.015552176435
2,1,2,6, 0.039737994963
2,1,2,9,-0.021968290627
2,1,4,7, 0.014579946578
2,1,5,2, 0.015552176435
2,1,5,7, 0.024986417869
2,1,6,2, 0.039737994963
2,1,6,7, 0.021761911369
2,1,7,0, 0.011357492063
2,1,7,1, 0.016301613777
2,1,7,4, 0.014579946578
2,1,7,5, 0.024986417869
2,1,7,6, 0.021761911369
2,1,7,9,-0.013827002783
2,1,9,2,-0.021968290627
2,1,9,7,-0.013827002783
2,2,0,0, 0.775037038942
2,2,0,1, 0.462081934851
2,2,0,5, 0.141382279408
2,2,0,6, 0.262291195609
2,2,0,9,-0.197100052319
2,2,1,0, 0.462081934851
2,2,1,1, 0.491073083906
2,2,1,5, 0.182751364761
2,2,1,6, 0.321994072784
2,2,1,9,-0.138364406544
2,2,2,2, 0.785718708997
2,2,2,7, 0.083246943850
2,2,3,3, 0.689508254834
2,2,3,8, 0.076634877355
2,2,4,4, 0.689508254834
2,2,4,5, 0.167003088187
2,2,4,6, 0.110485892840
2,2,4,9,-0.256195084467
2,2,5,0, 0.141382279408
2,2,5,1, 0.182751364761
2,2,5,4, 0.167003088187
2,2,5,5, 0.398457746480
2,2,5,6, 0.268813694053
2,2,5,9,-0.090262855040
2,2,6,0, 0.262291195609
2,2,6,1, 0.321994072784
2,2,6,4, 0.110485892840
2,2,6,5, 0.268813694053
2,2,6,6, 0.358615609843
2,2,6,9,-0.081221956628
2,2,7,2, 0.083246943850
2,2,7,7, 0.386911508488
2,2,8,3, 0.076634877355
2,2,8,8, 0.378400032332
2,2,9,0,-0.197100052319
2,2,9,1,-0.138364406544
2,2,9,4,-0.256195084467
2,2,9,5,-0.090262855040
2,2,9,6,-0.081221956628
2,2,9,9, 0.429376614811
2,3,2,3, 0.048105227081
2,3,2,8, 0.003306033247
2,3,3,2, 0.048105227081
2,3,3,7, 0.003306033247
2,3,7,3, 0.003306033247
2,3,7,8, 0.004255738078
2,3,8,2, 0.003306033247
2,3,8,7, 0.004255738078
2,4,0,7, 0.007969418079
2,4,1,7, 0.010519116482
2,4,2,4, 0.048105227081
2,4,2,5, 0.008422852787
2,4,2,6, 0.007003808629
2,4,2,9,-0.014235528312
2,4,4,2, 0.048105227081
2,4,4,7, 0.012085529441
2,4,5,2, 0.008422852787
2,4,5,7, 0.017356546865
2,4,6,2, 0.007003808629
2,4,6,7, 0.013827002783
2,4,7,0, 0.007969418079
2,4,7,1, 0.010519116482
2,4,7,4, 0.012085529441
2,4,7,5, 0.017356546865
2,4,7,6, 0.013827002783
2,4,7,9,-0.012531987519
2,4,9,2,-0.014235528312
2,4,9,7,-0.012531987519
2,5,0,2, 0.021601663223
2,5,0,7, 0.005184175343
2,5,1,2, 0.015552176435
2,5,1,7, 0.008018483325
2,5,2,0, 0.021601663223
2,5,2,1, 0.015552176435
2,5,2,4, 0.008422852787
2,5,2,5, 0.005628756587
2,5,2,6, 0.010120523336
2,5,2,9,-0.008371550548
2,5,4,2, 0.008422852787
2,5,4,7, 0.007506204199
2,5,5,2, 0.005628756587
2,5,5,7, 0.014812714233
2,5,6,2, 0.010120523336
2,5,6,7, 0.011357492063
2,5,7,0, 0.005184175343
2,5,7,1, 0.008018483325
2,5,7,4, 0.007506204199
2,5,7,5, 0.014812714233
2,5,7,6, 0.011357492063
2,5,7,9,-0.007969418079
2,5,9,2,-0.008371550548
2,5,9,7,-0.007969418079
2,6,0,2, 0.055246687323
2,6,0,7, 0.008018483325
2,6,1,2, 0.039737994963
2,6,1,7, 0.011939339406
2,6,2,0, 0.055246687323
2,6,2,1, 0.039737994963
2,6,2,4, 0.007003808629
2,6,2,5, 0.010120523336
2,6,2,6, 0.023080718468
2,6,2,9,-0.014535833691
2,6,4,2, 0.007003808629
2,6,4,7, 0.010726129803
2,6,5,2, 0.010120523336
2,6,5,7, 0.019384709403
2,6,6,2, 0.023080718468
2,6,6,7, 0.016301613777
2,6,7,0, 0.008018483325
2,6,7,1, 0.011939339406
2,6,7,4, 0.010726129803
2,6,7,5, 0.019384709403
2,6,7,6, 0.016301613777
2,6,7,9,-0.010519116482
2,6,9,2,-0.014535833691
2,6,9,7,-0.010519116482
2,7,0,0, 0.084010817440
2,7,0,1, 0.053070298229
2,7,0,4, 0.018597595057
2,7,0,5, 0.023440098116
2,7,0,6, 0.034210605480
2,7,0,9,-0.031869930925
2,7,1,0, 0.053070298229
2,7,1,1, 0.061446331659
2,7,1,4, 0.014579946578
2,7,1,5, 0.034210605480
2,7,1,6, 0.048048012134
2,7,1,9,-0.024050634559
2,7,2,2, 0.083246943850
2,7,2,7, 0.014670484993
2,7,3,3, 0.076634877355
2,7,3,8, 0.012874099075
2,7,4,0, 0.018597595057
2,7,4,1, 0.014579946578
2,7,4,4, 0.085414373549
2,7,4,5, 0.031869930925
2,7,4,6, 0.024050634559
2,7,4,9,-0.046717428929
2,7,5,0, 0.023440098116
2,7,5,1, 0.034210605480
2,7,5,4, 0.031869930925
2,7,5,5, 0.084010817440
2,7,5,6, 0.053070298229
2,7,5,9,-0.018597595057
2,7,6,0, 0.034210605480
2,7,6,1, 0.048048012134
2,7,6,4, 0.024050634559
2,7,6,5, 0.053070298229
2,7,6,6, 0.061446331659
2,7,6,9,-0.014579946578
2,7,7,2, 0.014670484993
2,7,7,7, 0.083246943850
2,7,8,3, 0.012874099075
2,7,8,8, 0.076634877355
2,7,9,0,-0.031869930925
2,7,9,1,-0.024050634559
2,7,9,4,-0.046717428929
2,7,9,5,-0.018597595057
2,7,9,6,-0.014579946578
2,7,9,9, 0.085414373549
2,8,2,3, 0.003306033247
2,8,2,8, 0.000898192959
2,8,3,2, 0.003306033247
2,8,3,7, 0.000898192959
2,8,7,3, 0.000898192959
2,8,7,8, 0.003306033247
2,8,8,2, 0.000898192959
2,8,8,7, 0.003306033247
2,9,0,2,-0.031143274141
2,9,0,7,-0.007506204199
2,9,1,2,-0.021968290627
2,9,1,7,-0.010726129803
2,9,2,0,-0.031143274141
2,9,2,1,-0.021968290627
2,9,2,4,-0.014235528312
2,9,2,5,-0.008371550548
2,9,2,6,-0.014535833691
2,9,2,9, 0.012816498560
2,9,4,2,-0.014235528312
2,9,4,7,-0.011020112642
2,9,5,2,-0.008371550548
2,9,5,7,-0.018597595057
2,9,6,2,-0.014535833691
2,9,6,7,-0.014579946578
2,9,7,0,-0.007506204199
2,9,7,1,-0.010726129803
2,9,7,4,-0.011020112642
2,9,7,5,-0.018597595057
2,9,7,6,-0.014579946578
2,9,7,9, 0.012085529441
2,9,9,2, 0.012816498560
2,9,9,7, 0.012085529441
3,0,0,3, 0.152608082603
3,0,0,8, 0.014812714233
3,0,1,3, 0.101353944495
3,0,1,8, 0.019384709403
3,0,3,0, 0.152608082603
3,0,3,1, 0.101353944495
3,0,3,5, 0.021601663223
3,0,3,6, 0.055246687323
3,0,3,9,-0.031143274141
3,0,4,8, 0.018597595057
3,0,5,3, 0.021601663223
3,0,5,8, 0.028395148958
3,0,6,3, 0.055246687323
3,0,6,8, 0.024986417869
3,0,8,0, 0.014812714233
3,0,8,1, 0.019384709403
3,0,8,4, 0.018597595057
3,0,8,5, 0.028395148958
3,0,8,6, 0.024986417869
3,0,8,9,-0.017356546865
3,0,9,3,-0.031143274141
3,0,9,8,-0.017356546865
3,1,0,3, 0.101353944495
3,1,0,8, 0.011357492063
3,1,1,3, 0.072461555243
3,1,1,8, 0.016301613777
3,1,3,0, 0.101353944495
3,1,3,1, 0.072461555243
3,1,3,5, 0.015552176435
3,1,3,6, 0.039737994963
3,1,3,9,-0.021968290627
3,1,4,8, 0.014579946578
3,1,5,3, 0.015552176435
3,1,5,8, 0.024986417869
3,1,6,3, 0.039737994963
3,1,6,8, 0.021761911369
3,1,8,0, 0.011357492063
3,1,8,1, 0.016301613777
3,1,8,4, 0.014579946578
3,1,8,5, 0.024986417869
3,1,8,6, 0.021761911369
3,1,8,9,-0.013827002783
3,1,9,3,-0.021968290627
3,1,9,8,-0.013827002783
3,2,2,3, 0.048105227081
3,2,2,8, 0.003306033247
3,2,3,2, 0.048105227081
3,2,3,7, 0.003306033247
3,2,7,3, 0.003306033247
3,2,7,8, 0.004255738078
3,2,8,2, 0.003306033247
3,2,8,7, 0.004255738078
3,3,0,0, 0.775037038942
3,3,0,1, 0.462081934851
3,3,0,5, 0.141382279408
3,3,0,6, 0.262291195609
3,3,0,9,-0.197100052319
3,3,1,0, 0.462081934851
3,3,1,1, 0.491073083906
3,3,1,5, 0.182751364761
3,3,1,6, 0.321994072784
3,3,1,9,-0.138364406544
3,3,2,2, 0.689508254834
3,3,2,7, 0.076634877355
3,3,3,3, 0.785718708997
3,3,3,8, 0.083246943850
3,3,4,4, 0.689508254834
3,3,4,5, 0.167003088187
3,3,4,6, 0.110485892840
3,3,4,9,-0.256195084467
3,3,5,0, 0.141382279408
3,3,5,1, 0.182751364761
3,3,5,4, 0.167003088187
3,3,5,5, 0.398457746480
3,3,5,6, 0.268813694053
3,3,5,9,-0.090262855040
3,3,6,0, 0.262291195609
3,3,6,1, 0.321994072784
3,3,6,4, 0.110485892840
3,3,6,5, 0.268813694053
3,3,6,6, 0.358615609843
3,3,6,9,-0.081221956628
3,3,7,2, 0.076634877355
3,3,7,7, 0.378400032332
3,3,8,3, 0.083246943850
3,3,8,8, 0.386911508488
3,3,9,0,-0.197100052319
3,3,9,1,-0.138364406544
3,3,9,4,-0.256195084467
3,3,9,5,-0.090262855040
3,3,9,6,-0.081221956628
3,3,9,9, 0.429376614811
3,4,0,8, 0.007969418079
3,4,1,8, 0.010519116482
3,4,3,4, 0.048105227081
3,4,3,5, 0.008422852787
3,4,3,6, 0.007003808629
3,4,3,9,-0.014235528312
3,4,4,3, 0.048105227081
3,4,4,8, 0.012085529441
3,4,5,3, 0.008422852787
3,4,5,8, 0.017356546865
3,4,6,3, 0.007003808629
3,4,6,8, 0.013827002783
3,4,8,0, 0.007969418079
3,4,8,1, 0.010519116482
3,4,8,4, 0.012085529441
3,4,8,5, 0.017356546865
3,4,8,6, 0.013827002783
3,4,8,9,-0.012531987519
3,4,9,3,-0.014235528312
3,4,9,8,-0.012531987519
3,5,0,3, 0.021601663223
3,5,0,8, 0.005184175343
3,5,1,3, 0.015552176435
3,5,1,8, 0.008018483325
3,5,3,0, 0.021601663223
3,5,3,1, 0.015552176435
3,5,3,4, 0.008422852787
3,5,3,5, 0.005628756587
3,5,3,6, 0.010120523336
3,5,3,9,-0.008371550548
3,5,4,3, 0.008422852787
3,5,4,8, 0.007506204199
3,5,5,3, 0.005628756587
3,5,5,8, 0.014812714233
3,5,6,3, 0.010120523336
3,5,6,8, 0.011357492063
3,5,8,0, 0.005184175343
3,5,8,1, 0.008018483325
3,5,8,4, 0.007506204199
3,5,8,5, 0.014812714233
3,5,8,6, 0.011357492063
3,5,8,9,-0.007969418079
3,5,9,3,-0.008371550548
3,5,9,8,-0.007969418079
3,6,0,3, 0.055246687323
3,6,0,8, 0.008018483325
3,6,1,3, 0.039737994963
3,6,1,8, 0.011939339406
3,6,3,0, 0.055246687323
3,6,3,1, 0.039737994963
3,6,3,4, 0.007003808629
3,6,3,5, 0.010120523336
3,6,3,6, 0.023080718468
3,6,3,9,-0.014535833691
3,6,4,3, 0.007003808629
3,6,4,8, 0.010726129803
3,6,5,3, 0.010120523336
3,6,5,8, 0.019384709403
3,6,6,3, 0.023080718468
3,6,6,8, 0.016301613777
3,6,8,0, 0.008018483325
3,6,8,1, 0.011939339406
3,6,8,4, 0.010726129803
3,6,8,5, 0.019384709403
3,6,8,6, 0.016301613777
3,6,8,9,-0.010519116482
3,6,9,3,-0.014535833691
3,6,9,8,-0.010519116482
3,7,2,3, 0.003306033247
3,7,2,8, 0.000898192959
3,7,3,2, 0.003306033247
3,7,3,7, 0.000898192959
3,7,7,3, 0.000898192959
3,7,7,8, 0.003306033247
3,7,8,2, 0.000898192959
3,7,8,7, 0.003306033247
3,8,0,0, 0.084010817440
3,8,0,1, 0.053070298229
3,8,0,4, 0.018597595057
3,8,0,5, 0.023440098116
3,8,0,6, 0.034210605480
3,8,0,9,-0.031869930925
3,8,1,0, 0.053070298229
3,8,1,1, 0.061446331659
3,8,1,4, 0.014579946578
3,8,1,5, 0.034210605480
3,8,1,6, 0.048048012134
3,8,1,9,-0.024050634559
3,8,2,2, 0.076634877355
3,8,2,7, 0.012874099075
3,8,3,3, 0.083246943850
3,8,3,8, 0.014670484993
3,8,4,0, 0.018597595057
3,8,4,1, 0.014579946578
3,8,4,4, 0.085414373549
3,8,4,5, 0.031869930925
3,8,4,6, 0.024050634559
3,8,4,9,-0.046717428929
3,8,5,0, 0.023440098116
3,8,5,1, 0.034210605480
3,8,5,4, 0.031869930925
3,8,5,5, 0.084010817440
3,8,5,6, 0.053070298229
3,8,5,9,-0.018597595057
3,8,6,0, 0.034210605480
3,8,6,1, 0.048048012134
3,8,6,4, 0.024050634559
3,8,6,5, 0.053070298229
3,8,6,6, 0.061446331659
3,8,6,9,-0.014579946578
3,8,7,2, 0.012874099075
3,8,7,7, 0.076634877355
3,8,8,3, 0.014670484993
3,8,8,8, 0.083246943850
3,8,9,0,-0.031869930925
3,8,9,1,-0.024050634559
3,8,9,4,-0.046717428929
3,8,9,5,-0.018597595057
3,8,9,6,-0.014579946578
3,8,9,9, 0.085414373549
3,9,0,3,-0.031143274141
3,9,0,8,-0.007506204199
3,9,1,3,-0.021968290627
3,9,1,8,-0.010726129803
3,9,3,0,-0.031143274141
3,9,3,1,-0.021968290627
3,9,3,4,-0.014235528312
3,9,3,5,-0.008371550548
3,9,3,6,-0.014535833691
3,9,3,9, 0.012816498560
3,9,4,3,-0.014235528312
3,9,4,8,-0.011020112642
3,9,5,3,-0.008371550548
3,9,5,8,-0.018597595057
3,9,6,3,-0.014535833691
3,9,6,8,-0.014579946578
3,9,8,0,-0.007506204199
3,9,8,1,-0.010726129803
3,9,8,4,-0.011020112642
3,9,8,5,-0.018597595057
3,9,8,6,-0.014579946578
3,9,8,9, 0.012085529441
3,9,9,3, 0.012816498560
3,9,9,8, 0.012085529441
4,0,0,4, 0.152608082603
4,0,0,5, 0.032589068993
4,0,0,6, 0.021589522552
4,0,0,9,-0.051448394990
4,0,1,4, 0.101353944495
4,0,1,5, 0.041776001439
4,0,1,6, 0.031011710823
4,0,1,9,-0.038746768710
4,0,2,7, 0.018597595057
4,0,3,8, 0.018597595057
4,0,4,0, 0.152608082603
4,0,4,1, 0.101353944495
4,0,4,5, 0.054059658650
4,0,4,6, 0.062024043455
4,0,4,9,-0.084912507242
4,0,5,0, 0.032589068993
4,0,5,1, 0.041776001439
4,0,5,4, 0.054059658650
4,0,5,5, 0.104004609589
4,0,5,6, 0.062018635964
4,0,5,9,-0.042309700518
4,0,6,0, 0.021589522552
4,0,6,1, 0.031011710823
4,0,6,4, 0.062024043455
4,0,6,5, 0.062018635964
4,0,6,6, 0.054561367742
4,0,6,9,-0.031126514480
4,0,7,2, 0.018597595057
4,0,7,7, 0.090262855040
4,0,8,3, 0.018597595057
4,0,8,8, 0.090262855040
4,0,9,0,-0.051448394990
4,0,9,1,-0.038746768710
4,0,9,4,-0.084912507242
4,0,9,5,-0.042309700518
4,0,9,6,-0.031126514480
4,0,9,9, 0.121237499070
4,1,0,4, 0.101353944495
4,1,0,5, 0.024678150282
4,1,0,6, 0.016261292739
4,1,0,9,-0.036729486648
4,1,1,4, 0.072461555243
4,1,1,5, 0.035004692934
4,1,1,6, 0.026325320833
4,1,1,9,-0.028937914104
4,1,2,7, 0.014579946578
4,1,3,8, 0.014579946578
4,1,4,0, 0.101353944495
4,1,4,1, 0.072461555243
4,1,4,5, 0.041073869553
4,1,4,6, 0.045091023904
4,1,4,9,-0.061871458983
4,1,5,0, 0.024678150282
4,1,5,1, 0.035004692934
4,1,5,4, 0.041073869553
4,1,5,5, 0.091644432777
4,1,5,6, 0.053943053251
4,1,5,9,-0.031126514480
4,1,6,0, 0.016261292739
4,1,6,1, 0.026325320833
4,1,6,4, 0.045091023904
4,1,6,5, 0.053943053251
4,1,6,6, 0.047759943610
4,1,6,9,-0.022254277738
4,1,7,2, 0.014579946578
4,1,7,7, 0.081221956628
4,1,8,3, 0.014579946578
4,1,8,8, 0.081221956628
4,1,9,0,-0.036729486648
4,1,9,1,-0.028937914104
4,1,9,4,-0.061871458983
4,1,9,5,-0.031126514480
4,1,9,6,-0.022254277738
4,1,9,9, 0.098748522701
4,2,0,7, 0.007969418079
4,2,1,7, 0.010519116482
4,2,2,4, 0.048105227081
4,2,2,5, 0.008422852787
4,2,2,6, 0.007003808629
4,2,2,9,-0.014235528312
4,2,4,2, 0.048105227081
4,2,4,7, 0.012085529441
4,2,5,2, 0.008422852787
4,2,5,7, 0.017356546865
4,2,6,2, 0.007003808629
4,2,6,7, 0.013827002783
4,2,7,0, 0.007969418079
4,2,7,1, 0.010519116482
4,2,7,4, 0.012085529441
4,2,7,5, 0.017356546865
4,2,7,6, 0.013827002783
4,2,7,9,-0.012531987519
4,2,9,2,-0.014235528312
4,2,9,7,-0.012531987519
4,3,0,8, 0.007969418079
4,3,1,8, 0.010519116482
4,3,3,4, 0.048105227081
4,3,3,5, 0.008422852787
4,3,3,6, 0.007003808629
4,3,3,9,-0.014235528312
4,3,4,3, 0.048105227081
4,3,4,8, 0.012085529441
4,3,5,3, 0.008422852787
4,3,5,8, 0.017356546865
4,3,6,3, 0.007003808629
4,3,6,8, 0.013827002783
4,3,8,0, 0.007969418079
4,3,8,1, 0.010519116482
4,3,8,4, 0.012085529441
4,3,8,5, 0.017356546865
4,3,8,6, 0.013827002783
4,3,8,9,-0.012531987519
4,3,9,3,-0.014235528312
4,3,9,8,-0.012531987519
4,4,0,0, 0.775037038942
4,4,0,1, 0.462081934851
4,4,0,5, 0.155327000762
4,4,0,6, 0.265239229397
4,4,0,9,-0.220014365663
4,4,1,0, 0.462081934851
4,4,1,1, 0.491073083906
4,4,1,5, 0.201855703398
4,4,1,6, 0.326953107460
4,4,1,9,-0.156628521628
4,4,2,2, 0.689508254834
4,4,2,7, 0.085414373549
4,4,3,3, 0.689508254834
4,4,3,8, 0.085414373549
4,4,4,4, 0.785718708997
4,4,4,5, 0.196579147485
4,4,4,6, 0.125234112734
4,4,4,9,-0.304230746186
4,4,5,0, 0.155327000762
4,4,5,1, 0.201855703398
4,4,5,4, 0.196579147485
4,4,5,5, 0.461039388469
4,4,5,6, 0.299712129381
4,4,5,9,-0.121237499070
4,4,6,0, 0.265239229397
4,4,6,1, 0.326953107460
4,4,6,4, 0.125234112734
4,4,6,5, 0.299712129381
4,4,6,6, 0.374073728795
4,4,6,9,-0.098748522701
4,4,7,2, 0.085414373549
4,4,7,7, 0.429376614811
4,4,8,3, 0.085414373549
4,4,8,8, 0.429376614811
4,4,9,0,-0.220014365663
4,4,9,1,-0.156628521628
4,4,9,4,-0.304230746186
4,4,9,5,-0.121237499070
4,4,9,6,-0.098748522701
4,4,9,9, 0.503472933438
4,5,0,0, 0.182468536429
4,5,0,1, 0.114715748975
4,5,0,4, 0.054059658650
4,5,0,5, 0.057364977670
4,5,0,6, 0.076521287188
4,5,0,9,-0.078055271411
4,5,1,0, 0.114715748975
4,5,1,1, 0.132041979277
4,5,1,4, 0.041073869553
4,5,1,5, 0.084105258375
4,5,1,6, 0.107578671527
4,5,1,9,-0.058751257115
4,5,2,2, 0.167003088187
4,5,2,7, 0.031869930925
4,5,3,3, 0.167003088187
4,5,3,8, 0.031869930925
4,5,4,0, 0.054059658650
4,5,4,1, 0.041073869553
4,5,4,4, 0.196579147485
4,5,4,5, 0.081643583701
4,5,4,6, 0.060266994334
4,5,4,9,-0.119050490330
4,5,5,0, 0.057364977670
4,5,5,1, 0.084105258375
4,5,5,4, 0.081643583701
4,5,5,5, 0.221144082062
4,5,5,6, 0.132103025688
4,5,5,9,-0.051448394990
4,5,6,0, 0.076521287188
4,5,6,1, 0.107578671527
4,5,6,4, 0.060266994334
4,5,6,5, 0.132103025688
4,5,6,6, 0.141877550621
4,5,6,9,-0.036729486648
4,5,7,2, 0.031869930925
4,5,7,7, 0.197100052319
4,5,8,3, 0.031869930925
4,5,8,8, 0.197100052319
4,5,9,0,-0.078055271411
4,5,9,1,-0.058751257115
4,5,9,4,-0.119050490330
4,5,9,5,-0.051448394990
4,5,9,6,-0.036729486648
4,5,9,9, 0.220014365663
4,6,0,0, 0.119337147705
4,6,0,1, 0.074824656134
4,6,0,4, 0.062024043455
4,6,0,5, 0.041986438131
4,6,0,6, 0.053667194836
4,6,0,9,-0.058751257115
4,6,1,0, 0.074824656134
4,6,1,1, 0.085892820800
4,6,1,4, 0.045091023904
4,6,1,5, 0.060036582390
4,6,1,6, 0.075477809957
4,6,1,9,-0.044332592428
4,6,2,2, 0.110485892840
4,6,2,7, 0.024050634559
4,6,3,3, 0.110485892840
4,6,3,8, 0.024050634559
4,6,4,0, 0.062024043455
4,6,4,1, 0.045091023904
4,6,4,4, 0.125234112734
4,6,4,5, 0.060266994334
4,6,4,6, 0.049668019668
4,6,4,9,-0.089623419599
4,6,5,0, 0.041986438131
4,6,5,1, 0.060036582390
4,6,5,4, 0.060266994334
4,6,5,5, 0.151109044694
4,6,5,6, 0.092859253336
4,6,5,9,-0.038746768710
4,6,6,0, 0.053667194836
4,6,6,1, 0.075477809957
4,6,6,4, 0.049668019668
4,6,6,5, 0.092859253336
4,6,6,6, 0.101057497782
4,6,6,9,-0.028937914104
4,6,7,2, 0.024050634559
4,6,7,7, 0.138364406544
4,6,8,3, 0.024050634559
4,6,8,8, 0.138364406544
4,6,9,0,-0.058751257115
4,6,9,1,-0.044332592428
4,6,9,4,-0.089623419599
4,6,9,5,-0.038746768710
4,6,9,6,-0.028937914104
4,6,9,9, 0.156628521628
4,7,0,2, 0.018597595057
4,7,0,7, 0.008371550548
4,7,1,2, 0.014579946578
4,7,1,7, 0.014535833691
4,7,2,0, 0.018597595057
4,7,2,1, 0.014579946578
4,7,2,4, 0.012085529441
4,7,2,5, 0.007506204199
4,7,2,6, 0.010726129803
4,7,2,9,-0.011020112642
4,7,4,2, 0.012085529441
4,7,4,7, 0.012816498560
4,7,5,2, 0.007506204199
4,7,5,7, 0.031143274141
4,7,6,2, 0.010726129803
4,7,6,7, 0.021968290627
4,7,7,0, 0.008371550548
4,7,7,1, 0.014535833691
4,7,7,4, 0.012816498560
4,7,7,5, 0.031143274141
4,7,7,6, 0.021968290627
4,7,7,9,-0.014235528312
4,7,9,2,-0.011020112642
4,7,9,7,-0.014235528312
4,8,0,3, 0.018597595057
4,8,0,8, 0.008371550548
4,8,1,3, 0.014579946578
4,8,1,8, 0.014535833691
4,8,3,0, 0.018597595057
4,8,3,1, 0.014579946578
4,8,3,4, 0.012085529441
4,8,3,5, 0.007506204199
4,8,3,6, 0.010726129803
4,8,3,9,-0.011020112642
4,8,4,3, 0.012085529441
4,8,4,8, 0.012816498560
4,8,5,3, 0.007506204199
4,8,5,8, 0.031143274141
4,8,6,3, 0.010726129803
4,8,6,8, 0.021968290627
4,8,8,0, 0.008371550548
4,8,8,1, 0.014535833691
4,8,8,4, 0.012816498560
4,8,8,5, 0.031143274141
4,8,8,6, 0.021968290627
4,8,8,9,-0.014235528312
4,8,9,3,-0.011020112642
4,8,9,8,-0.014235528312
4,9,0,0,-0.284303129946
4,9,0,1,-0.174905291710
4,9,0,4,-0.084912507242
4,9,0,5,-0.084086307446
4,9,0,6,-0.115243251061
4,9,0,9, 0.119050490330
4,9,1,0,-0.174905291710
4,9,1,1,-0.193561871575
4,9,1,4,-0.061871458983
4,9,1,5,-0.115243251061
4,9,1,6,-0.152842188375
4,9,1,9, 0.089623419599
4,9,2,2,-0.256195084467
4,9,2,7,-0.046717428929
4,9,3,3,-0.256195084467
4,9,3,8,-0.046717428929
4,9,4,0,-0.084912507242
4,9,4,1,-0.061871458983
4,9,4,4,-0.304230746186
4,9,4,5,-0.119050490330
4,9,4,6,-0.089623419599
4,9,4,9, 0.180151000018
4,9,5,0,-0.084086307446
4,9,5,1,-0.115243251061
4,9,5,4,-0.119050490330
4,9,5,5,-0.284303129946
4,9,5,6,-0.174905291710
4,9,5,9, 0.084912507242
4,9,6,0,-0.115243251061
4,9,6,1,-0.152842188375
4,9,6,4,-0.089623419599
4,9,6,5,-0.174905291710
4,9,6,6,-0.193561871575
4,9,6,9, 0.061871458983
4,9,7,2,-0.046717428929
4,9,7,7,-0.256195084467
4,9,8,3,-0.046717428929
4,9,8,8,-0.256195084467
4,9,9,0, 0.119050490330
4,9,9,1, 0.089623419599
4,9,9,4, 0.180151000018
4,9,9,5, 0.084912507242
4,9,9,6, 0.061871458983
4,9,9,9,-0.304230746186
5,0,0,0, 0.155615586726
5,0,0,1, 0.095039389890
5,0,0,4, 0.032589068993
5,0,0,5, 0.042104162427
5,0,0,6, 0.060764231793
5,0,0,9,-0.057364977670
5,0,1,0, 0.095039389890
5,0,1,1, 0.106489758622
5,0,1,4, 0.024678150282
5,0,1,5, 0.060764231793
5,0,1,6, 0.082921417053
5,0,1,9,-0.041986438131
5,0,2,2, 0.141382279408
5,0,2,7, 0.023440098116
5,0,3,3, 0.141382279408
5,0,3,8, 0.023440098116
5,0,4,0, 0.032589068993
5,0,4,1, 0.024678150282
5,0,4,4, 0.155327000762
5,0,4,5, 0.057364977670
5,0,4,6, 0.041986438131
5,0,4,9,-0.084086307446
5,0,5,0, 0.042104162427
5,0,5,1, 0.060764231793
5,0,5,4, 0.057364977670
5,0,5,5, 0.155615586726
5,0,5,6, 0.095039389890
5,0,5,9,-0.032589068993
5,0,6,0, 0.060764231793
5,0,6,1, 0.082921417053
5,0,6,4, 0.041986438131
5,0,6,5, 0.095039389890
5,0,6,6, 0.106489758622
5,0,6,9,-0.024678150282
5,0,7,2, 0.023440098116
5,0,7,7, 0.141382279408
5,0,8,3, 0.023440098116
5,0,8,8, 0.141382279408
5,0,9,0,-0.057364977670
5,0,9,1,-0.041986438131
5,0,9,4,-0.084086307446
5,0,9,5,-0.032589068993
5,0,9,6,-0.024678150282
5,0,9,9, 0.155327000762
5,1,0,0, 0.192917902074
5,1,0,1, 0.125397597338
5,1,0,4, 0.041776001439
5,1,0,5, 0.060764231793
5,1,0,6, 0.082751157137
5,1,0,9,-0.076521287188
5,1,1,0, 0.125397597338
5,1,1,1, 0.156291338925
5,1,1,4, 0.035004692934
5,1,1,5, 0.101674880318
5,1,1,6, 0.131483640405
5,1,1,9,-0.053667194836
5,1,2,2, 0.182751364761
5,1,2,7, 0.034210605480
5,1,3,3, 0.182751364761
5,1,3,8, 0.034210605480
5,1,4,0, 0.041776001439
5,1,4,1, 0.035004692934
5,1,4,4, 0.201855703398
5,1,4,5, 0.084105258375
5,1,4,6, 0.060036582390
5,1,4,9,-0.115243251061
5,1,5,0, 0.060764231793
5,1,5,1, 0.101674880318
5,1,5,4, 0.084105258375
5,1,5,5, 0.285722379444
5,1,5,6, 0.171122518773
5,1,5,9,-0.021589522552
5,1,6,0, 0.082751157137
5,1,6,1, 0.131483640405
5,1,6,4, 0.060036582390
5,1,6,5, 0.171122518773
5,1,6,6, 0.186957067307
5,1,6,9,-0.016261292739
5,1,7,2, 0.034210605480
5,1,7,7, 0.262291195609
5,1,8,3, 0.034210605480
5,1,8,8, 0.262291195609
5,1,9,0,-0.076521287188
5,1,9,1,-0.053667194836
5,1,9,4,-0.115243251061
5,1,9,5,-0.021589522552
5,1,9,6,-0.016261292739
5,1,9,9, 0.265239229397
5,2,0,2, 0.021601663223
5,2,0,7, 0.005184175343
5,2,1,2, 0.015552176435
5,2,1,7, 0.008018483325
5,2,2,0, 0.021601663223
5,2,2,1, 0.015552176435
5,2,2,4, 0.008422852787
5,2,2,5, 0.005628756587
5,2,2,6, 0.010120523336
5,2,2,9,-0.008371550548
5,2,4,2, 0.008422852787
5,2,4,7, 0.007506204199
5,2,5,2, 0.005628756587
5,2,5,7, 0.014812714233
5,2,6,2, 0.010120523336
5,2,6,7, 0.011357492063
5,2,7,0, 0.005184175343
5,2,7,1, 0.008018483325
5,2,7,4, 0.007506204199
5,2,7,5, 0.014812714233
5,2,7,6, 0.011357492063
5,2,7,9,-0.007969418079
5,2,9,2,-0.008371550548
5,2,9,7,-0.007969418079
5,3,0,3, 0.021601663223
5,3,0,8, 0.005184175343
5,3,1,3, 0.015552176435
5,3,1,8, 0.008018483325
5,3,3,0, 0.021601663223
5,3,3,1, 0.015552176435
5,3,3,4, 0.008422852787
5,3,3,5, 0.005628756587
5,3,3,6, 0.010120523336
5,3,3,9,-0.008371550548
5,3,4,3, 0.008422852787
5,3,4,8, 0.007506204199
5,3,5,3, 0.005628756587
5,3,5,8, 0.014812714233
5,3,6,3, 0.010120523336
5,3,6,8, 0.011357492063
5,3,8,0, 0.005184175343
5,3,8,1, 0.008018483325
5,3,8,4, 0.007506204199
5,3,8,5, 0.014812714233
5,3,8,6, 0.011357492063
5,3,8,9,-0.007969418079
5,3,9,3,-0.008371550548
5,3,9,8,-0.007969418079
5,4,0,0, 0.182468536429
5,4,0,1, 0.114715748975
5,4,0,4, 0.054059658650
5,4,0,5, 0.057364977670
5,4,0,6, 0.076521287188
5,4,0,9,-0.078055271411
5,4,1,0, 0.114715748975
5,4,1,1, 0.132041979277
5,4,1,4, 0.041073869553
5,4,1,5, 0.084105258375
5,4,1,6, 0.107578671527
5,4,1,9,-0.058751257115
5,4,2,2, 0.167003088187
5,4,2,7, 0.031869930925
5,4,3,3, 0.167003088187
5,4,3,8, 0.031869930925
5,4,4,0, 0.054059658650
5,4,4,1, 0.041073869553
5,4,4,4, 0.196579147485
5,4,4,5, 0.081643583701
5,4,4,6, 0.060266994334
5,4,4,9,-0.119050490330
5,4,5,0, 0.057364977670
5,4,5,1, 0.084105258375
5,4,5,4, 0.081643583701
5,4,5,5, 0.221144082062
5,4,5,6, 0.132103025688
5,4,5,9,-0.051448394990
5,4,6,0, 0.076521287188
5,4,6,1, 0.107578671527
5,4,6,4, 0.060266994334
5,4,6,5, 0.132103025688
5,4,6,6, 0.141877550621
5,4,6,9,-0.036729486648
5,4,7,2, 0.031869930925
5,4,7,7, 0.197100052319
5,4,8,3, 0.031869930925
5,4,8,8, 0.197100052319
5,4,9,0,-0.078055271411
5,4,9,1,-0.058751257115
5,4,9,4,-0.119050490330
5,4,9,5,-0.051448394990
5,4,9,6,-0.036729486648
5,4,9,9, 0.220014365663
5,5,0,0, 0.420905085828
5,5,0,1, 0.281569399806
5,5,0,4, 0.104004609589
5,5,0,5, 0.155615586726
5,5,0,6, 0.192917902074
5,5,0,9,-0.182468536429
5,5,1,0, 0.281569399806
5,5,1,1, 0.368639498972
5,5,1,4, 0.091644432777
5,5,1,5, 0.285722379444
5,5,1,6, 0.332277997252
5,5,1,9,-0.119337147705
5,5,2,2, 0.398457746480
5,5,2,7, 0.084010817440
5,5,3,3, 0.398457746480
5,5,3,8, 0.084010817440
5,5,4,0, 0.104004609589
5,5,4,1, 0.091644432777
5,5,4,4, 0.461039388469
5,5,4,5, 0.221144082062
5,5,4,6, 0.151109044694
5,5,4,9,-0.284303129946
5,5,5,0, 0.155615586726
5,5,5,1, 0.285722379444
5,5,5,4, 0.221144082062
5,5,5,5, 0.897251802255
5,5,5,6, 0.504699283325
5,5,6,0, 0.192917902074
5,5,6,1, 0.332277997252
5,5,6,4, 0.151109044694
5,5,6,5, 0.504699283325
5,5,6,6, 0.507364877272
5,5,7,2, 0.084010817440
5,5,7,7, 0.775037038942
5,5,8,3, 0.084010817440
5,5,8,8, 0.775037038942
5,5,9,0,-0.182468536429
5,5,9,1,-0.119337147705
5,5,9,4,-0.284303129946
5,5,9,9, 0.775037038942
5,6,0,0, 0.281569399806
5,6,0,1, 0.187064825342
5,6,0,4, 0.062018635964
5,6,0,5, 0.095039389890
5,6,0,6, 0.125397597338
5,6,0,9,-0.114715748975
5,6,1,0, 0.187064825342
5,6,1,1, 0.244100575870
5,6,1,4, 0.053943053251
5,6,1,5, 0.171122518773
5,6,1,6, 0.214593896991
5,6,1,9,-0.074824656134
5,6,2,2, 0.268813694053
5,6,2,7, 0.053070298229
5,6,3,3, 0.268813694053
5,6,3,8, 0.053070298229
5,6,4,0, 0.062018635964
5,6,4,1, 0.053943053251
5,6,4,4, 0.299712129381
5,6,4,5, 0.132103025688
5,6,4,6, 0.092859253336
5,6,4,9,-0.174905291710
5,6,5,0, 0.095039389890
5,6,5,1, 0.171122518773
5,6,5,4, 0.132103025688
5,6,5,5, 0.504699283325
5,6,5,6, 0.300015949963
5,6,6,0, 0.125397597338
5,6,6,1, 0.214593896991
5,6,6,4, 0.092859253336
5,6,6,5, 0.300015949963
5,6,6,6, 0.324022459289
5,6,7,2, 0.053070298229
5,6,7,7, 0.462081934851
5,6,8,3, 0.053070298229
5,6,8,8, 0.462081934851
5,6,9,0,-0.114715748975
5,6,9,1,-0.074824656134
5,6,9,4,-0.174905291710
5,6,9,9, 0.462081934851
5,7,0,2, 0.028395148958
5,7,0,7, 0.021601663223
5,7,1,2, 0.024986417869
5,7,1,7, 0.055246687323
5,7,2,0, 0.028395148958
5,7,2,1, 0.024986417869
5,7,2,4, 0.017356546865
5,7,2,5, 0.014812714233
5,7,2,6, 0.019384709403
5,7,2,9,-0.018597595057
5,7,4,2, 0.017356546865
5,7,4,7, 0.031143274141
5,7,5,2, 0.014812714233
5,7,5,7, 0.152608082603
5,7,6,2, 0.019384709403
5,7,6,7, 0.101353944495
5,7,7,0, 0.021601663223
5,7,7,1, 0.055246687323
5,7,7,4, 0.031143274141
5,7,7,5, 0.152608082603
5,7,7,6, 0.101353944495
5,7,9,2,-0.018597595057
5,8,0,3, 0.028395148958
5,8,0,8, 0.021601663223
5,8,1,3, 0.024986417869
5,8,1,8, 0.055246687323
5,8,3,0, 0.028395148958
5,8,3,1, 0.024986417869
5,8,3,4, 0.017356546865
5,8,3,5, 0.014812714233
5,8,3,6, 0.019384709403
5,8,3,9,-0.018597595057
5,8,4,3, 0.017356546865
5,8,4,8, 0.031143274141
5,8,5,3, 0.014812714233
5,8,5,8, 0.152608082603
5,8,6,3, 0.019384709403
5,8,6,8, 0.101353944495
5,8,8,0, 0.021601663223
5,8,8,1, 0.055246687323
5,8,8,4, 0.031143274141
5,8,8,5, 0.152608082603
5,8,8,6, 0.101353944495
5,8,9,3,-0.018597595057
5,9,0,0,-0.104004609589
5,9,0,1,-0.062018635964
5,9,0,4,-0.042309700518
5,9,0,5,-0.032589068993
5,9,0,6,-0.041776001439
5,9,0,9, 0.054059658650
5,9,1,0,-0.062018635964
5,9,1,1,-0.054561367742
5,9,1,4,-0.031126514480
5,9,1,5,-0.021589522552
5,9,1,6,-0.031011710823
5,9,1,9, 0.062024043455
5,9,2,2,-0.090262855040
5,9,2,7,-0.018597595057
5,9,3,3,-0.090262855040
5,9,3,8,-0.018597595057
5,9,4,0,-0.042309700518
5,9,4,1,-0.031126514480
5,9,4,4,-0.121237499070
5,9,4,5,-0.051448394990
5,9,4,6,-0.038746768710
5,9,4,9, 0.084912507242
5,9,5,0,-0.032589068993
5,9,5,1,-0.021589522552
5,9,5,4,-0.051448394990
5,9,5,9, 0.152608082603
5,9,6,0,-0.041776001439
5,9,6,1,-0.031011710823
5,9,6,4,-0.038746768710
5,9,6,9, 0.101353944495
5,9,7,2,-0.018597595057
5,9,8,3,-0.018597595057
5,9,9,0, 0.054059658650
5,9,9,1, 0.062024043455
5,9,9,4, 0.084912507242
5,9,9,5, 0.152608082603
5,9,9,6, 0.101353944495
6,0,0,0, 0.285722379444
6,0,0,1, 0.171122518773
6,0,0,4, 0.021589522552
6,0,0,5, 0.060764231793
6,0,0,6, 0.101674880318
6,0,0,9,-0.084105258375
6,0,1,0, 0.171122518773
6,0,1,1, 0.186957067307
6,0,1,4, 0.016261292739
6,0,1,5, 0.082751157137
6,0,1,6, 0.131483640405
6,0,1,9,-0.060036582390
6,0,2,2, 0.262291195609
6,0,2,7, 0.034210605480
6,0,3,3, 0.262291195609
6,0,3,8, 0.034210605480
6,0,4,0, 0.021589522552
6,0,4,1, 0.016261292739
6,0,4,4, 0.265239229397
6,0,4,5, 0.076521287188
6,0,4,6, 0.053667194836
6,0,4,9,-0.115243251061
6,0,5,0, 0.060764231793
6,0,5,1, 0.082751157137
6,0,5,4, 0.076521287188
6,0,5,5, 0.192917902074
6,0,5,6, 0.125397597338
6,0,5,9,-0.041776001439
6,0,6,0, 0.101674880318
6,0,6,1, 0.131483640405
6,0,6,4, 0.053667194836
6,0,6,5, 0.125397597338
6,0,6,6, 0.156291338925
6,0,6,9,-0.035004692934
6,0,7,2, 0.034210605480
6,0,7,7, 0.182751364761
6,0,8,3, 0.034210605480
6,0,8,8, 0.182751364761
6,0,9,0,-0.084105258375
6,0,9,1,-0.060036582390
6,0,9,4,-0.115243251061
6,0,9,5,-0.041776001439
6,0,9,6,-0.035004692934
6,0,9,9, 0.201855703398
6,1,0,0, 0.332277997252
6,1,0,1, 0.214593896991
6,1,0,4, 0.031011710823
6,1,0,5, 0.082921417053
6,1,0,6, 0.131483640405
6,1,0,9,-0.107578671527
6,1,1,0, 0.214593896991
6,1,1,1, 0.267258523287
6,1,1,4, 0.026325320833
6,1,1,5, 0.131483640405
6,1,1,6, 0.202076673971
6,1,1,9,-0.075477809957
6,1,2,2, 0.321994072784
6,1,2,7, 0.048048012134
6,1,3,3, 0.321994072784
6,1,3,8, 0.048048012134
6,1,4,0, 0.031011710823
6,1,4,1, 0.026325320833
6,1,4,4, 0.326953107460
6,1,4,5, 0.107578671527
6,1,4,6, 0.075477809957
6,1,4,9,-0.152842188375
6,1,5,0, 0.082921417053
6,1,5,1, 0.131483640405
6,1,5,4, 0.107578671527
6,1,5,5, 0.332277997252
6,1,5,6, 0.214593896991
6,1,5,9,-0.031011710823
6,1,6,0, 0.131483640405
6,1,6,1, 0.202076673971
6,1,6,4, 0.075477809957
6,1,6,5, 0.214593896991
6,1,6,6, 0.267258523287
6,1,6,9,-0.026325320833
6,1,7,2, 0.048048012134
6,1,7,7, 0.321994072784
6,1,8,3, 0.048048012134
6,1,8,8, 0.321994072784
6,1,9,0,-0.107578671527
6,1,9,1,-0.075477809957
6,1,9,4,-0.152842188375
6,1,9,5,-0.031011710823
6,1,9,6,-0.026325320833
6,1,9,9, 0.326953107460
6,2,0,2, 0.055246687323
6,2,0,7, 0.008018483325
6,2,1,2, 0.039737994963
6,2,1,7, 0.011939339406
6,2,2,0, 0.055246687323
6,2,2,1, 0.039737994963
6,2,2,4, 0.007003808629
6,2,2,5, 0.010120523336
6,2,2,6, 0.023080718468
6,2,2,9,-0.014535833691
6,2,4,2, 0.007003808629
6,2,4,7, 0.010726129803
6,2,5,2, 0.010120523336
6,2,5,7, 0.019384709403
6,2,6,2, 0.023080718468
6,2,6,7, 0.016301613777
6,2,7,0, 0.008018483325
6,2,7,1, 0.011939339406
6,2,7,4, 0.010726129803
6,2,7,5, 0.019384709403
6,2,7,6, 0.016301613777
6,2,7,9,-0.010519116482
6,2,9,2,-0.014535833691
6,2,9,7,-0.010519116482
6,3,0,3, 0.055246687323
6,3,0,8, 0.008018483325
6,3,1,3, 0.039737994963
6,3,1,8, 0.011939339406
6,3,3,0, 0.055246687323
6,3,3,1, 0.039737994963
6,3,3,4, 0.007003808629
6,3,3,5, 0.010120523336
6,3,3,6, 0.023080718468
6,3,3,9,-0.014535833691
6,3,4,3, 0.007003808629
6,3,4,8, 0.010726129803
6,3,5,3, 0.010120523336
6,3,5,8, 0.019384709403
6,3,6,3, 0.023080718468
6,3,6,8, 0.016301613777
6,3,8,0, 0.008018483325
6,3,8,1, 0.011939339406
6,3,8,4, 0.010726129803
6,3,8,5, 0.019384709403
6,3,8,6, 0.016301613777
6,3,8,9,-0.010519116482
6,3,9,3,-0.014535833691
6,3,9,8,-0.010519116482
6,4,0,0, 0.119337147705
6,4,0,1, 0.074824656134
6,4,0,4, 0.062024043455
6,4,0,5, 0.041986438131
6,4,0,6, 0.053667194836
6,4,0,9,-0.058751257115
6,4,1,0, 0.074824656134
6,4,1,1, 0.085892820800
6,4,1,4, 0.045091023904
6,4,1,5, 0.060036582390
6,4,1,6, 0.075477809957
6,4,1,9,-0.044332592428
6,4,2,2, 0.110485892840
6,4,2,7, 0.024050634559
6,4,3,3, 0.110485892840
6,4,3,8, 0.024050634559
6,4,4,0, 0.062024043455
6,4,4,1, 0.045091023904
6,4,4,4, 0.125234112734
6,4,4,5, 0.060266994334
6,4,4,6, 0.049668019668
6,4,4,9,-0.089623419599
6,4,5,0, 0.041986438131
6,4,5,1, 0.060036582390
6,4,5,4, 0.060266994334
6,4,5,5, 0.151109044694
6,4,5,6, 0.092859253336
6,4,5,9,-0.038746768710
6,4,6,0, 0.053667194836
6,4,6,1, 0.075477809957
6,4,6,4, 0.049668019668
6,4,6,5, 0.092859253336
6,4,6,6, 0.101057497782
6,4,6,9,-0.028937914104
6,4,7,2, 0.024050634559
6,4,7,7, 0.138364406544
6,4,8,3, 0.024050634559
6,4,8,8, 0.138364406544
6,4,9,0,-0.058751257115
6,4,9,1,-0.044332592428
6,4,9,4,-0.089623419599
6,4,9,5,-0.038746768710
6,4,9,6,-0.028937914104
6,4,9,9, 0.156628521628
6,5,0,0, 0.281569399806
6,5,0,1, 0.187064825342
6,5,0,4, 0.062018635964
6,5,0,5, 0.095039389890
6,5,0,6, 0.125397597338
6,5,0,9,-0.114715748975
6,5,1,0, 0.187064825342
6,5,1,1, 0.244100575870
6,5,1,4, 0.053943053251
6,5,1,5, 0.171122518773
6,5,1,6, 0.214593896991
6,5,1,9,-0.074824656134
6,5,2,2, 0.268813694053
6,5,2,7, 0.053070298229
6,5,3,3, 0.268813694053
6,5,3,8, 0.053070298229
6,5,4,0, 0.062018635964
6,5,4,1, 0.053943053251
6,5,4,4, 0.299712129381
6,5,4,5, 0.132103025688
6,5,4,6, 0.092859253336
6,5,4,9,-0.174905291710
6,5,5,0, 0.095039389890
6,5,5,1, 0.171122518773
6,5,5,4, 0.132103025688
6,5,5,5, 0.504699283325
6,5,5,6, 0.300015949963
6,5,6,0, 0.125397597338
6,5,6,1, 0.214593896991
6,5,6,4, 0.092859253336
6,5,6,5, 0.300015949963
6,5,6,6, 0.324022459289
6,5,7,2, 0.053070298229
6,5,7,7, 0.462081934851
6,5,8,3, 0.053070298229
6,5,8,8, 0.462081934851
6,5,9,0,-0.114715748975
6,5,9,1,-0.074824656134
6,5,9,4,-0.174905291710
6,5,9,9, 0.462081934851
6,6,0,0, 0.368639498972
6,6,0,1, 0.244100575870
6,6,0,4, 0.054561367742
6,6,0,5, 0.106489758622
6,6,0,6, 0.156291338925
6,6,0,9,-0.132041979277
6,6,1,0, 0.244100575870
6,6,1,1, 0.321481880875
6,6,1,4, 0.047759943610
6,6,1,5, 0.186957067307
6,6,1,6, 0.267258523287
6,6,1,9,-0.085892820800
6,6,2,2, 0.358615609843
6,6,2,7, 0.061446331659
6,6,3,3, 0.358615609843
6,6,3,8, 0.061446331659
6,6,4,0, 0.054561367742
6,6,4,1, 0.047759943610
6,6,4,4, 0.374073728795
6,6,4,5, 0.141877550621
6,6,4,6, 0.101057497782
6,6,4,9,-0.193561871575
6,6,5,0, 0.106489758622
6,6,5,1, 0.186957067307
6,6,5,4, 0.141877550621
6,6,5,5, 0.507364877272
6,6,5,6, 0.324022459289
6,6,6,0, 0.156291338925
6,6,6,1, 0.267258523287
6,6,6,4, 0.101057497782
6,6,6,5, 0.324022459289
6,6,6,6, 0.394125899248
6,6,7,2, 0.061446331659
6,6,7,7, 0.491073083906
6,6,8,3, 0.061446331659
6,6,8,8, 0.491073083906
6,6,9,0,-0.132041979277
6,6,9,1,-0.085892820800
6,6,9,4,-0.193561871575
6,6,9,9, 0.491073083906
6,7,0,2, 0.024986417869
6,7,0,7, 0.015552176435
6,7,1,2, 0.021761911369
6,7,1,7, 0.039737994963
6,7,2,0, 0.024986417869
6,7,2,1, 0.021761911369
6,7,2,4, 0.013827002783
6,7,2,5, 0.011357492063
6,7,2,6, 0.016301613777
6,7,2,9,-0.014579946578
6,7,4,2, 0.013827002783
6,7,4,7, 0.021968290627
6,7,5,2, 0.011357492063
6,7,5,7, 0.101353944495
6,7,6,2, 0.016301613777
6,7,6,7, 0.072461555243
6,7,7,0, 0.015552176435
6,7,7,1, 0.039737994963
6,7,7,4, 0.021968290627
6,7,7,5, 0.101353944495
6,7,7,6, 0.072461555243
6,7,9,2,-0.014579946578
6,8,0,3, 0.024986417869
6,8,0,8, 0.015552176435
6,8,1,3, 0.021761911369
6,8,1,8, 0.039737994963
6,8,3,0, 0.024986417869
6,8,3,1, 0.021761911369
6,8,3,4, 0.013827002783
6,8,3,5, 0.011357492063
6,8,3,6, 0.016301613777
6,8,3,9,-0.014579946578
6,8,4,3, 0.013827002783
6,8,4,8, 0.021968290627
6,8,5,3, 0.011357492063
6,8,5,8, 0.101353944495
6,8,6,3, 0.016301613777
6,8,6,8, 0.072461555243
6,8,8,0, 0.015552176435
6,8,8,1, 0.039737994963
6,8,8,4, 0.021968290627
6,8,8,5, 0.101353944495
6,8,8,6, 0.072461555243
6,8,9,3,-0.014579946578
6,9,0,0,-0.091644432777
6,9,0,1,-0.053943053251
6,9,0,4,-0.031126514480
6,9,0,5,-0.024678150282
6,9,0,6,-0.035004692934
6,9,0,9, 0.041073869553
6,9,1,0,-0.053943053251
6,9,1,1,-0.047759943610
6,9,1,4,-0.022254277738
6,9,1,5,-0.016261292739
6,9,1,6,-0.026325320833
6,9,1,9, 0.045091023904
6,9,2,2,-0.081221956628
6,9,2,7,-0.014579946578
6,9,3,3,-0.081221956628
6,9,3,8,-0.014579946578
6,9,4,0,-0.031126514480
6,9,4,1,-0.022254277738
6,9,4,4,-0.098748522701
6,9,4,5,-0.036729486648
6,9,4,6,-0.028937914104
6,9,4,9, 0.061871458983
6,9,5,0,-0.024678150282
6,9,5,1,-0.016261292739
6,9,5,4,-0.036729486648
6,9,5,9, 0.101353944495
6,9,6,0,-0.035004692934
6,9,6,1,-0.026325320833
6,9,6,4,-0.028937914104
6,9,6,9, 0.072461555243
6,9,7,2,-0.014579946578
6,9,8,3,-0.014579946578
6,9,9,0, 0.041073869553
6,9,9,1, 0.045091023904
6,9,9,4, 0.061871458983
6,9,9,5, 0.101353944495
6,9,9,6, 0.072461555243
7,0,0,2, 0.014812714233
7,0,0,7, 0.005628756587
7,0,1,2, 0.011357492063
7,0,1,7, 0.010120523336
7,0,2,0, 0.014812714233
7,0,2,1, 0.011357492063
7,0,2,4, 0.007969418079
7,0,2,5, 0.005184175343
7,0,2,6, 0.008018483325
7,0,2,9,-0.007506204199
7,0,4,2, 0.007969418079
7,0,4,7, 0.008371550548
7,0,5,2, 0.005184175343
7,0,5,7, 0.021601663223
7,0,6,2, 0.008018483325
7,0,6,7, 0.015552176435
7,0,7,0, 0.005628756587
7,0,7,1, 0.010120523336
7,0,7,4, 0.008371550548
7,0,7,5, 0.021601663223
7,0,7,6, 0.015552176435
7,0,7,9,-0.008422852787
7,0,9,2,-0.007506204199
7,0,9,7,-0.008422852787
7,1,0,2, 0.019384709403
7,1,0,7, 0.010120523336
7,1,1,2, 0.016301613777
7,1,1,7, 0.023080718468
7,1,2,0, 0.019384709403
7,1,2,1, 0.016301613777
7,1,2,4, 0.010519116482
7,1,2,5, 0.008018483325
7,1,2,6, 0.011939339406
7,1,2,9,-0.010726129803
7,1,4,2, 0.010519116482
7,1,4,7, 0.014535833691
7,1,5,2, 0.008018483325
7,1,5,7, 0.055246687323
7,1,6,2, 0.011939339406
7,1,6,7, 0.039737994963
7,1,7,0, 0.010120523336
7,1,7,1, 0.023080718468
7,1,7,4, 0.014535833691
7,1,7,5, 0.055246687323
7,1,7,6, 0.039737994963
7,1,7,9,-0.007003808629
7,1,9,2,-0.010726129803
7,1,9,7,-0.007003808629
7,2,0,0, 0.084010817440
7,2,0,1, 0.053070298229
7,2,0,4, 0.018597595057
7,2,0,5, 0.023440098116
7,2,0,6, 0.034210605480
7,2,0,9,-0.031869930925
7,2,1,0, 0.053070298229
7,2,1,1, 0.061446331659
7,2,1,4, 0.014579946578
7,2,1,5, 0.034210605480
7,2,1,6, 0.048048012134
7,2,1,9,-0.024050634559
7,2,2,2, 0.083246943850
7,2,2,7, 0.014670484993
7,2,3,3, 0.076634877355
7,2,3,8, 0.012874099075
7,2,4,0, 0.018597595057
7,2,4,1, 0.014579946578
7,2,4,4, 0.085414373549
7,2,4,5, 0.031869930925
7,2,4,6, 0.024050634559
7,2,4,9,-0.046717428929
7,2,5,0, 0.023440098116
7,2,5,1, 0.034210605480
7,2,5,4, 0.031869930925
7,2,5,5, 0.084010817440
7,2,5,6, 0.053070298229
7,2,5,9,-0.018597595057
7,2,6,0, 0.034210605480
7,2,6,1, 0.048048012134
7,2,6,4, 0.024050634559
7,2,6,5, 0.053070298229
7,2,6,6, 0.061446331659
7,2,6,9,-0.014579946578
7,2,7,2, 0.014670484993
7,2,7,7, 0.083246943850
7,2,8,3, 0.012874099075
7,2,8,8, 0.076634877355
7,2,9,0,-0.031869930925
7,2,9,1,-0.024050634559
7,2,9,4,-0.046717428929
7,2,9,5,-0.018597595057
7,2,9,6,-0.014579946578
7,2,9,9, 0.085414373549
7,3,2,3, 0.003306033247
7,3,2,8, 0.000898192959
7,3,3,2, 0.003306033247
7,3,3,7, 0.000898192959
7,3,7,3, 0.000898192959
7,3,7,8, 0.003306033247
7,3,8,2, 0.000898192959
7,3,8,7, 0.003306033247
7,4,0,2, 0.018597595057
7,4,0,7, 0.008371550548
7,4,1,2, 0.014579946578
7,4,1,7, 0.014535833691
7,4,2,0, 0.018597595057
7,4,2,1, 0.014579946578
7,4,2,4, 0.012085529441
7,4,2,5, 0.007506204199
7,4,2,6, 0.010726129803
7,4,2,9,-0.011020112642
7,4,4,2, 0.012085529441
7,4,4,7, 0.012816498560
7,4,5,2, 0.007506204199
7,4,5,7, 0.031143274141
7,4,6,2, 0.010726129803
7,4,6,7, 0.021968290627
7,4,7,0, 0.008371550548
7,4,7,1, 0.014535833691
7,4,7,4, 0.012816498560
7,4,7,5, 0.031143274141
7,4,7,6, 0.021968290627
7,4,7,9,-0.014235528312
7,4,9,2,-0.011020112642
7,4,9,7,-0.014235528312
7,5,0,2, 0.028395148958
7,5,0,7, 0.021601663223
7,5,1,2, 0.024986417869
7,5,1,7, 0.055246687323
7,5,2,0, 0.028395148958
7,5,2,1, 0.024986417869
7,5,2,4, 0.017356546865
7,5,2,5, 0.014812714233
7,5,2,6, 0.019384709403
7,5,2,9,-0.018597595057
7,5,4,2, 0.017356546865
7,5,4,7, 0.031143274141
7,5,5,2, 0.014812714233
7,5,5,7, 0.152608082603
7,5,6,2, 0.019384709403
7,5,6,7, 0.101353944495
7,5,7,0, 0.021601663223
7,5,7,1, 0.055246687323
7,5,7,4, 0.031143274141
7,5,7,5, 0.152608082603
7,5,7,6, 0.101353944495
7,5,9,2,-0.018597595057
7,6,0,2, 0.024986417869
7,6,0,7, 0.015552176435
7,6,1,2, 0.021761911369
7,6,1,7, 0.039737994963
7,6,2,0, 0.024986417869
7,6,2,1, 0.021761911369
7,6,2,4, 0.013827002783
7,6,2,5, 0.011357492063
7,6,2,6, 0.016301613777
7,6,2,9,-0.014579946578
7,6,4,2, 0.013827002783
7,6,4,7, 0.021968290627
7,6,5,2, 0.011357492063
7,6,5,7, 0.101353944495
7,6,6,2, 0.016301613777
7,6,6,7, 0.072461555243
7,6,7,0, 0.015552176435
7,6,7,1, 0.039737994963
7,6,7,4, 0.021968290627
7,6,7,5, 0.101353944495
7,6,7,6, 0.072461555243
7,6,9,2,-0.014579946578
7,7,0,0, 0.398457746480
7,7,0,1, 0.268813694053
7,7,0,4, 0.090262855040
7,7,0,5, 0.141382279408
7,7,0,6, 0.182751364761
7,7,0,9,-0.167003088187
7,7,1,0, 0.268813694053
7,7,1,1, 0.358615609843
7,7,1,4, 0.081221956628
7,7,1,5, 0.262291195609
7,7,1,6, 0.321994072784
7,7,1,9,-0.110485892840
7,7,2,2, 0.386911508488
7,7,2,7, 0.083246943850
7,7,3,3, 0.378400032332
7,7,3,8, 0.076634877355
7,7,4,0, 0.090262855040
7,7,4,1, 0.081221956628
7,7,4,4, 0.429376614811
7,7,4,5, 0.197100052319
7,7,4,6, 0.138364406544
7,7,4,9,-0.256195084467
7,7,5,0, 0.141382279408
7,7,5,1, 0.262291195609
7,7,5,4, 0.197100052319
7,7,5,5, 0.775037038942
7,7,5,6, 0.462081934851
7,7,6,0, 0.182751364761
7,7,6,1, 0.321994072784
7,7,6,4, 0.138364406544
7,7,6,5, 0.462081934851
7,7,6,6, 0.491073083906
7,7,7,2, 0.083246943850
7,7,7,7, 0.785718708997
7,7,8,3, 0.076634877355
7,7,8,8, 0.689508254834
7,7,9,0,-0.167003088187
7,7,9,1,-0.110485892840
7,7,9,4,-0.256195084467
7,7,9,9, 0.689508254834
7,8,2,3, 0.004255738078
7,8,2,8, 0.003306033247
7,8,3,2, 0.004255738078
7,8,3,7, 0.003306033247
7,8,7,3, 0.003306033247
7,8,7,8, 0.048105227081
7,8,8,2, 0.003306033247
7,8,8,7, 0.048105227081
7,9,0,2,-0.017356546865
7,9,0,7,-0.008422852787
7,9,1,2,-0.013827002783
7,9,1,7,-0.007003808629
7,9,2,0,-0.017356546865
7,9,2,1,-0.013827002783
7,9,2,4,-0.012531987519
7,9,2,5,-0.007969418079
7,9,2,6,-0.010519116482
7,9,2,9, 0.012085529441
7,9,4,2,-0.012531987519
7,9,4,7,-0.014235528312
7,9,5,2,-0.007969418079
7,9,6,2,-0.010519116482
7,9,7,0,-0.008422852787
7,9,7,1,-0.007003808629
7,9,7,4,-0.014235528312
7,9,7,9, 0.048105227081
7,9,9,2, 0.012085529441
7,9,9,7, 0.048105227081
8,0,0,3, 0.014812714233
8,0,0,8, 0.005628756587
8,0,1,3, 0.011357492063
8,0,1,8, 0.010120523336
8,0,3,0, 0.014812714233
8,0,3,1, 0.011357492063
8,0,3,4, 0.007969418079
8,0,3,5, 0.005184175343
8,0,3,6, 0.008018483325
8,0,3,9,-0.007506204199
8,0,4,3, 0.007969418079
8,0,4,8, 0.008371550548
8,0,5,3, 0.005184175343
8,0,5,8, 0.021601663223
8,0,6,3, 0.008018483325
8,0,6,8, 0.015552176435
8,0,8,0, 0.005628756587
8,0,8,1, 0.010120523336
8,0,8,4, 0.008371550548
8,0,8,5, 0.021601663223
8,0,8,6, 0.015552176435
8,0,8,9,-0.008422852787
8,0,9,3,-0.007506204199
8,0,9,8,-0.008422852787
8,1,0,3, 0.019384709403
8,1,0,8, 0.010120523336
8,1,1,3, 0.016301613777
8,1,1,8, 0.023080718468
8,1,3,0, 0.019384709403
8,1,3,1, 0.016301613777
8,1,3,4, 0.010519116482
8,1,3,5, 0.008018483325
8,1,3,6, 0.011939339406
8,1,3,9,-0.010726129803
8,1,4,3, 0.010519116482
8,1,4,8, 0.014535833691
8,1,5,3, 0.008018483325
8,1,5,8, 0.055246687323
8,1,6,3, 0.011939339406
8,1,6,8, 0.039737994963
8,1,8,0, 0.010120523336
8,1,8,1, 0.023080718468
8,1,8,4, 0.014535833691
8,1,8,5, 0.055246687323
8,1,8,6, 0.039737994963
8,1,8,9,-0.007003808629
8,1,9,3,-0.010726129803
8,1,9,8,-0.007003808629
8,2,2,3, 0.003306033247
8,2,2,8, 0.000898192959
8,2,3,2, 0.003306033247
8,2,3,7, 0.000898192959
8,2,7,3, 0.000898192959
8,2,7,8, 0.003306033247
8,2,8,2, 0.000898192959
8,2,8,7, 0.003306033247
8,3,0,0, 0.084010817440
8,3,0,1, 0.053070298229
8,3,0,4, 0.018597595057
8,3,0,5, 0.023440098116
8,3,0,6, 0.034210605480
8,3,0,9,-0.031869930925
8,3,1,0, 0.053070298229
8,3,1,1, 0.061446331659
8,3,1,4, 0.014579946578
8,3,1,5, 0.034210605480
8,3,1,6, 0.048048012134
8,3,1,9,-0.024050634559
8,3,2,2, 0.076634877355
8,3,2,7, 0.012874099075
8,3,3,3, 0.083246943850
8,3,3,8, 0.014670484993
8,3,4,0, 0.018597595057
8,3,4,1, 0.014579946578
8,3,4,4, 0.085414373549
8,3,4,5, 0.031869930925
8,3,4,6, 0.024050634559
8,3,4,9,-0.046717428929
8,3,5,0, 0.023440098116
8,3,5,1, 0.034210605480
8,3,5,4, 0.031869930925
8,3,5,5, 0.084010817440
8,3,5,6, 0.053070298229
8,3,5,9,-0.018597595057
8,3,6,0, 0.034210605480
8,3,6,1, 0.048048012134
8,3,6,4, 0.024050634559
8,3,6,5, 0.053070298229
8,3,6,6, 0.061446331659
8,3,6,9,-0.014579946578
8,3,7,2, 0.012874099075
8,3,7,7, 0.076634877355
8,3,8,3, 0.014670484993
8,3,8,8, 0.083246943850
8,3,9,0,-0.031869930925
8,3,9,1,-0.024050634559
8,3,9,4,-0.046717428929
8,3,9,5,-0.018597595057
8,3,9,6,-0.014579946578
8,3,9,9, 0.085414373549
8,4,0,3, 0.018597595057
8,4,0,8, 0.008371550548
8,4,1,3, 0.014579946578
8,4,1,8, 0.014535833691
8,4,3,0, 0.018597595057
8,4,3,1, 0.014579946578
8,4,3,4, 0.012085529441
8,4,3,5, 0.007506204199
8,4,3,6, 0.010726129803
8,4,3,9,-0.011020112642
8,4,4,3, 0.012085529441
8,4,4,8, 0.012816498560
8,4,5,3, 0.007506204199
8,4,5,8, 0.031143274141
8,4,6,3, 0.010726129803
8,4,6,8, 0.021968290627
8,4,8,0, 0.008371550548
8,4,8,1, 0.014535833691
8,4,8,4, 0.012816498560
8,4,8,5, 0.031143274141
8,4,8,6, 0.021968290627
8,4,8,9,-0.014235528312
8,4,9,3,-0.011020112642
8,4,9,8,-0.014235528312
8,5,0,3, 0.028395148958
8,5,0,8, 0.021601663223
8,5,1,3, 0.024986417869
8,5,1,8, 0.055246687323
8,5,3,0, 0.028395148958
8,5,3,1, 0.024986417869
8,5,3,4, 0.017356546865
8,5,3,5, 0.014812714233
8,5,3,6, 0.019384709403
8,5,3,9,-0.018597595057
8,5,4,3, 0.017356546865
8,5,4,8, 0.031143274141
8,5,5,3, 0.014812714233
8,5,5,8, 0.152608082603
8,5,6,3, 0.019384709403
8,5,6,8, 0.101353944495
8,5,8,0, 0.021601663223
8,5,8,1, 0.055246687323
8,5,8,4, 0.031143274141
8,5,8,5, 0.152608082603
8,5,8,6, 0.101353944495
8,5,9,3,-0.018597595057
8,6,0,3, 0.024986417869
8,6,0,8, 0.015552176435
8,6,1,3, 0.021761911369
8,6,1,8, 0.039737994963
8,6,3,0, 0.024986417869
8,6,3,1, 0.021761911369
8,6,3,4, 0.013827002783
8,6,3,5, 0.011357492063
8,6,3,6, 0.016301613777
8,6,3,9,-0.014579946578
8,6,4,3, 0.013827002783
8,6,4,8, 0.021968290627
8,6,5,3, 0.011357492063
8,6,5,8, 0.101353944495
8,6,6,3, 0.016301613777
8,6,6,8, 0.072461555243
8,6,8,0, 0.015552176435
8,6,8,1, 0.039737994963
8,6,8,4, 0.021968290627
8,6,8,5, 0.101353944495
8,6,8,6, 0.072461555243
8,6,9,3,-0.014579946578
8,7,2,3, 0.004255738078
8,7,2,8, 0.003306033247
8,7,3,2, 0.004255738078
8,7,3,7, 0.003306033247
8,7,7,3, 0.003306033247
8,7,7,8, 0.048105227081
8,7,8,2, 0.003306033247
8,7,8,7, 0.048105227081
8,8,0,0, 0.398457746480
8,8,0,1, 0.268813694053
8,8,0,4, 0.090262855040
8,8,0,5, 0.141382279408
8,8,0,6, 0.182751364761
8,8,0,9,-0.167003088187
8,8,1,0, 0.268813694053
8,8,1,1, 0.358615609843
8,8,1,4, 0.081221956628
8,8,1,5, 0.262291195609
8,8,1,6, 0.321994072784
8,8,1,9,-0.110485892840
8,8,2,2, 0.378400032332
8,8,2,7, 0.076634877355
8,8,3,3, 0.386911508488
8,8,3,8, 0.083246943850
8,8,4,0, 0.090262855040
8,8,4,1, 0.081221956628
8,8,4,4, 0.429376614811
8,8,4,5, 0.197100052319
8,8,4,6, 0.138364406544
8,8,4,9,-0.256195084467
8,8,5,0, 0.141382279408
8,8,5,1, 0.262291195609
8,8,5,4, 0.197100052319
8,8,5,5, 0.775037038942
8,8,5,6, 0.462081934851
8,8,6,0, 0.182751364761
8,8,6,1, 0.321994072784
8,8,6,4, 0.138364406544
8,8,6,5, 0.462081934851
8,8,6,6, 0.491073083906
8,8,7,2, 0.076634877355
8,8,7,7, 0.689508254834
8,8,8,3, 0.083246943850
8,8,8,8, 0.785718708997
8,8,9,0,-0.167003088187
8,8,9,1,-0.110485892840
8,8,9,4,-0.256195084467
8,8,9,9, 0.689508254834
8,9,0,3,-0.017356546865
8,9,0,8,-0.008422852787
8,9,1,3,-0.013827002783
8,9,1,8,-0.007003808629
8,9,3,0,-0.017356546865
8,9,3,1,-0.013827002783
8,9,3,4,-0.012531987519
8,9,3,5,-0.007969418079
8,9,3,6,-0.010519116482
8,9,3,9, 0.012085529441
8,9,4,3,-0.012531987519
8,9,4,8,-0.014235528312
8,9,5,3,-0.007969418079
8,9,6,3,-0.010519116482
8,9,8,0,-0.008422852787
8,9,8,1,-0.007003808629
8,9,8,4,-0.014235528312
8,9,8,9, 0.048105227081
8,9,9,3, 0.012085529441
8,9,9,8, 0.048105227081
9,0,0,0,-0.221144082062
9,0,0,1,-0.132103025688
9,0,0,4,-0.051448394990
9,0,0,5,-0.057364977670
9,0,0,6,-0.084105258375
9,0,0,9, 0.081643583701
9,0,1,0,-0.132103025688
9,0,1,1,-0.141877550621
9,0,1,4,-0.036729486648
9,0,1,5,-0.076521287188
9,0,1,6,-0.107578671527
9,0,1,9, 0.060266994334
9,0,2,2,-0.197100052319
9,0,2,7,-0.031869930925
9,0,3,3,-0.197100052319
9,0,3,8,-0.031869930925
9,0,4,0,-0.051448394990
9,0,4,1,-0.036729486648
9,0,4,4,-0.220014365663
9,0,4,5,-0.078055271411
9,0,4,6,-0.058751257115
9,0,4,9, 0.119050490330
9,0,5,0,-0.057364977670
9,0,5,1,-0.076521287188
9,0,5,4,-0.078055271411
9,0,5,5,-0.182468536429
9,0,5,6,-0.114715748975
9,0,5,9, 0.054059658650
9,0,6,0,-0.084105258375
9,0,6,1,-0.107578671527
9,0,6,4,-0.058751257115
9,0,6,5,-0.114715748975
9,0,6,6,-0.132041979277
9,0,6,9, 0.041073869553
9,0,7,2,-0.031869930925
9,0,7,7,-0.167003088187
9,0,8,3,-0.031869930925
9,0,8,8,-0.167003088187
9,0,9,0, 0.081643583701
9,0,9,1, 0.060266994334
9,0,9,4, 0.119050490330
9,0,9,5, 0.054059658650
9,0,9,6, 0.041073869553
9,0,9,9,-0.196579147485
9,1,0,0,-0.151109044694
9,1,0,1,-0.092859253336
9,1,0,4,-0.038746768710
9,1,0,5,-0.041986438131
9,1,0,6,-0.060036582390
9,1,0,9, 0.060266994334
9,1,1,0,-0.092859253336
9,1,1,1,-0.101057497782
9,1,1,4,-0.028937914104
9,1,1,5,-0.053667194836
9,1,1,6,-0.075477809957
9,1,1,9, 0.049668019668
9,1,2,2,-0.138364406544
9,1,2,7,-0.024050634559
9,1,3,3,-0.138364406544
9,1,3,8,-0.024050634559
9,1,4,0,-0.038746768710
9,1,4,1,-0.028937914104
9,1,4,4,-0.156628521628
9,1,4,5,-0.058751257115
9,1,4,6,-0.044332592428
9,1,4,9, 0.089623419599
9,1,5,0,-0.041986438131
9,1,5,1,-0.053667194836
9,1,5,4,-0.058751257115
9,1,5,5,-0.119337147705
9,1,5,6,-0.074824656134
9,1,5,9, 0.062024043455
9,1,6,0,-0.060036582390
9,1,6,1,-0.075477809957
9,1,6,4,-0.044332592428
9,1,6,5,-0.074824656134
9,1,6,6,-0.085892820800
9,1,6,9, 0.045091023904
9,1,7,2,-0.024050634559
9,1,7,7,-0.110485892840
9,1,8,3,-0.024050634559
9,1,8,8,-0.110485892840
9,1,9,0, 0.060266994334
9,1,9,1, 0.049668019668
9,1,9,4, 0.089623419599
9,1,9,5, 0.062024043455
9,1,9,6, 0.045091023904
9,1,9,9,-0.125234112734
9,2,0,2,-0.031143274141
9,2,0,7,-0.007506204199
9,2,1,2,-0.021968290627
9,2,1,7,-0.010726129803
9,2,2,0,-0.031143274141
9,2,2,1,-0.021968290627
9,2,2,4,-0.014235528312
9,2,2,5,-0.008371550548
9,2,2,6,-0.014535833691
9,2,2,9, 0.012816498560
9,2,4,2,-0.014235528312
9,2,4,7,-0.011020112642
9,2,5,2,-0.008371550548
9,2,5,7,-0.018597595057
9,2,6,2,-0.014535833691
9,2,6,7,-0.014579946578
9,2,7,0,-0.007506204199
9,2,7,1,-0.010726129803
9,2,7,4,-0.011020112642
9,2,7,5,-0.018597595057
9,2,7,6,-0.014579946578
9,2,7,9, 0.012085529441
9,2,9,2, 0.012816498560
9,2,9,7, 0.012085529441
9,3,0,3,-0.031143274141
9,3,0,8,-0.007506204199
9,3,1,3,-0.021968290627
9,3,1,8,-0.010726129803
9,3,3,0,-0.031143274141
9,3,3,1,-0.021968290627
9,3,3,4,-0.014235528312
9,3,3,5,-0.008371550548
9,3,3,6,-0.014535833691
9,3,3,9, 0.012816498560
9,3,4,3,-0.014235528312
9,3,4,8,-0.011020112642
9,3,5,3,-0.008371550548
9,3,5,8,-0.018597595057
9,3,6,3,-0.014535833691
9,3,6,8,-0.014579946578
9,3,8,0,-0.007506204199
9,3,8,1,-0.010726129803
9,3,8,4,-0.011020112642
9,3,8,5,-0.018597595057
9,3,8,6,-0.014579946578
9,3,8,9, 0.012085529441
9,3,9,3, 0.012816498560
9,3,9,8, 0.012085529441
9,4,0,0,-0.284303129946
9,4,0,1,-0.174905291710
9,4,0,4,-0.084912507242
9,4,0,5,-0.084086307446
9,4,0,6,-0.115243251061
9,4,0,9, 0.119050490330
9,4,1,0,-0.174905291710
9,4,1,1,-0.193561871575
9,4,1,4,-0.061871458983
9,4,1,5,-0.115243251061
9,4,1,6,-0.152842188375
9,4,1,9, 0.089623419599
9,4,2,2,-0.256195084467
9,4,2,7,-0.046717428929
9,4,3,3,-0.256195084467
9,4,3,8,-0.046717428929
9,4,4,0,-0.084912507242
9,4,4,1,-0.061871458983
9,4,4,4,-0.304230746186
9,4,4,5,-0.119050490330
9,4,4,6,-0.089623419599
9,4,4,9, 0.180151000018
9,4,5,0,-0.084086307446
9,4,5,1,-0.115243251061
9,4,5,4,-0.119050490330
9,4,5,5,-0.284303129946
9,4,5,6,-0.174905291710
9,4,5,9, 0.084912507242
9,4,6,0,-0.115243251061
9,4,6,1,-0.152842188375
9,4,6,4,-0.089623419599
9,4,6,5,-0.174905291710
9,4,6,6,-0.193561871575
9,4,6,9, 0.061871458983
9,4,7,2,-0.046717428929
9,4,7,7,-0.256195084467
9,4,8,3,-0.046717428929
9,4,8,8,-0.256195084467
9,4,9,0, 0.119050490330
9,4,9,1, 0.089623419599
9,4,9,4, 0.180151000018
9,4,9,5, 0.084912507242
9,4,9,6, 0.061871458983
9,4,9,9,-0.304230746186
9,5,0,0,-0.104004609589
9,5,0,1,-0.062018635964
9,5,0,4,-0.042309700518
9,5,0,5,-0.032589068993
9,5,0,6,-0.041776001439
9,5,0,9, 0.054059658650
9,5,1,0,-0.062018635964
9,5,1,1,-0.054561367742
9,5,1,4,-0.031126514480
9,5,1,5,-0.021589522552
9,5,1,6,-0.031011710823
9,5,1,9, 0.062024043455
9,5,2,2,-0.090262855040
9,5,2,7,-0.018597595057
9,5,3,3,-0.090262855040
9,5,3,8,-0.018597595057
9,5,4,0,-0.042309700518
9,5,4,1,-0.031126514480
9,5,4,4,-0.121237499070
9,5,4,5,-0.051448394990
9,5,4,6,-0.038746768710
9,5,4,9, 0.084912507242
9,5,5,0,-0.032589068993
9,5,5,1,-0.021589522552
9,5,5,4,-0.051448394990
9,5,5,9, 0.152608082603
9,5,6,0,-0.041776001439
9,5,6,1,-0.031011710823
9,5,6,4,-0.038746768710
9,5,6,9, 0.101353944495
9,5,7,2,-0.018597595057
9,5,8,3,-0.018597595057
9,5,9,0, 0.054059658650
9,5,9,1, 0.062024043455
9,5,9,4, 0.084912507242
9,5,9,5, 0.152608082603
9,5,9,6, 0.101353944495
9,6,0,0,-0.091644432777
9,6,0,1,-0.053943053251
9,6,0,4,-0.031126514480
9,6,0,5,-0.024678150282
9,6,0,6,-0.035004692934
9,6,0,9, 0.041073869553
9,6,1,0,-0.053943053251
9,6,1,1,-0.047759943610
9,6,1,4,-0.022254277738
9,6,1,5,-0.016261292739
9,6,1,6,-0.026325320833
9,6,1,9, 0.045091023904
9,6,2,2,-0.081221956628
9,6,2,7,-0.014579946578
9,6,3,3,-0.081221956628
9,6,3,8,-0.014579946578
9,6,4,0,-0.031126514480
9,6,4,1,-0.022254277738
9,6,4,4,-0.098748522701
9,6,4,5,-0.036729486648
9,6,4,6,-0.028937914104
9,6,4,9, 0.061871458983
9,6,5,0,-0.024678150282
9,6,5,1,-0.016261292739
9,6,5,4,-0.036729486648
9,6,5,9, 0.101353944495
9,6,6,0,-0.035004692934
9,6,6,1,-0.026325320833
9,6,6,4,-0.028937914104
9,6,6,9, 0.072461555243
9,6,7,2,-0.014579946578
9,6,8,3,-0.014579946578
9,6,9,0, 0.041073869553
9,6,9,1, 0.045091023904
9,6,9,4, 0.061871458983
9,6,9,5, 0.101353944495
9,6,9,6, 0.072461555243
9,7,0,2,-0.017356546865
9,7,0,7,-0.008422852787
9,7,1,2,-0.013827002783
9,7,1,7,-0.007003808629
9,7,2,0,-0.017356546865
9,7,2,1,-0.013827002783
9,7,2,4,-0.012531987519
9,7,2,5,-0.007969418079
9,7,2,6,-0.010519116482
9,7,2,9, 0.012085529441
9,7,4,2,-0.012531987519
9,7,4,7,-0.014235528312
9,7,5,2,-0.007969418079
9,7,6,2,-0.010519116482
9,7,7,0,-0.008422852787
9,7,7,1,-0.007003808629
9,7,7,4,-0.014235528312
9,7,7,9, 0.048105227081
9,7,9,2, 0.012085529441
9,7,9,7, 0.048105227081
9,8,0,3,-0.017356546865
9,8,0,8,-0.008422852787
9,8,1,3,-0.013827002783
9,8,1,8,-0.007003808629
9,8,3,0,-0.017356546865
9,8,3,1,-0.013827002783
9,8,3,4,-0.012531987519
9,8,3,5,-0.007969418079
9,8,3,6,-0.010519116482
9,8,3,9, 0.012085529441
9,8,4,3,-0.012531987519
9,8,4,8,-0.014235528312
9,8,5,3,-0.007969418079
9,8,6,3,-0.010519116482
9,8,8,0,-0.008422852787
9,8,8,1,-0.007003808629
9,8,8,4,-0.014235528312
9,8,8,9, 0.048105227081
9,8,9,3, 0.012085529441
9,8,9,8, 0.048105227081
9,9,0,0, 0.461039388469
9,9,0,1, 0.299712129381
9,9,0,4, 0.121237499070
9,9,0,5, 0.155327000762
9,9,0,6, 0.201855703398
9,9,0,9,-0.196579147485
9,9,1,0, 0.299712129381
9,9,1,1, 0.374073728795
9,9,1,4, 0.098748522701
9,9,1,5, 0.265239229397
9,9,1,6, 0.326953107460
9,9,1,9,-0.125234112734
9,9,2,2, 0.429376614811
9,9,2,7, 0.085414373549
9,9,3,3, 0.429376614811
9,9,3,8, 0.085414373549
9,9,4,0, 0.121237499070
9,9,4,1, 0.098748522701
9,9,4,4, 0.503472933438
9,9,4,5, 0.220014365663
9,9,4,6, 0.156628521628
9,9,4,9,-0.304230746186
9,9,5,0, 0.155327000762
9,9,5,1, 0.265239229397
9,9,5,4, 0.220014365663
9,9,5,5, 0.775037038942
9,9,5,6, 0.462081934851
9,9,6,0, 0.201855703398
9,9,6,1, 0.326953107460
9,9,6,4, 0.156628521628
9,9,6,5, 0.462081934851
9,9,6,6, 0.491073083906
9,9,7,2, 0.085414373549
9,9,7,7, 0.689508254834
9,9,8,3, 0.085414373549
9,9,8,8, 0.689508254834
9,9,9,0,-0.196579147485
9,9,9,1,-0.125234112734
9,9,9,4,-0.304230746186
9,9,9,9, 0.785718708997
