0,0,0,0, 0.897251802255
0,0,0,1, 0.504699283325
0,0,0,5, 0.605521669029
0,0,0,6, 0.452929928256
0,0,0,9,-0.561751613973
0,0,1,0, 0.504699283325
0,0,1,1, 0.507364877272
0,0,1,5, 0.410379827660
0,0,1,6, 0.467914202573
0,0,1,9,-0.193412907031
0,0,2,2, 0.775037038942
0,0,2,7, 0.505550128002
0,0,3,3, 0.775037038942
0,0,3,8, 0.505550128002
0,0,4,4, 0.775037038942
0,0,4,5, 0.393276510736
0,0,4,6, 0.083686884327
0,0,4,9, 0.074868131547
0,0,5,0, 0.605521669029
0,0,5,1, 0.410379827660
0,0,5,4, 0.393276510736
0,0,5,5, 0.721500078790
0,0,5,6, 0.434811607401
0,0,5,9,-0.167201922096
0,0,6,0, 0.452929928256
0,0,6,1, 0.467914202573
0,0,6,4, 0.083686884327
0,0,6,5, 0.434811607401
0,0,6,6, 0.473800853435
0,0,6,9,-0.120185504804
0,0,7,2, 0.505550128002
0,0,7,7, 0.646316112989
0,0,8,3, 0.505550128002
0,0,8,8, 0.646316112989
0,0,9,0,-0.561751613973
0,0,9,1,-0.193412907031
0,0,9,4, 0.074868131547
0,0,9,5,-0.167201922096
0,0,9,6,-0.120185504804
0,0,9,9, 0.728147494244
0,1,0,0, 0.504699283325
0,1,0,1, 0.300015949963
0,1,0,5, 0.350239286032
0,1,0,6, 0.269630333017
0,1,0,9,-0.304472352128
0,1,1,0, 0.300015949963
0,1,1,1, 0.324022459289
0,1,1,5, 0.250882816963
0,1,1,6, 0.299501042820
0,1,1,9,-0.101962927701
0,1,2,2, 0.462081934851
0,1,2,7, 0.305467190776
0,1,3,3, 0.462081934851
0,1,3,8, 0.305467190776
0,1,4,4, 0.462081934851
0,1,4,5, 0.237912501590
0,1,4,6, 0.052341959903
0,1,4,9, 0.053019673464
0,1,5,0, 0.350239286032
0,1,5,1, 0.250882816963
0,1,5,4, 0.237912501590
0,1,5,5, 0.434811607401
0,1,5,6, 0.268287308660
0,1,5,9,-0.073196114794
0,1,6,0, 0.269630333017
0,1,6,1, 0.299501042820
0,1,6,4, 0.052341959903
0,1,6,5, 0.268287308660
0,1,6,6, 0.305216364370
0,1,6,9,-0.055911073517
0,1,7,2, 0.305467190776
0,1,7,7, 0.403695215146
0,1,8,3, 0.305467190776
0,1,8,8, 0.403695215146
0,1,9,0,-0.304472352128
0,1,9,1,-0.101962927701
0,1,9,4, 0.053019673464
0,1,9,5,-0.073196114794
0,1,9,6,-0.055911073517
0,1,9,9, 0.428751140257
0,2,0,2, 0.152608082603
0,2,0,7, 0.096480133199
0,2,1,2, 0.101353944495
0,2,1,7, 0.072247521585
0,2,2,0, 0.152608082603
0,2,2,1, 0.101353944495
0,2,2,5, 0.101346994469
0,2,2,6, 0.090314830636
0,2,2,9,-0.107030941382
0,2,4,7, 0.060051907253
0,2,5,2, 0.101346994469
0,2,5,7, 0.102581931865
0,2,6,2, 0.090314830636
0,2,6,7, 0.074292294204
0,2,7,0, 0.096480133199
0,2,7,1, 0.072247521585
0,2,7,4, 0.060051907253
0,2,7,5, 0.102581931865
0,2,7,6, 0.074292294204
0,2,7,9,-0.046752762858
0,2,9,2,-0.107030941382
0,2,9,7,-0.046752762858
0,3,0,3, 0.152608082603
0,3,0,8, 0.096480133199
0,3,1,3, 0.101353944495
0,3,1,8, 0.072247521585
0,3,3,0, 0.152608082603
0,3,3,1, 0.101353944495
0,3,3,5, 0.101346994469
0,3,3,6, 0.090314830636
0,3,3,9,-0.107030941382
0,3,4,8, 0.060051907253
0,3,5,3, 0.101346994469
0,3,5,8, 0.102581931865
0,3,6,3, 0.090314830636
0,3,6,8, 0.074292294204
0,3,8,0, 0.096480133199
0,3,8,1, 0.072247521585
0,3,8,4, 0.060051907253
0,3,8,5, 0.102581931865
0,3,8,6, 0.074292294204
0,3,8,9,-0.046752762858
0,3,9,3,-0.107030941382
0,3,9,8,-0.046752762858
0,4,0,4, 0.152608082603
0,4,0,5, 0.075049877951
0,4,0,6, 0.015158269041
0,4,0,9, 0.008720810410
0,4,1,4, 0.101353944495
0,4,1,5, 0.058653709363
0,4,1,6, 0.020246073002
0,4,1,9, 0.024156350531
0,4,2,7, 0.060051907253
0,4,3,8, 0.060051907253
0,4,4,0, 0.152608082603
0,4,4,1, 0.101353944495
0,4,4,5, 0.150689784146
0,4,4,6, 0.092413057283
0,4,4,9,-0.043964823350
0,4,5,0, 0.075049877951
0,4,5,1, 0.058653709363
0,4,5,4, 0.150689784146
0,4,5,5, 0.167201922096
0,4,5,6, 0.073196114794
0,4,5,9, 0.025410955473
0,4,6,0, 0.015158269041
0,4,6,1, 0.020246073002
0,4,6,4, 0.092413057283
0,4,6,5, 0.073196114794
0,4,6,6, 0.039264511889
0,4,6,9, 0.029717537228
0,4,7,2, 0.060051907253
0,4,7,7, 0.132598228710
0,4,8,3, 0.060051907253
0,4,8,8, 0.132598228710
0,4,9,0, 0.008720810410
0,4,9,1, 0.024156350531
0,4,9,4,-0.043964823350
0,4,9,5, 0.025410955473
0,4,9,6, 0.029717537228
0,4,9,9, 0.085636634570
0,5,0,0, 0.605521669029
0,5,0,1, 0.350239286032
0,5,0,4, 0.075049877951
0,5,0,5, 0.456257652349
0,5,0,6, 0.322564274765
0,5,0,9,-0.362020445646
0,5,1,0, 0.350239286032
0,5,1,1, 0.363177716856
0,5,1,4, 0.051583681830
0,5,1,5, 0.322564274765
0,5,1,6, 0.346728957625
0,5,1,9,-0.108357728088
0,5,2,2, 0.533727485105
0,5,2,7, 0.382680298209
0,5,3,3, 0.533727485105
0,5,3,8, 0.382680298209
0,5,4,0, 0.075049877951
0,5,4,1, 0.051583681830
0,5,4,4, 0.555493510259
0,5,4,5, 0.362020445646
0,5,4,6, 0.108357728088
0,5,4,9, 0.043862261359
0,5,5,0, 0.456257652349
0,5,5,1, 0.322564274765
0,5,5,4, 0.362020445646
0,5,5,5, 0.605521669029
0,5,5,6, 0.350239286032
0,5,5,9,-0.075049877951
0,5,6,0, 0.322564274765
0,5,6,1, 0.346728957625
0,5,6,4, 0.108357728088
0,5,6,5, 0.350239286032
0,5,6,6, 0.363177716856
0,5,6,9,-0.051583681830
0,5,7,2, 0.382680298209
0,5,7,7, 0.533727485105
0,5,8,3, 0.382680298209
0,5,8,8, 0.533727485105
0,5,9,0,-0.362020445646
0,5,9,1,-0.108357728088
0,5,9,4, 0.043862261359
0,5,9,5,-0.075049877951
0,5,9,6,-0.051583681830
0,5,9,9, 0.555493510259
0,6,0,0, 0.452929928256
0,6,0,1, 0.269630333017
0,6,0,4, 0.015158269041
0,6,0,5, 0.322564274765
0,6,0,6, 0.244191965990
0,6,0,9,-0.270814313908
0,6,1,0, 0.269630333017
0,6,1,1, 0.291849494322
0,6,1,4, 0.011338873485
0,6,1,5, 0.233038760250
0,6,1,6, 0.272913744114
0,6,1,9,-0.086921892361
0,6,2,2, 0.414896037353
0,6,2,7, 0.281373278954
0,6,3,3, 0.414896037353
0,6,3,8, 0.281373278954
0,6,4,0, 0.015158269041
0,6,4,1, 0.011338873485
0,6,4,4, 0.415806826439
0,6,4,5, 0.230185404483
0,6,4,6, 0.057586701737
0,6,4,9, 0.045906657091
0,6,5,0, 0.322564274765
0,6,5,1, 0.233038760250
0,6,5,4, 0.230185404483
0,6,5,5, 0.410379827660
0,6,5,6, 0.250882816963
0,6,5,9,-0.058653709363
0,6,6,0, 0.244191965990
0,6,6,1, 0.272913744114
0,6,6,4, 0.057586701737
0,6,6,5, 0.250882816963
0,6,6,6, 0.281198150174
0,6,6,9,-0.044158007762
0,6,7,2, 0.281373278954
0,6,7,7, 0.380206167082
0,6,8,3, 0.281373278954
0,6,8,8, 0.380206167082
0,6,9,0,-0.270814313908
0,6,9,1,-0.086921892361
0,6,9,4, 0.045906657091
0,6,9,5,-0.058653709363
0,6,9,6,-0.044158007762
0,6,9,9, 0.397977057864
0,7,0,2, 0.096480133199
0,7,0,7, 0.078531693806
0,7,1,2, 0.066076853480
0,7,1,7, 0.063981309855
0,7,2,0, 0.096480133199
0,7,2,1, 0.066076853480
0,7,2,4, 0.026082831058
0,7,2,5, 0.077932967344
0,7,2,6, 0.061971575316
0,7,2,9,-0.064310215448
0,7,4,2, 0.026082831058
0,7,4,7, 0.068712495087
0,7,5,2, 0.077932967344
0,7,5,7, 0.101346994469
0,7,6,2, 0.061971575316
0,7,6,7, 0.069101742161
0,7,7,0, 0.078531693806
0,7,7,1, 0.063981309855
0,7,7,4, 0.068712495087
0,7,7,5, 0.101346994469
0,7,7,6, 0.069101742161
0,7,7,9,-0.021201914370
0,7,9,2,-0.064310215448
0,7,9,7,-0.021201914370
0,8,0,3, 0.096480133199
0,8,0,8, 0.078531693806
0,8,1,3, 0.066076853480
0,8,1,8, 0.063981309855
0,8,3,0, 0.096480133199
0,8,3,1, 0.066076853480
0,8,3,4, 0.026082831058
0,8,3,5, 0.077932967344
0,8,3,6, 0.061971575316
0,8,3,9,-0.064310215448
0,8,4,3, 0.026082831058
0,8,4,8, 0.068712495087
0,8,5,3, 0.077932967344
0,8,5,8, 0.101346994469
0,8,6,3, 0.061971575316
0,8,6,8, 0.069101742161
0,8,8,0, 0.078531693806
0,8,8,1, 0.063981309855
0,8,8,4, 0.068712495087
0,8,8,5, 0.101346994469
0,8,8,6, 0.069101742161
0,8,8,9,-0.021201914370
0,8,9,3,-0.064310215448
0,8,9,8,-0.021201914370
0,9,0,0,-0.561751613973
0,9,0,1,-0.304472352128
0,9,0,4, 0.008720810410
0,9,0,5,-0.362020445646
0,9,0,6,-0.270814313908
0,9,0,9, 0.371779449353
0,9,1,0,-0.304472352128
0,9,1,1,-0.289250460958
0,9,1,4, 0.009939430658
0,9,1,5,-0.230185404483
0,9,1,6,-0.261705192437
0,9,1,9, 0.141860454399
0,9,2,2,-0.477067827288
0,9,2,7,-0.299697353782
0,9,3,3,-0.477067827288
0,9,3,8,-0.299697353782
0,9,4,0, 0.008720810410
0,9,4,1, 0.009939430658
0,9,4,4,-0.450075466597
0,9,4,5,-0.209229863152
0,9,4,6,-0.036978717958
0,9,4,9,-0.023924624033
0,9,5,0,-0.362020445646
0,9,5,1,-0.230185404483
0,9,5,4,-0.209229863152
0,9,5,5,-0.393276510736
0,9,5,6,-0.237912501590
0,9,5,9, 0.150689784146
0,9,6,0,-0.270814313908
0,9,6,1,-0.261705192437
0,9,6,4,-0.036978717958
0,9,6,5,-0.237912501590
0,9,6,6,-0.258212839819
0,9,6,9, 0.104270900256
0,9,7,2,-0.299697353782
0,9,7,7,-0.351024395922
0,9,8,3,-0.299697353782
0,9,8,8,-0.351024395922
0,9,9,0, 0.371779449353
0,9,9,1, 0.141860454399
0,9,9,4,-0.023924624033
0,9,9,5, 0.150689784146
0,9,9,6, 0.104270900256
0,9,9,9,-0.409969433581
1,0,0,0, 0.504699283325
1,0,0,1, 0.300015949963
1,0,0,5, 0.350239286032
1,0,0,6, 0.269630333017
1,0,0,9,-0.304472352128
1,0,1,0, 0.300015949963
1,0,1,1, 0.324022459289
1,0,1,5, 0.250882816963
1,0,1,6, 0.299501042820
1,0,1,9,-0.101962927701
1,0,2,2, 0.462081934851
1,0,2,7, 0.305467190776
1,0,3,3, 0.462081934851
1,0,3,8, 0.305467190776
1,0,4,4, 0.462081934851
1,0,4,5, 0.237912501590
1,0,4,6, 0.052341959903
1,0,4,9, 0.053019673464
1,0,5,0, 0.350239286032
1,0,5,1, 0.250882816963
1,0,5,4, 0.237912501590
1,0,5,5, 0.434811607401
1,0,5,6, 0.268287308660
1,0,5,9,-0.073196114794
1,0,6,0, 0.269630333017
1,0,6,1, 0.299501042820
1,0,6,4, 0.052341959903
1,0,6,5, 0.268287308660
1,0,6,6, 0.305216364370
1,0,6,9,-0.055911073517
1,0,7,2, 0.305467190776
1,0,7,7, 0.403695215146
1,0,8,3, 0.305467190776
1,0,8,8, 0.403695215146
1,0,9,0,-0.304472352128
1,0,9,1,-0.101962927701
1,0,9,4, 0.053019673464
1,0,9,5,-0.073196114794
1,0,9,6,-0.055911073517
1,0,9,9, 0.428751140257
1,1,0,0, 0.507364877272
1,1,0,1, 0.324022459289
1,1,0,5, 0.363177716856
1,1,0,6, 0.291849494322
1,1,0,9,-0.289250460958
1,1,1,0, 0.324022459289
1,1,1,1, 0.394125899248
1,1,1,5, 0.281198150174
1,1,1,6, 0.366014614013
1,1,1,9,-0.088065544069
1,1,2,2, 0.491073083906
1,1,2,7, 0.330679125145
1,1,3,3, 0.491073083906
1,1,3,8, 0.330679125145
1,1,4,4, 0.491073083906
1,1,4,5, 0.258212839819
1,1,4,6, 0.059828795674
1,1,4,9, 0.069232165991
1,1,5,0, 0.363177716856
1,1,5,1, 0.281198150174
1,1,5,4, 0.258212839819
1,1,5,5, 0.473800853435
1,1,5,6, 0.305216364370
1,1,5,9,-0.039264511889
1,1,6,0, 0.291849494322
1,1,6,1, 0.366014614013
1,1,6,4, 0.059828795674
1,1,6,5, 0.305216364370
1,1,6,6, 0.378066837530
1,1,6,9,-0.033238668314
1,1,7,2, 0.330679125145
1,1,7,7, 0.459001840177
1,1,8,3, 0.330679125145
1,1,8,8, 0.459001840177
1,1,9,0,-0.289250460958
1,1,9,1,-0.088065544069
1,1,9,4, 0.069232165991
1,1,9,5,-0.039264511889
1,1,9,6,-0.033238668314
1,1,9,9, 0.464525536968
1,2,0,2, 0.101353944495
1,2,0,7, 0.066076853480
1,2,1,2, 0.072461555243
1,2,1,7, 0.053714899195
1,2,2,0, 0.101353944495
1,2,2,1, 0.072461555243
1,2,2,5, 0.069101742161
1,2,2,6, 0.064644164161
1,2,2,9,-0.068218635777
1,2,4,7, 0.043831546761
1,2,5,2, 0.069101742161
1,2,5,7, 0.074292294204
1,2,6,2, 0.064644164161
1,2,6,7, 0.055971017337
1,2,7,0, 0.066076853480
1,2,7,1, 0.053714899195
1,2,7,4, 0.043831546761
1,2,7,5, 0.074292294204
1,2,7,6, 0.055971017337
1,2,7,9,-0.026583654734
1,2,9,2,-0.068218635777
1,2,9,7,-0.026583654734
1,3,0,3, 0.101353944495
1,3,0,8, 0.066076853480
1,3,1,3, 0.072461555243
1,3,1,8, 0.053714899195
1,3,3,0, 0.101353944495
1,3,3,1, 0.072461555243
1,3,3,5, 0.069101742161
1,3,3,6, 0.064644164161
1,3,3,9,-0.068218635777
1,3,4,8, 0.043831546761
1,3,5,3, 0.069101742161
1,3,5,8, 0.074292294204
1,3,6,3, 0.064644164161
1,3,6,8, 0.055971017337
1,3,8,0, 0.066076853480
1,3,8,1, 0.053714899195
1,3,8,4, 0.043831546761
1,3,8,5, 0.074292294204
1,3,8,6, 0.055971017337
1,3,8,9,-0.026583654734
1,3,9,3,-0.068218635777
1,3,9,8,-0.026583654734
1,4,0,4, 0.101353944495
1,4,0,5, 0.051583681830
1,4,0,6, 0.011338873485
1,4,0,9, 0.009939430658
1,4,1,4, 0.072461555243
1,4,1,5, 0.044158007762
1,4,1,6, 0.017023235024
1,4,1,9, 0.021947105611
1,4,2,7, 0.043831546761
1,4,3,8, 0.043831546761
1,4,4,0, 0.101353944495
1,4,4,1, 0.072461555243
1,4,4,5, 0.104270900256
1,4,4,6, 0.066295607589
1,4,4,9,-0.020524446639
1,4,5,0, 0.051583681830
1,4,5,1, 0.044158007762
1,4,5,4, 0.104270900256
1,4,5,5, 0.120185504804
1,4,5,6, 0.055911073517
1,4,5,9, 0.029717537228
1,4,6,0, 0.011338873485
1,4,6,1, 0.017023235024
1,4,6,4, 0.066295607589
1,4,6,5, 0.055911073517
1,4,6,6, 0.033238668314
1,4,6,9, 0.027830819860
1,4,7,2, 0.043831546761
1,4,7,7, 0.101968025372
1,4,8,3, 0.043831546761
1,4,8,8, 0.101968025372
1,4,9,0, 0.009939430658
1,4,9,1, 0.021947105611
1,4,9,4,-0.020524446639
1,4,9,5, 0.029717537228
1,4,9,6, 0.027830819860
1,4,9,9, 0.069197314821
1,5,0,0, 0.410379827660
1,5,0,1, 0.250882816963
1,5,0,4, 0.058653709363
1,5,0,5, 0.322564274765
1,5,0,6, 0.233038760250
1,5,0,9,-0.230185404483
1,5,1,0, 0.250882816963
1,5,1,1, 0.281198150174
1,5,1,4, 0.044158007762
1,5,1,5, 0.244191965990
1,5,1,6, 0.272913744114
1,5,1,9,-0.057586701737
1,5,2,2, 0.380206167082
1,5,2,7, 0.281373278954
1,5,3,3, 0.380206167082
1,5,3,8, 0.281373278954
1,5,4,0, 0.058653709363
1,5,4,1, 0.044158007762
1,5,4,4, 0.397977057864
1,5,4,5, 0.270814313908
1,5,4,6, 0.086921892361
1,5,4,9, 0.045906657091
1,5,5,0, 0.322564274765
1,5,5,1, 0.244191965990
1,5,5,4, 0.270814313908
1,5,5,5, 0.452929928256
1,5,5,6, 0.269630333017
1,5,5,9,-0.015158269041
1,5,6,0, 0.233038760250
1,5,6,1, 0.272913744114
1,5,6,4, 0.086921892361
1,5,6,5, 0.269630333017
1,5,6,6, 0.291849494322
1,5,6,9,-0.011338873485
1,5,7,2, 0.281373278954
1,5,7,7, 0.414896037353
1,5,8,3, 0.281373278954
1,5,8,8, 0.414896037353
1,5,9,0,-0.230185404483
1,5,9,1,-0.057586701737
1,5,9,4, 0.045906657091
1,5,9,5,-0.015158269041
1,5,9,6,-0.011338873485
1,5,9,9, 0.415806826439
1,6,0,0, 0.467914202573
1,6,0,1, 0.299501042820
1,6,0,4, 0.020246073002
1,6,0,5, 0.346728957625
1,6,0,6, 0.272913744114
1,6,0,9,-0.261705192437
1,6,1,0, 0.299501042820
1,6,1,1, 0.366014614013
1,6,1,4, 0.017023235024
1,6,1,5, 0.272913744114
1,6,1,6, 0.347144666530
1,6,1,9,-0.071278280782
1,6,2,2, 0.452989748398
1,6,2,7, 0.315747601113
1,6,3,3, 0.452989748398
1,6,3,8, 0.315747601113
1,6,4,0, 0.020246073002
1,6,4,1, 0.017023235024
1,6,4,4, 0.454444339795
1,6,4,5, 0.261705192437
1,6,4,6, 0.071278280782
1,6,4,9, 0.064910359622
1,6,5,0, 0.346728957625
1,6,5,1, 0.272913744114
1,6,5,4, 0.261705192437
1,6,5,5, 0.467914202573
1,6,5,6, 0.299501042820
1,6,5,9,-0.020246073002
1,6,6,0, 0.272913744114
1,6,6,1, 0.347144666530
1,6,6,4, 0.071278280782
1,6,6,5, 0.299501042820
1,6,6,6, 0.366014614013
1,6,6,9,-0.017023235024
1,6,7,2, 0.315747601113
1,6,7,7, 0.452989748398
1,6,8,3, 0.315747601113
1,6,8,8, 0.452989748398
1,6,9,0,-0.261705192437
1,6,9,1,-0.071278280782
1,6,9,4, 0.064910359622
1,6,9,5,-0.020246073002
1,6,9,6,-0.017023235024
1,6,9,9, 0.454444339795
1,7,0,2, 0.072247521585
1,7,0,7, 0.063981309855
1,7,1,2, 0.053714899195
1,7,1,7, 0.058304396205
1,7,2,0, 0.072247521585
1,7,2,1, 0.053714899195
1,7,2,4, 0.022631608974
1,7,2,5, 0.061971575316
1,7,2,6, 0.051052283511
1,7,2,9,-0.044158210531
1,7,4,2, 0.022631608974
1,7,4,7, 0.060524422574
1,7,5,2, 0.061971575316
1,7,5,7, 0.090314830636
1,7,6,2, 0.051052283511
1,7,6,7, 0.064644164161
1,7,7,0, 0.063981309855
1,7,7,1, 0.058304396205
1,7,7,4, 0.060524422574
1,7,7,5, 0.090314830636
1,7,7,6, 0.064644164161
1,7,7,9,-0.005025021369
1,7,9,2,-0.044158210531
1,7,9,7,-0.005025021369
1,8,0,3, 0.072247521585
1,8,0,8, 0.063981309855
1,8,1,3, 0.053714899195
1,8,1,8, 0.058304396205
1,8,3,0, 0.072247521585
1,8,3,1, 0.053714899195
1,8,3,4, 0.022631608974
1,8,3,5, 0.061971575316
1,8,3,6, 0.051052283511
1,8,3,9,-0.044158210531
1,8,4,3, 0.022631608974
1,8,4,8, 0.060524422574
1,8,5,3, 0.061971575316
1,8,5,8, 0.090314830636
1,8,6,3, 0.051052283511
1,8,6,8, 0.064644164161
1,8,8,0, 0.063981309855
1,8,8,1, 0.058304396205
1,8,8,4, 0.060524422574
1,8,8,5, 0.090314830636
1,8,8,6, 0.064644164161
1,8,8,9,-0.005025021369
1,8,9,3,-0.044158210531
1,8,9,8,-0.005025021369
1,9,0,0,-0.193412907031
1,9,0,1,-0.101962927701
1,9,0,4, 0.024156350531
1,9,0,5,-0.108357728088
1,9,0,6,-0.086921892361
1,9,0,9, 0.141860454399
1,9,1,0,-0.101962927701
1,9,1,1,-0.088065544069
1,9,1,4, 0.021947105611
1,9,1,5,-0.057586701737
1,9,1,6,-0.071278280782
1,9,1,9, 0.071065694572
1,9,2,2,-0.169923917537
1,9,2,7,-0.093176667067
1,9,3,3,-0.169923917537
1,9,3,8,-0.093176667067
1,9,4,0, 0.024156350531
1,9,4,1, 0.021947105611
1,9,4,4,-0.142446824131
1,9,4,5,-0.036978717958
1,9,4,6, 0.007329397349
1,9,4,9, 0.004934692312
1,9,5,0,-0.108357728088
1,9,5,1,-0.057586701737
1,9,5,4,-0.036978717958
1,9,5,5,-0.083686884327
1,9,5,6,-0.052341959903
1,9,5,9, 0.092413057283
1,9,6,0,-0.086921892361
1,9,6,1,-0.071278280782
1,9,6,4, 0.007329397349
1,9,6,5,-0.052341959903
1,9,6,6,-0.059828795674
1,9,6,9, 0.066295607589
1,9,7,2,-0.093176667067
1,9,7,7,-0.077419334047
1,9,8,3,-0.093176667067
1,9,8,8,-0.077419334047
1,9,9,0, 0.141860454399
1,9,9,1, 0.071065694572
1,9,9,4, 0.004934692312
1,9,9,5, 0.092413057283
1,9,9,6, 0.066295607589
1,9,9,9,-0.087570079588
2,0,0,2, 0.152608082603
2,0,0,7, 0.096480133199
2,0,1,2, 0.101353944495
2,0,1,7, 0.072247521585
2,0,2,0, 0.152608082603
2,0,2,1, 0.101353944495
2,0,2,5, 0.101346994469
2,0,2,6, 0.090314830636
2,0,2,9,-0.107030941382
2,0,4,7, 0.060051907253
2,0,5,2, 0.101346994469
2,0,5,7, 0.102581931865
2,0,6,2, 0.090314830636
2,0,6,7, 0.074292294204
2,0,7,0, 0.096480133199
2,0,7,1, 0.072247521585
2,0,7,4, 0.060051907253
2,0,7,5, 0.102581931865
2,0,7,6, 0.074292294204
2,0,7,9,-0.046752762858
2,0,9,2,-0.107030941382
2,0,9,7,-0.046752762858
2,1,0,2, 0.101353944495
2,1,0,7, 0.066076853480
2,1,1,2, 0.072461555243
2,1,1,7, 0.053714899195
2,1,2,0, 0.101353944495
2,1,2,1, 0.072461555243
2,1,2,5, 0.069101742161
2,1,2,6, 0.064644164161
2,1,2,9,-0.068218635777
2,1,4,7, 0.043831546761
2,1,5,2, 0.069101742161
2,1,5,7, 0.074292294204
2,1,6,2, 0.064644164161
2,1,6,7, 0.055971017337
2,1,7,0, 0.066076853480
2,1,7,1, 0.053714899195
2,1,7,4, 0.043831546761
2,1,7,5, 0.074292294204
2,1,7,6, 0.055971017337
2,1,7,9,-0.026583654734
2,1,9,2,-0.068218635777
2,1,9,7,-0.026583654734
2,2,0,0, 0.775037038942
2,2,0,1, 0.462081934851
2,2,0,5, 0.533727485105
2,2,0,6, 0.414896037353
2,2,0,9,-0.477067827288
2,2,1,0, 0.462081934851
2,2,1,1, 0.491073083906
2,2,1,5, 0.380206167082
2,2,1,6, 0.452989748398
2,2,1,9,-0.169923917537
2,2,2,2, 0.785718708997
2,2,2,7, 0.509909775904
2,2,3,3, 0.689508254834
2,2,3,8, 0.452276210030
2,2,4,4, 0.689508254834
2,2,4,5, 0.351024395922
2,2,4,6, 0.077419334047
2,2,4,9, 0.071818696628
2,2,5,0, 0.533727485105
2,2,5,1, 0.380206167082
2,2,5,4, 0.351024395922
2,2,5,5, 0.646316112989
2,2,5,6, 0.403695215146
2,2,5,9,-0.132598228710
2,2,6,0, 0.414896037353
2,2,6,1, 0.452989748398
2,2,6,4, 0.077419334047
2,2,6,5, 0.403695215146
2,2,6,6, 0.459001840177
2,2,6,9,-0.101968025372
2,2,7,2, 0.509909775904
2,2,7,7, 0.643356339103
2,2,8,3, 0.452276210030
2,2,8,8, 0.586544408818
2,2,9,0,-0.477067827288
2,2,9,1,-0.169923917537
2,2,9,4, 0.071818696628
2,2,9,5,-0.132598228710
2,2,9,6,-0.101968025372
2,2,9,9, 0.643351327636
2,3,2,3, 0.048105227081
2,3,2,8, 0.028816782937
2,3,3,2, 0.048105227081
2,3,3,7, 0.028816782937
2,3,7,3, 0.028816782937
2,3,7,8, 0.028405965143
2,3,8,2, 0.028816782937
2,3,8,7, 0.028405965143
2,4,0,7, 0.026082831058
2,4,1,7, 0.022631608974
2,4,2,4, 0.048105227081
2,4,2,5, 0.021201914370
2,4,2,6, 0.005025021369
2,4,2,9,-0.000668909558
2,4,4,2, 0.048105227081
2,4,4,7, 0.042923436769
2,4,5,2, 0.021201914370
2,4,5,7, 0.046752762858
2,4,6,2, 0.005025021369
2,4,6,7, 0.026583654734
2,4,7,0, 0.026082831058
2,4,7,1, 0.022631608974
2,4,7,4, 0.042923436769
2,4,7,5, 0.046752762858
2,4,7,6, 0.026583654734
2,4,7,9,-0.000728886358
2,4,9,2,-0.000668909558
2,4,9,7,-0.000728886358
2,5,0,2, 0.101346994469
2,5,0,7, 0.077932967344
2,5,1,2, 0.069101742161
2,5,1,7, 0.061971575316
2,5,2,0, 0.101346994469
2,5,2,1, 0.069101742161
2,5,2,4, 0.021201914370
2,5,2,5, 0.078531693806
2,5,2,6, 0.063981309855
2,5,2,9,-0.068712495087
2,5,4,2, 0.021201914370
2,5,4,7, 0.064310215448
2,5,5,2, 0.078531693806
2,5,5,7, 0.096480133199
2,5,6,2, 0.063981309855
2,5,6,7, 0.066076853480
2,5,7,0, 0.077932967344
2,5,7,1, 0.061971575316
2,5,7,4, 0.064310215448
2,5,7,5, 0.096480133199
2,5,7,6, 0.066076853480
2,5,7,9,-0.026082831058
2,5,9,2,-0.068712495087
2,5,9,7,-0.026082831058
2,6,0,2, 0.090314830636
2,6,0,7, 0.061971575316
2,6,1,2, 0.064644164161
2,6,1,7, 0.051052283511
2,6,2,0, 0.090314830636
2,6,2,1, 0.064644164161
2,6,2,4, 0.005025021369
2,6,2,5, 0.063981309855
2,6,2,6, 0.058304396205
2,6,2,9,-0.060524422574
2,6,4,2, 0.005025021369
2,6,4,7, 0.044158210531
2,6,5,2, 0.063981309855
2,6,5,7, 0.072247521585
2,6,6,2, 0.058304396205
2,6,6,7, 0.053714899195
2,6,7,0, 0.061971575316
2,6,7,1, 0.051052283511
2,6,7,4, 0.044158210531
2,6,7,5, 0.072247521585
2,6,7,6, 0.053714899195
2,6,7,9,-0.022631608974
2,6,9,2,-0.060524422574
2,6,9,7,-0.022631608974
2,7,0,0, 0.505550128002
2,7,0,1, 0.305467190776
2,7,0,4, 0.060051907253
2,7,0,5, 0.382680298209
2,7,0,6, 0.281373278954
2,7,0,9,-0.299697353782
2,7,1,0, 0.305467190776
2,7,1,1, 0.330679125145
2,7,1,4, 0.043831546761
2,7,1,5, 0.281373278954
2,7,1,6, 0.315747601113
2,7,1,9,-0.093176667067
2,7,2,2, 0.509909775904
2,7,2,7, 0.368790249093
2,7,3,3, 0.452276210030
2,7,3,8, 0.323632259409
2,7,4,0, 0.060051907253
2,7,4,1, 0.043831546761
2,7,4,4, 0.466382863863
2,7,4,5, 0.299697353782
2,7,4,6, 0.093176667067
2,7,4,9, 0.038997386205
2,7,5,0, 0.382680298209
2,7,5,1, 0.281373278954
2,7,5,4, 0.299697353782
2,7,5,5, 0.505550128002
2,7,5,6, 0.305467190776
2,7,5,9,-0.060051907253
2,7,6,0, 0.281373278954
2,7,6,1, 0.315747601113
2,7,6,4, 0.093176667067
2,7,6,5, 0.305467190776
2,7,6,6, 0.330679125145
2,7,6,9,-0.043831546761
2,7,7,2, 0.368790249093
2,7,7,7, 0.509909775904
2,7,8,3, 0.323632259409
2,7,8,8, 0.452276210030
2,7,9,0,-0.299697353782
2,7,9,1,-0.093176667067
2,7,9,4, 0.038997386205
2,7,9,5,-0.060051907253
2,7,9,6,-0.043831546761
2,7,9,9, 0.466382863863
2,8,2,3, 0.028816782937
2,8,2,8, 0.022578994842
2,8,3,2, 0.028816782937
2,8,3,7, 0.022578994842
2,8,7,3, 0.022578994842
2,8,7,8, 0.028816782937
2,8,8,2, 0.022578994842
2,8,8,7, 0.028816782937
2,9,0,2,-0.107030941382
2,9,0,7,-0.064310215448
2,9,1,2,-0.068218635777
2,9,1,7,-0.044158210531
2,9,2,0,-0.107030941382
2,9,2,1,-0.068218635777
2,9,2,4,-0.000668909558
2,9,2,5,-0.068712495087
2,9,2,6,-0.060524422574
2,9,2,9, 0.079505969483
2,9,4,2,-0.000668909558
2,9,4,7,-0.034347979798
2,9,5,2,-0.068712495087
2,9,5,7,-0.060051907253
2,9,6,2,-0.060524422574
2,9,6,7,-0.043831546761
2,9,7,0,-0.064310215448
2,9,7,1,-0.044158210531
2,9,7,4,-0.034347979798
2,9,7,5,-0.060051907253
2,9,7,6,-0.043831546761
2,9,7,9, 0.042923436769
2,9,9,2, 0.079505969483
2,9,9,7, 0.042923436769
3,0,0,3, 0.152608082603
3,0,0,8, 0.096480133199
3,0,1,3, 0.101353944495
3,0,1,8, 0.072247521585
3,0,3,0, 0.152608082603
3,0,3,1, 0.101353944495
3,0,3,5, 0.101346994469
3,0,3,6, 0.090314830636
3,0,3,9,-0.107030941382
3,0,4,8, 0.060051907253
3,0,5,3, 0.101346994469
3,0,5,8, 0.102581931865
3,0,6,3, 0.090314830636
3,0,6,8, 0.074292294204
3,0,8,0, 0.096480133199
3,0,8,1, 0.072247521585
3,0,8,4, 0.060051907253
3,0,8,5, 0.102581931865
3,0,8,6, 0.074292294204
3,0,8,9,-0.046752762858
3,0,9,3,-0.107030941382
3,0,9,8,-0.046752762858
3,1,0,3, 0.101353944495
3,1,0,8, 0.066076853480
3,1,1,3, 0.072461555243
3,1,1,8, 0.053714899195
3,1,3,0, 0.101353944495
3,1,3,1, 0.072461555243
3,1,3,5, 0.069101742161
3,1,3,6, 0.064644164161
3,1,3,9,-0.068218635777
3,1,4,8, 0.043831546761
3,1,5,3, 0.069101742161
3,1,5,8, 0.074292294204
3,1,6,3, 0.064644164161
3,1,6,8, 0.055971017337
3,1,8,0, 0.066076853480
3,1,8,1, 0.053714899195
3,1,8,4, 0.043831546761
3,1,8,5, 0.074292294204
3,1,8,6, 0.055971017337
3,1,8,9,-0.026583654734
3,1,9,3,-0.068218635777
3,1,9,8,-0.026583654734
3,2,2,3, 0.048105227081
3,2,2,8, 0.028816782937
3,2,3,2, 0.048105227081
3,2,3,7, 0.028816782937
3,2,7,3, 0.028816782937
3,2,7,8, 0.028405965143
3,2,8,2, 0.028816782937
3,2,8,7, 0.028405965143
3,3,0,0, 0.775037038942
3,3,0,1, 0.462081934851
3,3,0,5, 0.533727485105
3,3,0,6, 0.414896037353
3,3,0,9,-0.477067827288
3,3,1,0, 0.462081934851
3,3,1,1, 0.491073083906
3,3,1,5, 0.380206167082
3,3,1,6, 0.452989748398
3,3,1,9,-0.169923917537
3,3,2,2, 0.689508254834
3,3,2,7, 0.452276210030
3,3,3,3, 0.785718708997
3,3,3,8, 0.509909775904
3,3,4,4, 0.689508254834
3,3,4,5, 0.351024395922
3,3,4,6, 0.077419334047
3,3,4,9, 0.071818696628
3,3,5,0, 0.533727485105
3,3,5,1, 0.380206167082
3,3,5,4, 0.351024395922
3,3,5,5, 0.646316112989
3,3,5,6, 0.403695215146
3,3,5,9,-0.132598228710
3,3,6,0, 0.414896037353
3,3,6,1, 0.452989748398
3,3,6,4, 0.077419334047
3,3,6,5, 0.403695215146
3,3,6,6, 0.459001840177
3,3,6,9,-0.101968025372
3,3,7,2, 0.452276210030
3,3,7,7, 0.586544408818
3,3,8,3, 0.509909775904
3,3,8,8, 0.643356339103
3,3,9,0,-0.477067827288
3,3,9,1,-0.169923917537
3,3,9,4, 0.071818696628
3,3,9,5,-0.132598228710
3,3,9,6,-0.101968025372
3,3,9,9, 0.643351327636
3,4,0,8, 0.026082831058
3,4,1,8, 0.022631608974
3,4,3,4, 0.048105227081
3,4,3,5, 0.021201914370
3,4,3,6, 0.005025021369
3,4,3,9,-0.000668909558
3,4,4,3, 0.048105227081
3,4,4,8, 0.042923436769
3,4,5,3, 0.021201914370
3,4,5,8, 0.046752762858
3,4,6,3, 0.005025021369
3,4,6,8, 0.026583654734
3,4,8,0, 0.026082831058
3,4,8,1, 0.022631608974
3,4,8,4, 0.042923436769
3,4,8,5, 0.046752762858
3,4,8,6, 0.026583654734
3,4,8,9,-0.000728886358
3,4,9,3,-0.000668909558
3,4,9,8,-0.000728886358
3,5,0,3, 0.101346994469
3,5,0,8, 0.077932967344
3,5,1,3, 0.069101742161
3,5,1,8, 0.061971575316
3,5,3,0, 0.101346994469
3,5,3,1, 0.069101742161
3,5,3,4, 0.021201914370
3,5,3,5, 0.078531693806
3,5,3,6, 0.063981309855
3,5,3,9,-0.068712495087
3,5,4,3, 0.021201914370
3,5,4,8, 0.064310215448
3,5,5,3, 0.078531693806
3,5,5,8, 0.096480133199
3,5,6,3, 0.063981309855
3,5,6,8, 0.066076853480
3,5,8,0, 0.077932967344
3,5,8,1, 0.061971575316
3,5,8,4, 0.064310215448
3,5,8,5, 0.096480133199
3,5,8,6, 0.066076853480
3,5,8,9,-0.026082831058
3,5,9,3,-0.068712495087
3,5,9,8,-0.026082831058
3,6,0,3, 0.090314830636
3,6,0,8, 0.061971575316
3,6,1,3, 0.064644164161
3,6,1,8, 0.051052283511
3,6,3,0, 0.090314830636
3,6,3,1, 0.064644164161
3,6,3,4, 0.005025021369
3,6,3,5, 0.063981309855
3,6,3,6, 0.058304396205
3,6,3,9,-0.060524422574
3,6,4,3, 0.005025021369
3,6,4,8, 0.044158210531
3,6,5,3, 0.063981309855
3,6,5,8, 0.072247521585
3,6,6,3, 0.058304396205
3,6,6,8, 0.053714899195
3,6,8,0, 0.061971575316
3,6,8,1, 0.051052283511
3,6,8,4, 0.044158210531
3,6,8,5, 0.072247521585
3,6,8,6, 0.053714899195
3,6,8,9,-0.022631608974
3,6,9,3,-0.060524422574
3,6,9,8,-0.022631608974
3,7,2,3, 0.028816782937
3,7,2,8, 0.022578994842
3,7,3,2, 0.028816782937
3,7,3,7, 0.022578994842
3,7,7,3, 0.022578994842
3,7,7,8, 0.028816782937
3,7,8,2, 0.022578994842
3,7,8,7, 0.028816782937
3,8,0,0, 0.505550128002
3,8,0,1, 0.305467190776
3,8,0,4, 0.060051907253
3,8,0,5, 0.382680298209
3,8,0,6, 0.281373278954
3,8,0,9,-0.299697353782
3,8,1,0, 0.305467190776
3,8,1,1, 0.330679125145
3,8,1,4, 0.043831546761
3,8,1,5, 0.281373278954
3,8,1,6, 0.315747601113
3,8,1,9,-0.093176667067
3,8,2,2, 0.452276210030
3,8,2,7, 0.323632259409
3,8,3,3, 0.509909775904
3,8,3,8, 0.368790249093
3,8,4,0, 0.060051907253
3,8,4,1, 0.043831546761
3,8,4,4, 0.466382863863
3,8,4,5, 0.299697353782
3,8,4,6, 0.093176667067
3,8,4,9, 0.038997386205
3,8,5,0, 0.382680298209
3,8,5,1, 0.281373278954
3,8,5,4, 0.299697353782
3,8,5,5, 0.505550128002
3,8,5,6, 0.305467190776
3,8,5,9,-0.060051907253
3,8,6,0, 0.281373278954
3,8,6,1, 0.315747601113
3,8,6,4, 0.093176667067
3,8,6,5, 0.305467190776
3,8,6,6, 0.330679125145
3,8,6,9,-0.043831546761
3,8,7,2, 0.323632259409
3,8,7,7, 0.452276210030
3,8,8,3, 0.368790249093
3,8,8,8, 0.509909775904
3,8,9,0,-0.299697353782
3,8,9,1,-0.093176667067
3,8,9,4, 0.038997386205
3,8,9,5,-0.060051907253
3,8,9,6,-0.043831546761
3,8,9,9, 0.466382863863
3,9,0,3,-0.107030941382
3,9,0,8,-0.064310215448
3,9,1,3,-0.068218635777
3,9,1,8,-0.044158210531
3,9,3,0,-0.107030941382
3,9,3,1,-0.068218635777
3,9,3,4,-0.000668909558
3,9,3,5,-0.068712495087
3,9,3,6,-0.060524422574
3,9,3,9, 0.079505969483
3,9,4,3,-0.000668909558
3,9,4,8,-0.034347979798
3,9,5,3,-0.068712495087
3,9,5,8,-0.060051907253
3,9,6,3,-0.060524422574
3,9,6,8,-0.043831546761
3,9,8,0,-0.064310215448
3,9,8,1,-0.044158210531
3,9,8,4,-0.034347979798
3,9,8,5,-0.060051907253
3,9,8,6,-0.043831546761
3,9,8,9, 0.042923436769
3,9,9,3, 0.079505969483
3,9,9,8, 0.042923436769
4,0,0,4, 0.152608082603
4,0,0,5, 0.075049877951
4,0,0,6, 0.015158269041
4,0,0,9, 0.008720810410
4,0,1,4, 0.101353944495
4,0,1,5, 0.058653709363
4,0,1,6, 0.020246073002
4,0,1,9, 0.024156350531
4,0,2,7, 0.060051907253
4,0,3,8, 0.060051907253
4,0,4,0, 0.152608082603
4,0,4,1, 0.101353944495
4,0,4,5, 0.150689784146
4,0,4,6, 0.092413057283
4,0,4,9,-0.043964823350
4,0,5,0, 0.075049877951
4,0,5,1, 0.058653709363
4,0,5,4, 0.150689784146
4,0,5,5, 0.167201922096
4,0,5,6, 0.073196114794
4,0,5,9, 0.025410955473
4,0,6,0, 0.015158269041
4,0,6,1, 0.020246073002
4,0,6,4, 0.092413057283
4,0,6,5, 0.073196114794
4,0,6,6, 0.039264511889
4,0,6,9, 0.029717537228
4,0,7,2, 0.060051907253
4,0,7,7, 0.132598228710
4,0,8,3, 0.060051907253
4,0,8,8, 0.132598228710
4,0,9,0, 0.008720810410
4,0,9,1, 0.024156350531
4,0,9,4,-0.043964823350
4,0,9,5, 0.025410955473
4,0,9,6, 0.029717537228
4,0,9,9, 0.085636634570
4,1,0,4, 0.101353944495
4,1,0,5, 0.051583681830
4,1,0,6, 0.011338873485
4,1,0,9, 0.009939430658
4,1,1,4, 0.072461555243
4,1,1,5, 0.044158007762
4,1,1,6, 0.017023235024
4,1,1,9, 0.021947105611
4,1,2,7, 0.043831546761
4,1,3,8, 0.043831546761
4,1,4,0, 0.101353944495
4,1,4,1, 0.072461555243
4,1,4,5, 0.104270900256
4,1,4,6, 0.066295607589
4,1,4,9,-0.020524446639
4,1,5,0, 0.051583681830
4,1,5,1, 0.044158007762
4,1,5,4, 0.104270900256
4,1,5,5, 0.120185504804
4,1,5,6, 0.055911073517
4,1,5,9, 0.029717537228
4,1,6,0, 0.011338873485
4,1,6,1, 0.017023235024
4,1,6,4, 0.066295607589
4,1,6,5, 0.055911073517
4,1,6,6, 0.033238668314
4,1,6,9, 0.027830819860
4,1,7,2, 0.043831546761
4,1,7,7, 0.101968025372
4,1,8,3, 0.043831546761
4,1,8,8, 0.101968025372
4,1,9,0, 0.009939430658
4,1,9,1, 0.021947105611
4,1,9,4,-0.020524446639
4,1,9,5, 0.029717537228
4,1,9,6, 0.027830819860
4,1,9,9, 0.069197314821
4,2,0,7, 0.026082831058
4,2,1,7, 0.022631608974
4,2,2,4, 0.048105227081
4,2,2,5, 0.021201914370
4,2,2,6, 0.005025021369
4,2,2,9,-0.000668909558
4,2,4,2, 0.048105227081
4,2,4,7, 0.042923436769
4,2,5,2, 0.021201914370
4,2,5,7, 0.046752762858
4,2,6,2, 0.005025021369
4,2,6,7, 0.026583654734
4,2,7,0, 0.026082831058
4,2,7,1, 0.022631608974
4,2,7,4, 0.042923436769
4,2,7,5, 0.046752762858
4,2,7,6, 0.026583654734
4,2,7,9,-0.000728886358
4,2,9,2,-0.000668909558
4,2,9,7,-0.000728886358
4,3,0,8, 0.026082831058
4,3,1,8, 0.022631608974
4,3,3,4, 0.048105227081
4,3,3,5, 0.021201914370
4,3,3,6, 0.005025021369
4,3,3,9,-0.000668909558
4,3,4,3, 0.048105227081
4,3,4,8, 0.042923436769
4,3,5,3, 0.021201914370
4,3,5,8, 0.046752762858
4,3,6,3, 0.005025021369
4,3,6,8, 0.026583654734
4,3,8,0, 0.026082831058
4,3,8,1, 0.022631608974
4,3,8,4, 0.042923436769
4,3,8,5, 0.046752762858
4,3,8,6, 0.026583654734
4,3,8,9,-0.000728886358
4,3,9,3,-0.000668909558
4,3,9,8,-0.000728886358
4,4,0,0, 0.775037038942
4,4,0,1, 0.462081934851
4,4,0,5, 0.555493510259
4,4,0,6, 0.415806826439
4,4,0,9,-0.450075466597
4,4,1,0, 0.462081934851
4,4,1,1, 0.491073083906
4,4,1,5, 0.397977057864
4,4,1,6, 0.454444339795
4,4,1,9,-0.142446824131
4,4,2,2, 0.689508254834
4,4,2,7, 0.466382863863
4,4,3,3, 0.689508254834
4,4,3,8, 0.466382863863
4,4,4,4, 0.785718708997
4,4,4,5, 0.409969433581
4,4,4,6, 0.087570079588
4,4,4,9, 0.098559116430
4,4,5,0, 0.555493510259
4,4,5,1, 0.397977057864
4,4,5,4, 0.409969433581
4,4,5,5, 0.728147494244
4,4,5,6, 0.428751140257
4,4,5,9,-0.085636634570
4,4,6,0, 0.415806826439
4,4,6,1, 0.454444339795
4,4,6,4, 0.087570079588
4,4,6,5, 0.428751140257
4,4,6,6, 0.464525536968
4,4,6,9,-0.069197314821
4,4,7,2, 0.466382863863
4,4,7,7, 0.643351327636
4,4,8,3, 0.466382863863
4,4,8,8, 0.643351327636
4,4,9,0,-0.450075466597
4,4,9,1,-0.142446824131
4,4,9,4, 0.098559116430
4,4,9,5,-0.085636634570
4,4,9,6,-0.069197314821
4,4,9,9, 0.673593807319
4,5,0,0, 0.393276510736
4,5,0,1, 0.237912501590
4,5,0,4, 0.150689784146
4,5,0,5, 0.362020445646
4,5,0,6, 0.230185404483
4,5,0,9,-0.209229863152
4,5,1,0, 0.237912501590
4,5,1,1, 0.258212839819
4,5,1,4, 0.104270900256
4,5,1,5, 0.270814313908
4,5,1,6, 0.261705192437
4,5,1,9,-0.036978717958
4,5,2,2, 0.351024395922
4,5,2,7, 0.299697353782
4,5,3,3, 0.351024395922
4,5,3,8, 0.299697353782
4,5,4,0, 0.150689784146
4,5,4,1, 0.104270900256
4,5,4,4, 0.409969433581
4,5,4,5, 0.371779449353
4,5,4,6, 0.141860454399
4,5,4,9, 0.023924624033
4,5,5,0, 0.362020445646
4,5,5,1, 0.270814313908
4,5,5,4, 0.371779449353
4,5,5,5, 0.561751613973
4,5,5,6, 0.304472352128
4,5,5,9, 0.008720810410
4,5,6,0, 0.230185404483
4,5,6,1, 0.261705192437
4,5,6,4, 0.141860454399
4,5,6,5, 0.304472352128
4,5,6,6, 0.289250460958
4,5,6,9, 0.009939430658
4,5,7,2, 0.299697353782
4,5,7,7, 0.477067827288
4,5,8,3, 0.299697353782
4,5,8,8, 0.477067827288
4,5,9,0,-0.209229863152
4,5,9,1,-0.036978717958
4,5,9,4, 0.023924624033
4,5,9,5, 0.008720810410
4,5,9,6, 0.009939430658
4,5,9,9, 0.450075466597
4,6,0,0, 0.083686884327
4,6,0,1, 0.052341959903
4,6,0,4, 0.092413057283
4,6,0,5, 0.108357728088
4,6,0,6, 0.057586701737
4,6,0,9,-0.036978717958
4,6,1,0, 0.052341959903
4,6,1,1, 0.059828795674
4,6,1,4, 0.066295607589
4,6,1,5, 0.086921892361
4,6,1,6, 0.071278280782
4,6,1,9, 0.007329397349
4,6,2,2, 0.077419334047
4,6,2,7, 0.093176667067
4,6,3,3, 0.077419334047
4,6,3,8, 0.093176667067
4,6,4,0, 0.092413057283
4,6,4,1, 0.066295607589
4,6,4,4, 0.087570079588
4,6,4,5, 0.141860454399
4,6,4,6, 0.071065694572
4,6,4,9,-0.004934692312
4,6,5,0, 0.108357728088
4,6,5,1, 0.086921892361
4,6,5,4, 0.141860454399
4,6,5,5, 0.193412907031
4,6,5,6, 0.101962927701
4,6,5,9, 0.024156350531
4,6,6,0, 0.057586701737
4,6,6,1, 0.071278280782
4,6,6,4, 0.071065694572
4,6,6,5, 0.101962927701
4,6,6,6, 0.088065544069
4,6,6,9, 0.021947105611
4,6,7,2, 0.093176667067
4,6,7,7, 0.169923917537
4,6,8,3, 0.093176667067
4,6,8,8, 0.169923917537
4,6,9,0,-0.036978717958
4,6,9,1, 0.007329397349
4,6,9,4,-0.004934692312
4,6,9,5, 0.024156350531
4,6,9,6, 0.021947105611
4,6,9,9, 0.142446824131
4,7,0,2, 0.060051907253
4,7,0,7, 0.068712495087
4,7,1,2, 0.043831546761
4,7,1,7, 0.060524422574
4,7,2,0, 0.060051907253
4,7,2,1, 0.043831546761
4,7,2,4, 0.042923436769
4,7,2,5, 0.064310215448
4,7,2,6, 0.044158210531
4,7,2,9,-0.034347979798
4,7,4,2, 0.042923436769
4,7,4,7, 0.079505969483
4,7,5,2, 0.064310215448
4,7,5,7, 0.107030941382
4,7,6,2, 0.044158210531
4,7,6,7, 0.068218635777
4,7,7,0, 0.068712495087
4,7,7,1, 0.060524422574
4,7,7,4, 0.079505969483
4,7,7,5, 0.107030941382
4,7,7,6, 0.068218635777
4,7,7,9,-0.000668909558
4,7,9,2,-0.034347979798
4,7,9,7,-0.000668909558
4,8,0,3, 0.060051907253
4,8,0,8, 0.068712495087
4,8,1,3, 0.043831546761
4,8,1,8, 0.060524422574
4,8,3,0, 0.060051907253
4,8,3,1, 0.043831546761
4,8,3,4, 0.042923436769
4,8,3,5, 0.064310215448
4,8,3,6, 0.044158210531
4,8,3,9,-0.034347979798
4,8,4,3, 0.042923436769
4,8,4,8, 0.079505969483
4,8,5,3, 0.064310215448
4,8,5,8, 0.107030941382
4,8,6,3, 0.044158210531
4,8,6,8, 0.068218635777
4,8,8,0, 0.068712495087
4,8,8,1, 0.060524422574
4,8,8,4, 0.079505969483
4,8,8,5, 0.107030941382
4,8,8,6, 0.068218635777
4,8,8,9,-0.000668909558
4,8,9,3,-0.034347979798
4,8,9,8,-0.000668909558
4,9,0,0, 0.074868131547
4,9,0,1, 0.053019673464
4,9,0,4,-0.043964823350
4,9,0,5, 0.043862261359
4,9,0,6, 0.045906657091
4,9,0,9,-0.023924624033
4,9,1,0, 0.053019673464
4,9,1,1, 0.069232165991
4,9,1,4,-0.020524446639
4,9,1,5, 0.045906657091
4,9,1,6, 0.064910359622
4,9,1,9, 0.004934692312
4,9,2,2, 0.071818696628
4,9,2,7, 0.038997386205
4,9,3,3, 0.071818696628
4,9,3,8, 0.038997386205
4,9,4,0,-0.043964823350
4,9,4,1,-0.020524446639
4,9,4,4, 0.098559116430
4,9,4,5, 0.023924624033
4,9,4,6,-0.004934692312
4,9,4,9, 0.057867910790
4,9,5,0, 0.043862261359
4,9,5,1, 0.045906657091
4,9,5,4, 0.023924624033
4,9,5,5, 0.074868131547
4,9,5,6, 0.053019673464
4,9,5,9, 0.043964823350
4,9,6,0, 0.045906657091
4,9,6,1, 0.064910359622
4,9,6,4,-0.004934692312
4,9,6,5, 0.053019673464
4,9,6,6, 0.069232165991
4,9,6,9, 0.020524446639
4,9,7,2, 0.038997386205
4,9,7,7, 0.071818696628
4,9,8,3, 0.038997386205
4,9,8,8, 0.071818696628
4,9,9,0,-0.023924624033
4,9,9,1, 0.004934692312
4,9,9,4, 0.057867910790
4,9,9,5, 0.043964823350
4,9,9,6, 0.020524446639
4,9,9,9, 0.098559116430
5,0,0,0, 0.605521669029
5,0,0,1, 0.350239286032
5,0,0,4, 0.075049877951
5,0,0,5, 0.456257652349
5,0,0,6, 0.322564274765
5,0,0,9,-0.362020445646
5,0,1,0, 0.350239286032
5,0,1,1, 0.363177716856
5,0,1,4, 0.051583681830
5,0,1,5, 0.322564274765
5,0,1,6, 0.346728957625
5,0,1,9,-0.108357728088
5,0,2,2, 0.533727485105
5,0,2,7, 0.382680298209
5,0,3,3, 0.533727485105
5,0,3,8, 0.382680298209
5,0,4,0, 0.075049877951
5,0,4,1, 0.051583681830
5,0,4,4, 0.555493510259
5,0,4,5, 0.362020445646
5,0,4,6, 0.108357728088
5,0,4,9, 0.043862261359
5,0,5,0, 0.456257652349
5,0,5,1, 0.322564274765
5,0,5,4, 0.362020445646
5,0,5,5, 0.605521669029
5,0,5,6, 0.350239286032
5,0,5,9,-0.075049877951
5,0,6,0, 0.322564274765
5,0,6,1, 0.346728957625
5,0,6,4, 0.108357728088
5,0,6,5, 0.350239286032
5,0,6,6, 0.363177716856
5,0,6,9,-0.051583681830
5,0,7,2, 0.382680298209
5,0,7,7, 0.533727485105
5,0,8,3, 0.382680298209
5,0,8,8, 0.533727485105
5,0,9,0,-0.362020445646
5,0,9,1,-0.108357728088
5,0,9,4, 0.043862261359
5,0,9,5,-0.075049877951
5,0,9,6,-0.051583681830
5,0,9,9, 0.555493510259
5,1,0,0, 0.410379827660
5,1,0,1, 0.250882816963
5,1,0,4, 0.058653709363
5,1,0,5, 0.322564274765
5,1,0,6, 0.233038760250
5,1,0,9,-0.230185404483
5,1,1,0, 0.250882816963
5,1,1,1, 0.281198150174
5,1,1,4, 0.044158007762
5,1,1,5, 0.244191965990
5,1,1,6, 0.272913744114
5,1,1,9,-0.057586701737
5,1,2,2, 0.380206167082
5,1,2,7, 0.281373278954
5,1,3,3, 0.380206167082
5,1,3,8, 0.281373278954
5,1,4,0, 0.058653709363
5,1,4,1, 0.044158007762
5,1,4,4, 0.397977057864
5,1,4,5, 0.270814313908
5,1,4,6, 0.086921892361
5,1,4,9, 0.045906657091
5,1,5,0, 0.322564274765
5,1,5,1, 0.244191965990
5,1,5,4, 0.270814313908
5,1,5,5, 0.452929928256
5,1,5,6, 0.269630333017
5,1,5,9,-0.015158269041
5,1,6,0, 0.233038760250
5,1,6,1, 0.272913744114
5,1,6,4, 0.086921892361
5,1,6,5, 0.269630333017
5,1,6,6, 0.291849494322
5,1,6,9,-0.011338873485
5,1,7,2, 0.281373278954
5,1,7,7, 0.414896037353
5,1,8,3, 0.281373278954
5,1,8,8, 0.414896037353
5,1,9,0,-0.230185404483
5,1,9,1,-0.057586701737
5,1,9,4, 0.045906657091
5,1,9,5,-0.015158269041
5,1,9,6,-0.011338873485
5,1,9,9, 0.415806826439
5,2,0,2, 0.101346994469
5,2,0,7, 0.077932967344
5,2,1,2, 0.069101742161
5,2,1,7, 0.061971575316
5,2,2,0, 0.101346994469
5,2,2,1, 0.069101742161
5,2,2,4, 0.021201914370
5,2,2,5, 0.078531693806
5,2,2,6, 0.063981309855
5,2,2,9,-0.068712495087
5,2,4,2, 0.021201914370
5,2,4,7, 0.064310215448
5,2,5,2, 0.078531693806
5,2,5,7, 0.096480133199
5,2,6,2, 0.063981309855
5,2,6,7, 0.066076853480
5,2,7,0, 0.077932967344
5,2,7,1, 0.061971575316
5,2,7,4, 0.064310215448
5,2,7,5, 0.096480133199
5,2,7,6, 0.066076853480
5,2,7,9,-0.026082831058
5,2,9,2,-0.068712495087
5,2,9,7,-0.026082831058
5,3,0,3, 0.101346994469
5,3,0,8, 0.077932967344
5,3,1,3, 0.069101742161
5,3,1,8, 0.061971575316
5,3,3,0, 0.101346994469
5,3,3,1, 0.069101742161
5,3,3,4, 0.021201914370
5,3,3,5, 0.078531693806
5,3,3,6, 0.063981309855
5,3,3,9,-0.068712495087
5,3,4,3, 0.021201914370
5,3,4,8, 0.064310215448
5,3,5,3, 0.078531693806
5,3,5,8, 0.096480133199
5,3,6,3, 0.063981309855
5,3,6,8, 0.066076853480
5,3,8,0, 0.077932967344
5,3,8,1, 0.061971575316
5,3,8,4, 0.064310215448
5,3,8,5, 0.096480133199
5,3,8,6, 0.066076853480
5,3,8,9,-0.026082831058
5,3,9,3,-0.068712495087
5,3,9,8,-0.026082831058
5,4,0,0, 0.393276510736
5,4,0,1, 0.237912501590
5,4,0,4, 0.150689784146
5,4,0,5, 0.362020445646
5,4,0,6, 0.230185404483
5,4,0,9,-0.209229863152
5,4,1,0, 0.237912501590
5,4,1,1, 0.258212839819
5,4,1,4, 0.104270900256
5,4,1,5, 0.270814313908
5,4,1,6, 0.261705192437
5,4,1,9,-0.036978717958
5,4,2,2, 0.351024395922
5,4,2,7, 0.299697353782
5,4,3,3, 0.351024395922
5,4,3,8, 0.299697353782
5,4,4,0, 0.150689784146
5,4,4,1, 0.104270900256
5,4,4,4, 0.409969433581
5,4,4,5, 0.371779449353
5,4,4,6, 0.141860454399
5,4,4,9, 0.023924624033
5,4,5,0, 0.362020445646
5,4,5,1, 0.270814313908
5,4,5,4, 0.371779449353
5,4,5,5, 0.561751613973
5,4,5,6, 0.304472352128
5,4,5,9, 0.008720810410
5,4,6,0, 0.230185404483
5,4,6,1, 0.261705192437
5,4,6,4, 0.141860454399
5,4,6,5, 0.304472352128
5,4,6,6, 0.289250460958
5,4,6,9, 0.009939430658
5,4,7,2, 0.299697353782
5,4,7,7, 0.477067827288
5,4,8,3, 0.299697353782
5,4,8,8, 0.477067827288
5,4,9,0,-0.209229863152
5,4,9,1,-0.036978717958
5,4,9,4, 0.023924624033
5,4,9,5, 0.008720810410
5,4,9,6, 0.009939430658
5,4,9,9, 0.450075466597
5,5,0,0, 0.721500078790
5,5,0,1, 0.434811607401
5,5,0,4, 0.167201922096
5,5,0,5, 0.605521669029
5,5,0,6, 0.410379827660
5,5,0,9,-0.393276510736
5,5,1,0, 0.434811607401
5,5,1,1, 0.473800853435
5,5,1,4, 0.120185504804
5,5,1,5, 0.452929928256
5,5,1,6, 0.467914202573
5,5,1,9,-0.083686884327
5,5,2,2, 0.646316112989
5,5,2,7, 0.505550128002
5,5,3,3, 0.646316112989
5,5,3,8, 0.505550128002
5,5,4,0, 0.167201922096
5,5,4,1, 0.120185504804
5,5,4,4, 0.728147494244
5,5,4,5, 0.561751613973
5,5,4,6, 0.193412907031
5,5,4,9, 0.074868131547
5,5,5,0, 0.605521669029
5,5,5,1, 0.452929928256
5,5,5,4, 0.561751613973
5,5,5,5, 0.897251802255
5,5,5,6, 0.504699283325
5,5,6,0, 0.410379827660
5,5,6,1, 0.467914202573
5,5,6,4, 0.193412907031
5,5,6,5, 0.504699283325
5,5,6,6, 0.507364877272
5,5,7,2, 0.505550128002
5,5,7,7, 0.775037038942
5,5,8,3, 0.505550128002
5,5,8,8, 0.775037038942
5,5,9,0,-0.393276510736
5,5,9,1,-0.083686884327
5,5,9,4, 0.074868131547
5,5,9,9, 0.775037038942
5,6,0,0, 0.434811607401
5,6,0,1, 0.268287308660
5,6,0,4, 0.073196114794
5,6,0,5, 0.350239286032
5,6,0,6, 0.250882816963
5,6,0,9,-0.237912501590
5,6,1,0, 0.268287308660
5,6,1,1, 0.305216364370
5,6,1,4, 0.055911073517
5,6,1,5, 0.269630333017
5,6,1,6, 0.299501042820
5,6,1,9,-0.052341959903
5,6,2,2, 0.403695215146
5,6,2,7, 0.305467190776
5,6,3,3, 0.403695215146
5,6,3,8, 0.305467190776
5,6,4,0, 0.073196114794
5,6,4,1, 0.055911073517
5,6,4,4, 0.428751140257
5,6,4,5, 0.304472352128
5,6,4,6, 0.101962927701
5,6,4,9, 0.053019673464
5,6,5,0, 0.350239286032
5,6,5,1, 0.269630333017
5,6,5,4, 0.304472352128
5,6,5,5, 0.504699283325
5,6,5,6, 0.300015949963
5,6,6,0, 0.250882816963
5,6,6,1, 0.299501042820
5,6,6,4, 0.101962927701
5,6,6,5, 0.300015949963
5,6,6,6, 0.324022459289
5,6,7,2, 0.305467190776
5,6,7,7, 0.462081934851
5,6,8,3, 0.305467190776
5,6,8,8, 0.462081934851
5,6,9,0,-0.237912501590
5,6,9,1,-0.052341959903
5,6,9,4, 0.053019673464
5,6,9,9, 0.462081934851
5,7,0,2, 0.102581931865
5,7,0,7, 0.101346994469
5,7,1,2, 0.074292294204
5,7,1,7, 0.090314830636
5,7,2,0, 0.102581931865
5,7,2,1, 0.074292294204
5,7,2,4, 0.046752762858
5,7,2,5, 0.096480133199
5,7,2,6, 0.072247521585
5,7,2,9,-0.060051907253
5,7,4,2, 0.046752762858
5,7,4,7, 0.107030941382
5,7,5,2, 0.096480133199
5,7,5,7, 0.152608082603
5,7,6,2, 0.072247521585
5,7,6,7, 0.101353944495
5,7,7,0, 0.101346994469
5,7,7,1, 0.090314830636
5,7,7,4, 0.107030941382
5,7,7,5, 0.152608082603
5,7,7,6, 0.101353944495
5,7,9,2,-0.060051907253
5,8,0,3, 0.102581931865
5,8,0,8, 0.101346994469
5,8,1,3, 0.074292294204
5,8,1,8, 0.090314830636
5,8,3,0, 0.102581931865
5,8,3,1, 0.074292294204
5,8,3,4, 0.046752762858
5,8,3,5, 0.096480133199
5,8,3,6, 0.072247521585
5,8,3,9,-0.060051907253
5,8,4,3, 0.046752762858
5,8,4,8, 0.107030941382
5,8,5,3, 0.096480133199
5,8,5,8, 0.152608082603
5,8,6,3, 0.072247521585
5,8,6,8, 0.101353944495
5,8,8,0, 0.101346994469
5,8,8,1, 0.090314830636
5,8,8,4, 0.107030941382
5,8,8,5, 0.152608082603
5,8,8,6, 0.101353944495
5,8,9,3,-0.060051907253
5,9,0,0,-0.167201922096
5,9,0,1,-0.073196114794
5,9,0,4, 0.025410955473
5,9,0,5,-0.075049877951
5,9,0,6,-0.058653709363
5,9,0,9, 0.150689784146
5,9,1,0,-0.073196114794
5,9,1,1,-0.039264511889
5,9,1,4, 0.029717537228
5,9,1,5,-0.015158269041
5,9,1,6,-0.020246073002
5,9,1,9, 0.092413057283
5,9,2,2,-0.132598228710
5,9,2,7,-0.060051907253
5,9,3,3,-0.132598228710
5,9,3,8,-0.060051907253
5,9,4,0, 0.025410955473
5,9,4,1, 0.029717537228
5,9,4,4,-0.085636634570
5,9,4,5, 0.008720810410
5,9,4,6, 0.024156350531
5,9,4,9, 0.043964823350
5,9,5,0,-0.075049877951
5,9,5,1,-0.015158269041
5,9,5,4, 0.008720810410
5,9,5,9, 0.152608082603
5,9,6,0,-0.058653709363
5,9,6,1,-0.020246073002
5,9,6,4, 0.024156350531
5,9,6,9, 0.101353944495
5,9,7,2,-0.060051907253
5,9,8,3,-0.060051907253
5,9,9,0, 0.150689784146
5,9,9,1, 0.092413057283
5,9,9,4, 0.043964823350
5,9,9,5, 0.152608082603
5,9,9,6, 0.101353944495
6,0,0,0, 0.452929928256
6,0,0,1, 0.269630333017
6,0,0,4, 0.015158269041
6,0,0,5, 0.322564274765
6,0,0,6, 0.244191965990
6,0,0,9,-0.270814313908
6,0,1,0, 0.269630333017
6,0,1,1, 0.291849494322
6,0,1,4, 0.011338873485
6,0,1,5, 0.233038760250
6,0,1,6, 0.272913744114
6,0,1,9,-0.086921892361
6,0,2,2, 0.414896037353
6,0,2,7, 0.281373278954
6,0,3,3, 0.414896037353
6,0,3,8, 0.281373278954
6,0,4,0, 0.015158269041
6,0,4,1, 0.011338873485
6,0,4,4, 0.415806826439
6,0,4,5, 0.230185404483
6,0,4,6, 0.057586701737
6,0,4,9, 0.045906657091
6,0,5,0, 0.322564274765
6,0,5,1, 0.233038760250
6,0,5,4, 0.230185404483
6,0,5,5, 0.410379827660
6,0,5,6, 0.250882816963
6,0,5,9,-0.058653709363
6,0,6,0, 0.244191965990
6,0,6,1, 0.272913744114
6,0,6,4, 0.057586701737
6,0,6,5, 0.250882816963
6,0,6,6, 0.281198150174
6,0,6,9,-0.044158007762
6,0,7,2, 0.281373278954
6,0,7,7, 0.380206167082
6,0,8,3, 0.281373278954
6,0,8,8, 0.380206167082
6,0,9,0,-0.270814313908
6,0,9,1,-0.086921892361
6,0,9,4, 0.045906657091
6,0,9,5,-0.058653709363
6,0,9,6,-0.044158007762
6,0,9,9, 0.397977057864
6,1,0,0, 0.467914202573
6,1,0,1, 0.299501042820
6,1,0,4, 0.020246073002
6,1,0,5, 0.346728957625
6,1,0,6, 0.272913744114
6,1,0,9,-0.261705192437
6,1,1,0, 0.299501042820
6,1,1,1, 0.366014614013
6,1,1,4, 0.017023235024
6,1,1,5, 0.272913744114
6,1,1,6, 0.347144666530
6,1,1,9,-0.071278280782
6,1,2,2, 0.452989748398
6,1,2,7, 0.315747601113
6,1,3,3, 0.452989748398
6,1,3,8, 0.315747601113
6,1,4,0, 0.020246073002
6,1,4,1, 0.017023235024
6,1,4,4, 0.454444339795
6,1,4,5, 0.261705192437
6,1,4,6, 0.071278280782
6,1,4,9, 0.064910359622
6,1,5,0, 0.346728957625
6,1,5,1, 0.272913744114
6,1,5,4, 0.261705192437
6,1,5,5, 0.467914202573
6,1,5,6, 0.299501042820
6,1,5,9,-0.020246073002
6,1,6,0, 0.272913744114
6,1,6,1, 0.347144666530
6,1,6,4, 0.071278280782
6,1,6,5, 0.299501042820
6,1,6,6, 0.366014614013
6,1,6,9,-0.017023235024
6,1,7,2, 0.315747601113
6,1,7,7, 0.452989748398
6,1,8,3, 0.315747601113
6,1,8,8, 0.452989748398
6,1,9,0,-0.261705192437
6,1,9,1,-0.071278280782
6,1,9,4, 0.064910359622
6,1,9,5,-0.020246073002
6,1,9,6,-0.017023235024
6,1,9,9, 0.454444339795
6,2,0,2, 0.090314830636
6,2,0,7, 0.061971575316
6,2,1,2, 0.064644164161
6,2,1,7, 0.051052283511
6,2,2,0, 0.090314830636
6,2,2,1, 0.064644164161
6,2,2,4, 0.005025021369
6,2,2,5, 0.063981309855
6,2,2,6, 0.058304396205
6,2,2,9,-0.060524422574
6,2,4,2, 0.005025021369
6,2,4,7, 0.044158210531
6,2,5,2, 0.063981309855
6,2,5,7, 0.072247521585
6,2,6,2, 0.058304396205
6,2,6,7, 0.053714899195
6,2,7,0, 0.061971575316
6,2,7,1, 0.051052283511
6,2,7,4, 0.044158210531
6,2,7,5, 0.072247521585
6,2,7,6, 0.053714899195
6,2,7,9,-0.022631608974
6,2,9,2,-0.060524422574
6,2,9,7,-0.022631608974
6,3,0,3, 0.090314830636
6,3,0,8, 0.061971575316
6,3,1,3, 0.064644164161
6,3,1,8, 0.051052283511
6,3,3,0, 0.090314830636
6,3,3,1, 0.064644164161
6,3,3,4, 0.005025021369
6,3,3,5, 0.063981309855
6,3,3,6, 0.058304396205
6,3,3,9,-0.060524422574
6,3,4,3, 0.005025021369
6,3,4,8, 0.044158210531
6,3,5,3, 0.063981309855
6,3,5,8, 0.072247521585
6,3,6,3, 0.058304396205
6,3,6,8, 0.053714899195
6,3,8,0, 0.061971575316
6,3,8,1, 0.051052283511
6,3,8,4, 0.044158210531
6,3,8,5, 0.072247521585
6,3,8,6, 0.053714899195
6,3,8,9,-0.022631608974
6,3,9,3,-0.060524422574
6,3,9,8,-0.022631608974
6,4,0,0, 0.083686884327
6,4,0,1, 0.052341959903
6,4,0,4, 0.092413057283
6,4,0,5, 0.108357728088
6,4,0,6, 0.057586701737
6,4,0,9,-0.036978717958
6,4,1,0, 0.052341959903
6,4,1,1, 0.059828795674
6,4,1,4, 0.066295607589
6,4,1,5, 0.086921892361
6,4,1,6, 0.071278280782
6,4,1,9, 0.007329397349
6,4,2,2, 0.077419334047
6,4,2,7, 0.093176667067
6,4,3,3, 0.077419334047
6,4,3,8, 0.093176667067
6,4,4,0, 0.092413057283
6,4,4,1, 0.066295607589
6,4,4,4, 0.087570079588
6,4,4,5, 0.141860454399
6,4,4,6, 0.071065694572
6,4,4,9,-0.004934692312
6,4,5,0, 0.108357728088
6,4,5,1, 0.086921892361
6,4,5,4, 0.141860454399
6,4,5,5, 0.193412907031
6,4,5,6, 0.101962927701
6,4,5,9, 0.024156350531
6,4,6,0, 0.057586701737
6,4,6,1, 0.071278280782
6,4,6,4, 0.071065694572
6,4,6,5, 0.101962927701
6,4,6,6, 0.088065544069
6,4,6,9, 0.021947105611
6,4,7,2, 0.093176667067
6,4,7,7, 0.169923917537
6,4,8,3, 0.093176667067
6,4,8,8, 0.169923917537
6,4,9,0,-0.036978717958
6,4,9,1, 0.007329397349
6,4,9,4,-0.004934692312
6,4,9,5, 0.024156350531
6,4,9,6, 0.021947105611
6,4,9,9, 0.142446824131
6,5,0,0, 0.434811607401
6,5,0,1, 0.268287308660
6,5,0,4, 0.073196114794
6,5,0,5, 0.350239286032
6,5,0,6, 0.250882816963
6,5,0,9,-0.237912501590
6,5,1,0, 0.268287308660
6,5,1,1, 0.305216364370
6,5,1,4, 0.055911073517
6,5,1,5, 0.269630333017
6,5,1,6, 0.299501042820
6,5,1,9,-0.052341959903
6,5,2,2, 0.403695215146
6,5,2,7, 0.305467190776
6,5,3,3, 0.403695215146
6,5,3,8, 0.305467190776
6,5,4,0, 0.073196114794
6,5,4,1, 0.055911073517
6,5,4,4, 0.428751140257
6,5,4,5, 0.304472352128
6,5,4,6, 0.101962927701
6,5,4,9, 0.053019673464
6,5,5,0, 0.350239286032
6,5,5,1, 0.269630333017
6,5,5,4, 0.304472352128
6,5,5,5, 0.504699283325
6,5,5,6, 0.300015949963
6,5,6,0, 0.250882816963
6,5,6,1, 0.299501042820
6,5,6,4, 0.101962927701
6,5,6,5, 0.300015949963
6,5,6,6, 0.324022459289
6,5,7,2, 0.305467190776
6,5,7,7, 0.462081934851
6,5,8,3, 0.305467190776
6,5,8,8, 0.462081934851
6,5,9,0,-0.237912501590
6,5,9,1,-0.052341959903
6,5,9,4, 0.053019673464
6,5,9,9, 0.462081934851
6,6,0,0, 0.473800853435
6,6,0,1, 0.305216364370
6,6,0,4, 0.039264511889
6,6,0,5, 0.363177716856
6,6,0,6, 0.281198150174
6,6,0,9,-0.258212839819
6,6,1,0, 0.305216364370
6,6,1,1, 0.378066837530
6,6,1,4, 0.033238668314
6,6,1,5, 0.291849494322
6,6,1,6, 0.366014614013
6,6,1,9,-0.059828795674
6,6,2,2, 0.459001840177
6,6,2,7, 0.330679125145
6,6,3,3, 0.459001840177
6,6,3,8, 0.330679125145
6,6,4,0, 0.039264511889
6,6,4,1, 0.033238668314
6,6,4,4, 0.464525536968
6,6,4,5, 0.289250460958
6,6,4,6, 0.088065544069
6,6,4,9, 0.069232165991
6,6,5,0, 0.363177716856
6,6,5,1, 0.291849494322
6,6,5,4, 0.289250460958
6,6,5,5, 0.507364877272
6,6,5,6, 0.324022459289
6,6,6,0, 0.281198150174
6,6,6,1, 0.366014614013
6,6,6,4, 0.088065544069
6,6,6,5, 0.324022459289
6,6,6,6, 0.394125899248
6,6,7,2, 0.330679125145
6,6,7,7, 0.491073083906
6,6,8,3, 0.330679125145
6,6,8,8, 0.491073083906
6,6,9,0,-0.258212839819
6,6,9,1,-0.059828795674
6,6,9,4, 0.069232165991
6,6,9,9, 0.491073083906
6,7,0,2, 0.074292294204
6,7,0,7, 0.069101742161
6,7,1,2, 0.055971017337
6,7,1,7, 0.064644164161
6,7,2,0, 0.074292294204
6,7,2,1, 0.055971017337
6,7,2,4, 0.026583654734
6,7,2,5, 0.066076853480
6,7,2,6, 0.053714899195
6,7,2,9,-0.043831546761
6,7,4,2, 0.026583654734
6,7,4,7, 0.068218635777
6,7,5,2, 0.066076853480
6,7,5,7, 0.101353944495
6,7,6,2, 0.053714899195
6,7,6,7, 0.072461555243
6,7,7,0, 0.069101742161
6,7,7,1, 0.064644164161
6,7,7,4, 0.068218635777
6,7,7,5, 0.101353944495
6,7,7,6, 0.072461555243
6,7,9,2,-0.043831546761
6,8,0,3, 0.074292294204
6,8,0,8, 0.069101742161
6,8,1,3, 0.055971017337
6,8,1,8, 0.064644164161
6,8,3,0, 0.074292294204
6,8,3,1, 0.055971017337
6,8,3,4, 0.026583654734
6,8,3,5, 0.066076853480
6,8,3,6, 0.053714899195
6,8,3,9,-0.043831546761
6,8,4,3, 0.026583654734
6,8,4,8, 0.068218635777
6,8,5,3, 0.066076853480
6,8,5,8, 0.101353944495
6,8,6,3, 0.053714899195
6,8,6,8, 0.072461555243
6,8,8,0, 0.069101742161
6,8,8,1, 0.064644164161
6,8,8,4, 0.068218635777
6,8,8,5, 0.101353944495
6,8,8,6, 0.072461555243
6,8,9,3,-0.043831546761
6,9,0,0,-0.120185504804
6,9,0,1,-0.055911073517
6,9,0,4, 0.029717537228
6,9,0,5,-0.051583681830
6,9,0,6,-0.044158007762
6,9,0,9, 0.104270900256
6,9,1,0,-0.055911073517
6,9,1,1,-0.033238668314
6,9,1,4, 0.027830819860
6,9,1,5,-0.011338873485
6,9,1,6,-0.017023235024
6,9,1,9, 0.066295607589
6,9,2,2,-0.101968025372
6,9,2,7,-0.043831546761
6,9,3,3,-0.101968025372
6,9,3,8,-0.043831546761
6,9,4,0, 0.029717537228
6,9,4,1, 0.027830819860
6,9,4,4,-0.069197314821
6,9,4,5, 0.009939430658
6,9,4,6, 0.021947105611
6,9,4,9, 0.020524446639
6,9,5,0,-0.051583681830
6,9,5,1,-0.011338873485
6,9,5,4, 0.009939430658
6,9,5,9, 0.101353944495
6,9,6,0,-0.044158007762
6,9,6,1,-0.017023235024
6,9,6,4, 0.021947105611
6,9,6,9, 0.072461555243
6,9,7,2,-0.043831546761
6,9,8,3,-0.043831546761
6,9,9,0, 0.104270900256
6,9,9,1, 0.066295607589
6,9,9,4, 0.020524446639
6,9,9,5, 0.101353944495
6,9,9,6, 0.072461555243
7,0,0,2, 0.096480133199
7,0,0,7, 0.078531693806
7,0,1,2, 0.066076853480
7,0,1,7, 0.063981309855
7,0,2,0, 0.096480133199
7,0,2,1, 0.066076853480
7,0,2,4, 0.026082831058
7,0,2,5, 0.077932967344
7,0,2,6, 0.061971575316
7,0,2,9,-0.064310215448
7,0,4,2, 0.026082831058
7,0,4,7, 0.068712495087
7,0,5,2, 0.077932967344
7,0,5,7, 0.101346994469
7,0,6,2, 0.061971575316
7,0,6,7, 0.069101742161
7,0,7,0, 0.078531693806
7,0,7,1, 0.063981309855
7,0,7,4, 0.068712495087
7,0,7,5, 0.101346994469
7,0,7,6, 0.069101742161
7,0,7,9,-0.021201914370
7,0,9,2,-0.064310215448
7,0,9,7,-0.021201914370
7,1,0,2, 0.072247521585
7,1,0,7, 0.063981309855
7,1,1,2, 0.053714899195
7,1,1,7, 0.058304396205
7,1,2,0, 0.072247521585
7,1,2,1, 0.053714899195
7,1,2,4, 0.022631608974
7,1,2,5, 0.061971575316
7,1,2,6, 0.051052283511
7,1,2,9,-0.044158210531
7,1,4,2, 0.022631608974
7,1,4,7, 0.060524422574
7,1,5,2, 0.061971575316
7,1,5,7, 0.090314830636
7,1,6,2, 0.051052283511
7,1,6,7, 0.064644164161
7,1,7,0, 0.063981309855
7,1,7,1, 0.058304396205
7,1,7,4, 0.060524422574
7,1,7,5, 0.090314830636
7,1,7,6, 0.064644164161
7,1,7,9,-0.005025021369
7,1,9,2,-0.044158210531
7,1,9,7,-0.005025021369
7,2,0,0, 0.505550128002
7,2,0,1, 0.305467190776
7,2,0,4, 0.060051907253
7,2,0,5, 0.382680298209
7,2,0,6, 0.281373278954
7,2,0,9,-0.299697353782
7,2,1,0, 0.305467190776
7,2,1,1, 0.330679125145
7,2,1,4, 0.043831546761
7,2,1,5, 0.281373278954
7,2,1,6, 0.315747601113
7,2,1,9,-0.093176667067
7,2,2,2, 0.509909775904
7,2,2,7, 0.368790249093
7,2,3,3, 0.452276210030
7,2,3,8, 0.323632259409
7,2,4,0, 0.060051907253
7,2,4,1, 0.043831546761
7,2,4,4, 0.466382863863
7,2,4,5, 0.299697353782
7,2,4,6, 0.093176667067
7,2,4,9, 0.038997386205
7,2,5,0, 0.382680298209
7,2,5,1, 0.281373278954
7,2,5,4, 0.299697353782
7,2,5,5, 0.505550128002
7,2,5,6, 0.305467190776
7,2,5,9,-0.060051907253
7,2,6,0, 0.281373278954
7,2,6,1, 0.315747601113
7,2,6,4, 0.093176667067
7,2,6,5, 0.305467190776
7,2,6,6, 0.330679125145
7,2,6,9,-0.043831546761
7,2,7,2, 0.368790249093
7,2,7,7, 0.509909775904
7,2,8,3, 0.323632259409
7,2,8,8, 0.452276210030
7,2,9,0,-0.299697353782
7,2,9,1,-0.093176667067
7,2,9,4, 0.038997386205
7,2,9,5,-0.060051907253
7,2,9,6,-0.043831546761
7,2,9,9, 0.466382863863
7,3,2,3, 0.028816782937
7,3,2,8, 0.022578994842
7,3,3,2, 0.028816782937
7,3,3,7, 0.022578994842
7,3,7,3, 0.022578994842
7,3,7,8, 0.028816782937
7,3,8,2, 0.022578994842
7,3,8,7, 0.028816782937
7,4,0,2, 0.060051907253
7,4,0,7, 0.068712495087
7,4,1,2, 0.043831546761
7,4,1,7, 0.060524422574
7,4,2,0, 0.060051907253
7,4,2,1, 0.043831546761
7,4,2,4, 0.042923436769
7,4,2,5, 0.064310215448
7,4,2,6, 0.044158210531
7,4,2,9,-0.034347979798
7,4,4,2, 0.042923436769
7,4,4,7, 0.079505969483
7,4,5,2, 0.064310215448
7,4,5,7, 0.107030941382
7,4,6,2, 0.044158210531
7,4,6,7, 0.068218635777
7,4,7,0, 0.068712495087
7,4,7,1, 0.060524422574
7,4,7,4, 0.079505969483
7,4,7,5, 0.107030941382
7,4,7,6, 0.068218635777
7,4,7,9,-0.000668909558
7,4,9,2,-0.034347979798
7,4,9,7,-0.000668909558
7,5,0,2, 0.102581931865
7,5,0,7, 0.101346994469
7,5,1,2, 0.074292294204
7,5,1,7, 0.090314830636
7,5,2,0, 0.102581931865
7,5,2,1, 0.074292294204
7,5,2,4, 0.046752762858
7,5,2,5, 0.096480133199
7,5,2,6, 0.072247521585
7,5,2,9,-0.060051907253
7,5,4,2, 0.046752762858
7,5,4,7, 0.107030941382
7,5,5,2, 0.096480133199
7,5,5,7, 0.152608082603
7,5,6,2, 0.072247521585
7,5,6,7, 0.101353944495
7,5,7,0, 0.101346994469
7,5,7,1, 0.090314830636
7,5,7,4, 0.107030941382
7,5,7,5, 0.152608082603
7,5,7,6, 0.101353944495
7,5,9,2,-0.060051907253
7,6,0,2, 0.074292294204
7,6,0,7, 0.069101742161
7,6,1,2, 0.055971017337
7,6,1,7, 0.064644164161
7,6,2,0, 0.074292294204
7,6,2,1, 0.055971017337
7,6,2,4, 0.026583654734
7,6,2,5, 0.066076853480
7,6,2,6, 0.053714899195
7,6,2,9,-0.043831546761
7,6,4,2, 0.026583654734
7,6,4,7, 0.068218635777
7,6,5,2, 0.066076853480
7,6,5,7, 0.101353944495
7,6,6,2, 0.053714899195
7,6,6,7, 0.072461555243
7,6,7,0, 0.069101742161
7,6,7,1, 0.064644164161
7,6,7,4, 0.068218635777
7,6,7,5, 0.101353944495
7,6,7,6, 0.072461555243
7,6,9,2,-0.043831546761
7,7,0,0, 0.646316112989
7,7,0,1, 0.403695215146
7,7,0,4, 0.132598228710
7,7,0,5, 0.533727485105
7,7,0,6, 0.380206167082
7,7,0,9,-0.351024395922
7,7,1,0, 0.403695215146
7,7,1,1, 0.459001840177
7,7,1,4, 0.101968025372
7,7,1,5, 0.414896037353
7,7,1,6, 0.452989748398
7,7,1,9,-0.077419334047
7,7,2,2, 0.643356339103
7,7,2,7, 0.509909775904
7,7,3,3, 0.586544408818
7,7,3,8, 0.452276210030
7,7,4,0, 0.132598228710
7,7,4,1, 0.101968025372
7,7,4,4, 0.643351327636
7,7,4,5, 0.477067827288
7,7,4,6, 0.169923917537
7,7,4,9, 0.071818696628
7,7,5,0, 0.533727485105
7,7,5,1, 0.414896037353
7,7,5,4, 0.477067827288
7,7,5,5, 0.775037038942
7,7,5,6, 0.462081934851
7,7,6,0, 0.380206167082
7,7,6,1, 0.452989748398
7,7,6,4, 0.169923917537
7,7,6,5, 0.462081934851
7,7,6,6, 0.491073083906
7,7,7,2, 0.509909775904
7,7,7,7, 0.785718708997
7,7,8,3, 0.452276210030
7,7,8,8, 0.689508254834
7,7,9,0,-0.351024395922
7,7,9,1,-0.077419334047
7,7,9,4, 0.071818696628
7,7,9,9, 0.689508254834
7,8,2,3, 0.028405965143
7,8,2,8, 0.028816782937
7,8,3,2, 0.028405965143
7,8,3,7, 0.028816782937
7,8,7,3, 0.028816782937
7,8,7,8, 0.048105227081
7,8,8,2, 0.028816782937
7,8,8,7, 0.048105227081
7,9,0,2,-0.046752762858
7,9,0,7,-0.021201914370
7,9,1,2,-0.026583654734
7,9,1,7,-0.005025021369
7,9,2,0,-0.046752762858
7,9,2,1,-0.026583654734
7,9,2,4,-0.000728886358
7,9,2,5,-0.026082831058
7,9,2,6,-0.022631608974
7,9,2,9, 0.042923436769
7,9,4,2,-0.000728886358
7,9,4,7,-0.000668909558
7,9,5,2,-0.026082831058
7,9,6,2,-0.022631608974
7,9,7,0,-0.021201914370
7,9,7,1,-0.005025021369
7,9,7,4,-0.000668909558
7,9,7,9, 0.048105227081
7,9,9,2, 0.042923436769
7,9,9,7, 0.048105227081
8,0,0,3, 0.096480133199
8,0,0,8, 0.078531693806
8,0,1,3, 0.066076853480
8,0,1,8, 0.063981309855
8,0,3,0, 0.096480133199
8,0,3,1, 0.066076853480
8,0,3,4, 0.026082831058
8,0,3,5, 0.077932967344
8,0,3,6, 0.061971575316
8,0,3,9,-0.064310215448
8,0,4,3, 0.026082831058
8,0,4,8, 0.068712495087
8,0,5,3, 0.077932967344
8,0,5,8, 0.101346994469
8,0,6,3, 0.061971575316
8,0,6,8, 0.069101742161
8,0,8,0, 0.078531693806
8,0,8,1, 0.063981309855
8,0,8,4, 0.068712495087
8,0,8,5, 0.101346994469
8,0,8,6, 0.069101742161
8,0,8,9,-0.021201914370
8,0,9,3,-0.064310215448
8,0,9,8,-0.021201914370
8,1,0,3, 0.072247521585
8,1,0,8, 0.063981309855
8,1,1,3, 0.053714899195
8,1,1,8, 0.058304396205
8,1,3,0, 0.072247521585
8,1,3,1, 0.053714899195
8,1,3,4, 0.022631608974
8,1,3,5, 0.061971575316
8,1,3,6, 0.051052283511
8,1,3,9,-0.044158210531
8,1,4,3, 0.022631608974
8,1,4,8, 0.060524422574
8,1,5,3, 0.061971575316
8,1,5,8, 0.090314830636
8,1,6,3, 0.051052283511
8,1,6,8, 0.064644164161
8,1,8,0, 0.063981309855
8,1,8,1, 0.058304396205
8,1,8,4, 0.060524422574
8,1,8,5, 0.090314830636
8,1,8,6, 0.064644164161
8,1,8,9,-0.005025021369
8,1,9,3,-0.044158210531
8,1,9,8,-0.005025021369
8,2,2,3, 0.028816782937
8,2,2,8, 0.022578994842
8,2,3,2, 0.028816782937
8,2,3,7, 0.022578994842
8,2,7,3, 0.022578994842
8,2,7,8, 0.028816782937
8,2,8,2, 0.022578994842
8,2,8,7, 0.028816782937
8,3,0,0, 0.505550128002
8,3,0,1, 0.305467190776
8,3,0,4, 0.060051907253
8,3,0,5, 0.382680298209
8,3,0,6, 0.281373278954
8,3,0,9,-0.299697353782
8,3,1,0, 0.305467190776
8,3,1,1, 0.330679125145
8,3,1,4, 0.043831546761
8,3,1,5, 0.281373278954
8,3,1,6, 0.315747601113
8,3,1,9,-0.093176667067
8,3,2,2, 0.452276210030
8,3,2,7, 0.323632259409
8,3,3,3, 0.509909775904
8,3,3,8, 0.368790249093
8,3,4,0, 0.060051907253
8,3,4,1, 0.043831546761
8,3,4,4, 0.466382863863
8,3,4,5, 0.299697353782
8,3,4,6, 0.093176667067
8,3,4,9, 0.038997386205
8,3,5,0, 0.382680298209
8,3,5,1, 0.281373278954
8,3,5,4, 0.299697353782
8,3,5,5, 0.505550128002
8,3,5,6, 0.305467190776
8,3,5,9,-0.060051907253
8,3,6,0, 0.281373278954
8,3,6,1, 0.315747601113
8,3,6,4, 0.093176667067
8,3,6,5, 0.305467190776
8,3,6,6, 0.330679125145
8,3,6,9,-0.043831546761
8,3,7,2, 0.323632259409
8,3,7,7, 0.452276210030
8,3,8,3, 0.368790249093
8,3,8,8, 0.509909775904
8,3,9,0,-0.299697353782
8,3,9,1,-0.093176667067
8,3,9,4, 0.038997386205
8,3,9,5,-0.060051907253
8,3,9,6,-0.043831546761
8,3,9,9, 0.466382863863
8,4,0,3, 0.060051907253
8,4,0,8, 0.068712495087
8,4,1,3, 0.043831546761
8,4,1,8, 0.060524422574
8,4,3,0, 0.060051907253
8,4,3,1, 0.043831546761
8,4,3,4, 0.042923436769
8,4,3,5, 0.064310215448
8,4,3,6, 0.044158210531
8,4,3,9,-0.034347979798
8,4,4,3, 0.042923436769
8,4,4,8, 0.079505969483
8,4,5,3, 0.064310215448
8,4,5,8, 0.107030941382
8,4,6,3, 0.044158210531
8,4,6,8, 0.068218635777
8,4,8,0, 0.068712495087
8,4,8,1, 0.060524422574
8,4,8,4, 0.079505969483
8,4,8,5, 0.107030941382
8,4,8,6, 0.068218635777
8,4,8,9,-0.000668909558
8,4,9,3,-0.034347979798
8,4,9,8,-0.000668909558
8,5,0,3, 0.102581931865
8,5,0,8, 0.101346994469
8,5,1,3, 0.074292294204
8,5,1,8, 0.090314830636
8,5,3,0, 0.102581931865
8,5,3,1, 0.074292294204
8,5,3,4, 0.046752762858
8,5,3,5, 0.096480133199
8,5,3,6, 0.072247521585
8,5,3,9,-0.060051907253
8,5,4,3, 0.046752762858
8,5,4,8, 0.107030941382
8,5,5,3, 0.096480133199
8,5,5,8, 0.152608082603
8,5,6,3, 0.072247521585
8,5,6,8, 0.101353944495
8,5,8,0, 0.101346994469
8,5,8,1, 0.090314830636
8,5,8,4, 0.107030941382
8,5,8,5, 0.152608082603
8,5,8,6, 0.101353944495
8,5,9,3,-0.060051907253
8,6,0,3, 0.074292294204
8,6,0,8, 0.069101742161
8,6,1,3, 0.055971017337
8,6,1,8, 0.064644164161
8,6,3,0, 0.074292294204
8,6,3,1, 0.055971017337
8,6,3,4, 0.026583654734
8,6,3,5, 0.066076853480
8,6,3,6, 0.053714899195
8,6,3,9,-0.043831546761
8,6,4,3, 0.026583654734
8,6,4,8, 0.068218635777
8,6,5,3, 0.066076853480
8,6,5,8, 0.101353944495
8,6,6,3, 0.053714899195
8,6,6,8, 0.072461555243
8,6,8,0, 0.069101742161
8,6,8,1, 0.064644164161
8,6,8,4, 0.068218635777
8,6,8,5, 0.101353944495
8,6,8,6, 0.072461555243
8,6,9,3,-0.043831546761
8,7,2,3, 0.028405965143
8,7,2,8, 0.028816782937
8,7,3,2, 0.028405965143
8,7,3,7, 0.028816782937
8,7,7,3, 0.028816782937
8,7,7,8, 0.048105227081
8,7,8,2, 0.028816782937
8,7,8,7, 0.048105227081
8,8,0,0, 0.646316112989
8,8,0,1, 0.403695215146
8,8,0,4, 0.132598228710
8,8,0,5, 0.533727485105
8,8,0,6, 0.380206167082
8,8,0,9,-0.351024395922
8,8,1,0, 0.403695215146
8,8,1,1, 0.459001840177
8,8,1,4, 0.101968025372
8,8,1,5, 0.414896037353
8,8,1,6, 0.452989748398
8,8,1,9,-0.077419334047
8,8,2,2, 0.586544408818
8,8,2,7, 0.452276210030
8,8,3,3, 0.643356339103
8,8,3,8, 0.509909775904
8,8,4,0, 0.132598228710
8,8,4,1, 0.101968025372
8,8,4,4, 0.643351327636
8,8,4,5, 0.477067827288
8,8,4,6, 0.169923917537
8,8,4,9, 0.071818696628
8,8,5,0, 0.533727485105
8,8,5,1, 0.414896037353
8,8,5,4, 0.477067827288
8,8,5,5, 0.775037038942
8,8,5,6, 0.462081934851
8,8,6,0, 0.380206167082
8,8,6,1, 0.452989748398
8,8,6,4, 0.169923917537
8,8,6,5, 0.462081934851
8,8,6,6, 0.491073083906
8,8,7,2, 0.452276210030
8,8,7,7, 0.689508254834
8,8,8,3, 0.509909775904
8,8,8,8, 0.785718708997
8,8,9,0,-0.351024395922
8,8,9,1,-0.077419334047
8,8,9,4, 0.071818696628
8,8,9,9, 0.689508254834
8,9,0,3,-0.046752762858
8,9,0,8,-0.021201914370
8,9,1,3,-0.026583654734
8,9,1,8,-0.005025021369
8,9,3,0,-0.046752762858
8,9,3,1,-0.026583654734
8,9,3,4,-0.000728886358
8,9,3,5,-0.026082831058
8,9,3,6,-0.022631608974
8,9,3,9, 0.042923436769
8,9,4,3,-0.000728886358
8,9,4,8,-0.000668909558
8,9,5,3,-0.026082831058
8,9,6,3,-0.022631608974
8,9,8,0,-0.021201914370
8,9,8,1,-0.005025021369
8,9,8,4,-0.000668909558
8,9,8,9, 0.048105227081
8,9,9,3, 0.042923436769
8,9,9,8, 0.048105227081
9,0,0,0,-0.561751613973
9,0,0,1,-0.304472352128
9,0,0,4, 0.008720810410
9,0,0,5,-0.362020445646
9,0,0,6,-0.270814313908
9,0,0,9, 0.371779449353
9,0,1,0,-0.304472352128
9,0,1,1,-0.289250460958
9,0,1,4, 0.009939430658
9,0,1,5,-0.230185404483
9,0,1,6,-0.261705192437
9,0,1,9, 0.141860454399
9,0,2,2,-0.477067827288
9,0,2,7,-0.299697353782
9,0,3,3,-0.477067827288
9,0,3,8,-0.299697353782
9,0,4,0, 0.008720810410
9,0,4,1, 0.009939430658
9,0,4,4,-0.450075466597
9,0,4,5,-0.209229863152
9,0,4,6,-0.036978717958
9,0,4,9,-0.023924624033
9,0,5,0,-0.362020445646
9,0,5,1,-0.230185404483
9,0,5,4,-0.209229863152
9,0,5,5,-0.393276510736
9,0,5,6,-0.237912501590
9,0,5,9, 0.150689784146
9,0,6,0,-0.270814313908
9,0,6,1,-0.261705192437
9,0,6,4,-0.036978717958
9,0,6,5,-0.237912501590
9,0,6,6,-0.258212839819
9,0,6,9, 0.104270900256
9,0,7,2,-0.299697353782
9,0,7,7,-0.351024395922
9,0,8,3,-0.299697353782
9,0,8,8,-0.351024395922
9,0,9,0, 0.371779449353
9,0,9,1, 0.141860454399
9,0,9,4,-0.023924624033
9,0,9,5, 0.150689784146
9,0,9,6, 0.104270900256
9,0,9,9,-0.409969433581
9,1,0,0,-0.193412907031
9,1,0,1,-0.101962927701
9,1,0,4, 0.024156350531
9,1,0,5,-0.108357728088
9,1,0,6,-0.086921892361
9,1,0,9, 0.141860454399
9,1,1,0,-0.101962927701
9,1,1,1,-0.088065544069
9,1,1,4, 0.021947105611
9,1,1,5,-0.057586701737
9,1,1,6,-0.071278280782
9,1,1,9, 0.071065694572
9,1,2,2,-0.169923917537
9,1,2,7,-0.093176667067
9,1,3,3,-0.169923917537
9,1,3,8,-0.093176667067
9,1,4,0, 0.024156350531
9,1,4,1, 0.021947105611
9,1,4,4,-0.142446824131
9,1,4,5,-0.036978717958
9,1,4,6, 0.007329397349
9,1,4,9, 0.004934692312
9,1,5,0,-0.108357728088
9,1,5,1,-0.057586701737
9,1,5,4,-0.036978717958
9,1,5,5,-0.083686884327
9,1,5,6,-0.052341959903
9,1,5,9, 0.092413057283
9,1,6,0,-0.086921892361
9,1,6,1,-0.071278280782
9,1,6,4, 0.007329397349
9,1,6,5,-0.052341959903
9,1,6,6,-0.059828795674
9,1,6,9, 0.066295607589
9,1,7,2,-0.093176667067
9,1,7,7,-0.077419334047
9,1,8,3,-0.093176667067
9,1,8,8,-0.077419334047
9,1,9,0, 0.141860454399
9,1,9,1, 0.071065694572
9,1,9,4, 0.004934692312
9,1,9,5, 0.092413057283
9,1,9,6, 0.066295607589
9,1,9,9,-0.087570079588
9,2,0,2,-0.107030941382
9,2,0,7,-0.064310215448
9,2,1,2,-0.068218635777
9,2,1,7,-0.044158210531
9,2,2,0,-0.107030941382
9,2,2,1,-0.068218635777
9,2,2,4,-0.000668909558
9,2,2,5,-0.068712495087
9,2,2,6,-0.060524422574
9,2,2,9, 0.079505969483
9,2,4,2,-0.000668909558
9,2,4,7,-0.034347979798
9,2,5,2,-0.068712495087
9,2,5,7,-0.060051907253
9,2,6,2,-0.060524422574
9,2,6,7,-0.043831546761
9,2,7,0,-0.064310215448
9,2,7,1,-0.044158210531
9,2,7,4,-0.034347979798
9,2,7,5,-0.060051907253
9,2,7,6,-0.043831546761
9,2,7,9, 0.042923436769
9,2,9,2, 0.079505969483
9,2,9,7, 0.042923436769
9,3,0,3,-0.107030941382
9,3,0,8,-0.064310215448
9,3,1,3,-0.068218635777
9,3,1,8,-0.044158210531
9,3,3,0,-0.107030941382
9,3,3,1,-0.068218635777
9,3,3,4,-0.000668909558
9,3,3,5,-0.068712495087
9,3,3,6,-0.060524422574
9,3,3,9, 0.079505969483
9,3,4,3,-0.000668909558
9,3,4,8,-0.034347979798
9,3,5,3,-0.068712495087
9,3,5,8,-0.060051907253
9,3,6,3,-0.060524422574
9,3,6,8,-0.043831546761
9,3,8,0,-0.064310215448
9,3,8,1,-0.044158210531
9,3,8,4,-0.034347979798
9,3,8,5,-0.060051907253
9,3,8,6,-0.043831546761
9,3,8,9, 0.042923436769
9,3,9,3, 0.079505969483
9,3,9,8, 0.042923436769
9,4,0,0, 0.074868131547
9,4,0,1, 0.053019673464
9,4,0,4,-0.043964823350
9,4,0,5, 0.043862261359
9,4,0,6, 0.045906657091
9,4,0,9,-0.023924624033
9,4,1,0, 0.053019673464
9,4,1,1, 0.069232165991
9,4,1,4,-0.020524446639
9,4,1,5, 0.045906657091
9,4,1,6, 0.064910359622
9,4,1,9, 0.004934692312
9,4,2,2, 0.071818696628
9,4,2,7, 0.038997386205
9,4,3,3, 0.071818696628
9,4,3,8, 0.038997386205
9,4,4,0,-0.043964823350
9,4,4,1,-0.020524446639
9,4,4,4, 0.098559116430
9,4,4,5, 0.023924624033
9,4,4,6,-0.004934692312
9,4,4,9, 0.057867910790
9,4,5,0, 0.043862261359
9,4,5,1, 0.045906657091
9,4,5,4, 0.023924624033
9,4,5,5, 0.074868131547
9,4,5,6, 0.053019673464
9,4,5,9, 0.043964823350
9,4,6,0, 0.045906657091
9,4,6,1, 0.064910359622
9,4,6,4,-0.004934692312
9,4,6,5, 0.053019673464
9,4,6,6, 0.069232165991
9,4,6,9, 0.020524446639
9,4,7,2, 0.038997386205
9,4,7,7, 0.071818696628
9,4,8,3, 0.038997386205
9,4,8,8, 0.071818696628
9,4,9,0,-0.023924624033
9,4,9,1, 0.004934692312
9,4,9,4, 0.057867910790
9,4,9,5, 0.043964823350
9,4,9,6, 0.020524446639
9,4,9,9, 0.098559116430
9,5,0,0,-0.167201922096
9,5,0,1,-0.073196114794
9,5,0,4, 0.025410955473
9,5,0,5,-0.075049877951
9,5,0,6,-0.058653709363
9,5,0,9, 0.150689784146
9,5,1,0,-0.073196114794
9,5,1,1,-0.039264511889
9,5,1,4, 0.029717537228
9,5,1,5,-0.015158269041
9,5,1,6,-0.020246073002
9,5,1,9, 0.092413057283
9,5,2,2,-0.132598228710
9,5,2,7,-0.060051907253
9,5,3,3,-0.132598228710
9,5,3,8,-0.060051907253
9,5,4,0, 0.025410955473
9,5,4,1, 0.029717537228
9,5,4,4,-0.085636634570
9,5,4,5, 0.008720810410
9,5,4,6, 0.024156350531
9,5,4,9, 0.043964823350
9,5,5,0,-0.075049877951
9,5,5,1,-0.015158269041
9,5,5,4, 0.008720810410
9,5,5,9, 0.152608082603
9,5,6,0,-0.058653709363
9,5,6,1,-0.020246073002
9,5,6,4, 0.024156350531
9,5,6,9, 0.101353944495
9,5,7,2,-0.060051907253
9,5,8,3,-0.060051907253
9,5,9,0, 0.150689784146
9,5,9,1, 0.092413057283
9,5,9,4, 0.043964823350
9,5,9,5, 0.152608082603
9,5,9,6, 0.101353944495
9,6,0,0,-0.120185504804
9,6,0,1,-0.055911073517
9,6,0,4, 0.029717537228
9,6,0,5,-0.051583681830
9,6,0,6,-0.044158007762
9,6,0,9, 0.104270900256
9,6,1,0,-0.055911073517
9,6,1,1,-0.033238668314
9,6,1,4, 0.027830819860
9,6,1,5,-0.011338873485
9,6,1,6,-0.017023235024
9,6,1,9, 0.066295607589
9,6,2,2,-0.101968025372
9,6,2,7,-0.043831546761
9,6,3,3,-0.101968025372
9,6,3,8,-0.043831546761
9,6,4,0, 0.029717537228
9,6,4,1, 0.027830819860
9,6,4,4,-0.069197314821
9,6,4,5, 0.009939430658
9,6,4,6, 0.021947105611
9,6,4,9, 0.020524446639
9,6,5,0,-0.051583681830
9,6,5,1,-0.011338873485
9,6,5,4, 0.009939430658
9,6,5,9, 0.101353944495
9,6,6,0,-0.044158007762
9,6,6,1,-0.017023235024
9,6,6,4, 0.021947105611
9,6,6,9, 0.072461555243
9,6,7,2,-0.043831546761
9,6,8,3,-0.043831546761
9,6,9,0, 0.104270900256
9,6,9,1, 0.066295607589
9,6,9,4, 0.020524446639
9,6,9,5, 0.101353944495
9,6,9,6, 0.072461555243
9,7,0,2,-0.046752762858
9,7,0,7,-0.021201914370
9,7,1,2,-0.026583654734
9,7,1,7,-0.005025021369
9,7,2,0,-0.046752762858
9,7,2,1,-0.026583654734
9,7,2,4,-0.000728886358
9,7,2,5,-0.026082831058
9,7,2,6,-0.022631608974
9,7,2,9, 0.042923436769
9,7,4,2,-0.000728886358
9,7,4,7,-0.000668909558
9,7,5,2,-0.026082831058
9,7,6,2,-0.022631608974
9,7,7,0,-0.021201914370
9,7,7,1,-0.005025021369
9,7,7,4,-0.000668909558
9,7,7,9, 0.048105227081
9,7,9,2, 0.042923436769
9,7,9,7, 0.048105227081
9,8,0,3,-0.046752762858
9,8,0,8,-0.021201914370
9,8,1,3,-0.026583654734
9,8,1,8,-0.005025021369
9,8,3,0,-0.046752762858
9,8,3,1,-0.026583654734
9,8,3,4,-0.000728886358
9,8,3,5,-0.026082831058
9,8,3,6,-0.022631608974
9,8,3,9, 0.042923436769
9,8,4,3,-0.000728886358
9,8,4,8,-0.000668909558
9,8,5,3,-0.026082831058
9,8,6,3,-0.022631608974
9,8,8,0,-0.021201914370
9,8,8,1,-0.005025021369
9,8,8,4,-0.000668909558
9,8,8,9, 0.048105227081
9,8,9,3, 0.042923436769
9,8,9,8, 0.048105227081
9,9,0,0, 0.728147494244
9,9,0,1, 0.428751140257
9,9,0,4, 0.085636634570
9,9,0,5, 0.555493510259
9,9,0,6, 0.397977057864
9,9,0,9,-0.409969433581
9,9,1,0, 0.428751140257
9,9,1,1, 0.464525536968
9,9,1,4, 0.069197314821
9,9,1,5, 0.415806826439
9,9,1,6, 0.454444339795
9,9,1,9,-0.087570079588
9,9,2,2, 0.643351327636
9,9,2,7, 0.466382863863
9,9,3,3, 0.643351327636
9,9,3,8, 0.466382863863
9,9,4,0, 0.085636634570
9,9,4,1, 0.069197314821
9,9,4,4, 0.673593807319
9,9,4,5, 0.450075466597
9,9,4,6, 0.142446824131
9,9,4,9, 0.098559116430
9,9,5,0, 0.555493510259
9,9,5,1, 0.415806826439
9,9,5,4, 0.450075466597
9,9,5,5, 0.775037038942
9,9,5,6, 0.462081934851
9,9,6,0, 0.397977057864
9,9,6,1, 0.454444339795
9,9,6,4, 0.142446824131
9,9,6,5, 0.462081934851
9,9,6,6, 0.491073083906
9,9,7,2, 0.466382863863
9,9,7,7, 0.689508254834
9,9,8,3, 0.466382863863
9,9,8,8, 0.689508254834
9,9,9,0,-0.409969433581
9,9,9,1,-0.087570079588
9,9,9,4, 0.098559116430
9,9,9,9, 0.785718708997
