0,0,0,0, 0.897251802255
0,0,0,1, 0.504699283325
0,0,0,5, 0.013056175218
0,0,0,6, 0.109440439555
0,0,0,9,-0.015577521587
0,0,1,0, 0.504699283325
0,0,1,1, 0.507364877272
0,0,1,5, 0.052574083785
0,0,1,6, 0.164698853091
0,0,1,9,-0.047473943239
0,0,2,2, 0.775037038942
0,0,2,7, 0.002186185215
0,0,3,3, 0.775037038942
0,0,3,8, 0.002186185215
0,0,4,4, 0.775037038942
0,0,4,5, 0.017780201047
0,0,4,6, 0.072528532236
0,0,4,9,-0.022836405678
0,0,5,0, 0.013056175218
0,0,5,1, 0.052574083785
0,0,5,4, 0.017780201047
0,0,5,5, 0.260382002726
0,0,5,6, 0.178191349215
0,0,5,9,-0.042616126495
0,0,6,0, 0.109440439555
0,0,6,1, 0.164698853091
0,0,6,4, 0.072528532236
0,0,6,5, 0.178191349215
0,0,6,6, 0.256504121908
0,0,6,9,-0.039883971380
0,0,7,2, 0.002186185215
0,0,7,7, 0.254338090811
0,0,8,3, 0.002186185215
0,0,8,8, 0.254338090811
0,0,9,0,-0.015577521587
0,0,9,1,-0.047473943239
0,0,9,4,-0.022836405678
0,0,9,5,-0.042616126495
0,0,9,6,-0.039883971380
0,0,9,9, 0.272483455658
0,1,0,0, 0.504699283325
0,1,0,1, 0.300015949963
0,1,0,5, 0.008465744977
0,1,0,6, 0.066342543843
0,1,0,9,-0.010299428825
0,1,1,0, 0.300015949963
0,1,1,1, 0.324022459289
0,1,1,5, 0.035605234969
0,1,1,6, 0.108032973041
0,1,1,9,-0.032100118423
0,1,2,2, 0.462081934851
0,1,2,7, 0.001450748601
0,1,3,3, 0.462081934851
0,1,3,8, 0.001450748601
0,1,4,4, 0.462081934851
0,1,4,5, 0.011528602458
0,1,4,6, 0.045702822748
0,1,4,9,-0.015015566269
0,1,5,0, 0.008465744977
0,1,5,1, 0.035605234969
0,1,5,4, 0.011528602458
0,1,5,5, 0.178191349215
0,1,5,6, 0.121768720707
0,1,5,9,-0.028969495589
0,1,6,0, 0.066342543843
0,1,6,1, 0.108032973041
0,1,6,4, 0.045702822748
0,1,6,5, 0.121768720707
0,1,6,6, 0.174188878283
0,1,6,9,-0.026961921737
0,1,7,2, 0.001450748601
0,1,7,7, 0.174133726856
0,1,8,3, 0.001450748601
0,1,8,8, 0.174133726856
0,1,9,0,-0.010299428825
0,1,9,1,-0.032100118423
0,1,9,4,-0.015015566269
0,1,9,5,-0.028969495589
0,1,9,6,-0.026961921737
0,1,9,9, 0.186230499908
0,2,0,2, 0.152608082603
0,2,0,7, 0.000420944318
0,2,1,2, 0.101353944495
0,2,1,7, 0.002209304431
0,2,2,0, 0.152608082603
0,2,2,1, 0.101353944495
0,2,2,5, 0.001060101837
0,2,2,6, 0.019787835570
0,2,2,9,-0.000790450520
0,2,4,7, 0.000530385162
0,2,5,2, 0.001060101837
0,2,5,7, 0.006986505294
0,2,6,2, 0.019787835570
0,2,6,7, 0.006543402826
0,2,7,0, 0.000420944318
0,2,7,1, 0.002209304431
0,2,7,4, 0.000530385162
0,2,7,5, 0.006986505294
0,2,7,6, 0.006543402826
0,2,7,9,-0.002980075745
0,2,9,2,-0.000790450520
0,2,9,7,-0.002980075745
0,3,0,3, 0.152608082603
0,3,0,8, 0.000420944318
0,3,1,3, 0.101353944495
0,3,1,8, 0.002209304431
0,3,3,0, 0.152608082603
0,3,3,1, 0.101353944495
0,3,3,5, 0.001060101837
0,3,3,6, 0.019787835570
0,3,3,9,-0.000790450520
0,3,4,8, 0.000530385162
0,3,5,3, 0.001060101837
0,3,5,8, 0.006986505294
0,3,6,3, 0.019787835570
0,3,6,8, 0.006543402826
0,3,8,0, 0.000420944318
0,3,8,1, 0.002209304431
0,3,8,4, 0.000530385162
0,3,8,5, 0.006986505294
0,3,8,6, 0.006543402826
0,3,8,9,-0.002980075745
0,3,9,3,-0.000790450520
0,3,9,8,-0.002980075745
0,4,0,4, 0.152608082603
0,4,0,5, 0.003230364745
0,4,0,6, 0.013106394744
0,4,0,9,-0.004088555960
0,4,1,4, 0.101353944495
0,4,1,5, 0.010213158860
0,4,1,6, 0.022134926398
0,4,1,9,-0.010944300228
0,4,2,7, 0.000530385162
0,4,3,8, 0.000530385162
0,4,4,0, 0.152608082603
0,4,4,1, 0.101353944495
0,4,4,5, 0.004960014405
0,4,4,6, 0.026369904316
0,4,4,9,-0.006428643991
0,4,5,0, 0.003230364745
0,4,5,1, 0.010213158860
0,4,5,4, 0.004960014405
0,4,5,5, 0.042616126495
0,4,5,6, 0.028969495589
0,4,5,9,-0.013914824115
0,4,6,0, 0.013106394744
0,4,6,1, 0.022134926398
0,4,6,4, 0.026369904316
0,4,6,5, 0.028969495589
0,4,6,6, 0.037929978811
0,4,6,9,-0.012900304616
0,4,7,2, 0.000530385162
0,4,7,7, 0.039675320612
0,4,8,3, 0.000530385162
0,4,8,8, 0.039675320612
0,4,9,0,-0.004088555960
0,4,9,1,-0.010944300228
0,4,9,4,-0.006428643991
0,4,9,5,-0.013914824115
0,4,9,6,-0.012900304616
0,4,9,9, 0.048535167910
0,5,0,0, 0.013056175218
0,5,0,1, 0.008465744977
0,5,0,4, 0.003230364745
0,5,0,5, 0.000513590462
0,5,0,6, 0.002473060733
0,5,0,9,-0.000705462966
0,5,1,0, 0.008465744977
0,5,1,1, 0.010468887432
0,5,1,4, 0.002670992587
0,5,1,5, 0.002473060733
0,5,1,6, 0.005260458299
0,5,1,9,-0.002420700700
0,5,2,2, 0.012207504002
0,5,2,7, 0.000089682313
0,5,3,3, 0.012207504002
0,5,3,8, 0.000089682313
0,5,4,0, 0.003230364745
0,5,4,1, 0.002670992587
0,5,4,4, 0.013959002172
0,5,4,5, 0.000705462966
0,5,4,6, 0.002420700700
0,5,4,9,-0.001011025550
0,5,5,0, 0.000513590462
0,5,5,1, 0.002473060733
0,5,5,4, 0.000705462966
0,5,5,5, 0.013056175218
0,5,5,6, 0.008465744977
0,5,5,9,-0.003230364745
0,5,6,0, 0.002473060733
0,5,6,1, 0.005260458299
0,5,6,4, 0.002420700700
0,5,6,5, 0.008465744977
0,5,6,6, 0.010468887432
0,5,6,9,-0.002670992587
0,5,7,2, 0.000089682313
0,5,7,7, 0.012207504002
0,5,8,3, 0.000089682313
0,5,8,8, 0.012207504002
0,5,9,0,-0.000705462966
0,5,9,1,-0.002420700700
0,5,9,4,-0.001011025550
0,5,9,5,-0.003230364745
0,5,9,6,-0.002670992587
0,5,9,9, 0.013959002172
0,6,0,0, 0.109440439555
0,6,0,1, 0.066342543843
0,6,0,4, 0.013106394744
0,6,0,5, 0.002473060733
0,6,0,6, 0.016406794033
0,6,0,9,-0.003124491152
0,6,1,0, 0.066342543843
0,6,1,1, 0.073863457134
0,6,1,4, 0.010011235956
0,6,1,5, 0.010566135961
0,6,1,6, 0.028770950464
0,6,1,9,-0.009876811648
0,6,2,2, 0.100898568391
0,6,2,7, 0.000429555884
0,6,3,3, 0.100898568391
0,6,3,8, 0.000429555884
0,6,4,0, 0.013106394744
0,6,4,1, 0.010011235956
0,6,4,4, 0.103776142830
0,6,4,5, 0.003416646393
0,6,4,6, 0.013433716302
0,6,4,9,-0.004567086643
0,6,5,0, 0.002473060733
0,6,5,1, 0.010566135961
0,6,5,4, 0.003416646393
0,6,5,5, 0.052574083785
0,6,5,6, 0.035605234969
0,6,5,9,-0.010213158860
0,6,6,0, 0.016406794033
0,6,6,1, 0.028770950464
0,6,6,4, 0.013433716302
0,6,6,5, 0.035605234969
0,6,6,6, 0.049114800782
0,6,6,9,-0.009259412171
0,6,7,2, 0.000429555884
0,6,7,7, 0.050859026503
0,6,8,3, 0.000429555884
0,6,8,8, 0.050859026503
0,6,9,0,-0.003124491152
0,6,9,1,-0.009876811648
0,6,9,4,-0.004567086643
0,6,9,5,-0.010213158860
0,6,9,6,-0.009259412171
0,6,9,9, 0.055673700777
0,7,0,2, 0.000420944318
0,7,0,7, 0.000031773275
0,7,1,2, 0.000370094267
0,7,1,7, 0.000251520328
0,7,2,0, 0.000420944318
0,7,2,1, 0.000370094267
0,7,2,4, 0.000253113677
0,7,2,5, 0.000023875560
0,7,2,6, 0.000131341272
0,7,2,9,-0.000029753877
0,7,4,2, 0.000253113677
0,7,4,7, 0.000033739539
0,7,5,2, 0.000023875560
0,7,5,7, 0.001060101837
0,7,6,2, 0.000131341272
0,7,6,7, 0.000825050395
0,7,7,0, 0.000031773275
0,7,7,1, 0.000251520328
0,7,7,4, 0.000033739539
0,7,7,5, 0.001060101837
0,7,7,6, 0.000825050395
0,7,7,9,-0.000581938665
0,7,9,2,-0.000029753877
0,7,9,7,-0.000581938665
0,8,0,3, 0.000420944318
0,8,0,8, 0.000031773275
0,8,1,3, 0.000370094267
0,8,1,8, 0.000251520328
0,8,3,0, 0.000420944318
0,8,3,1, 0.000370094267
0,8,3,4, 0.000253113677
0,8,3,5, 0.000023875560
0,8,3,6, 0.000131341272
0,8,3,9,-0.000029753877
0,8,4,3, 0.000253113677
0,8,4,8, 0.000033739539
0,8,5,3, 0.000023875560
0,8,5,8, 0.001060101837
0,8,6,3, 0.000131341272
0,8,6,8, 0.000825050395
0,8,8,0, 0.000031773275
0,8,8,1, 0.000251520328
0,8,8,4, 0.000033739539
0,8,8,5, 0.001060101837
0,8,8,6, 0.000825050395
0,8,8,9,-0.000581938665
0,8,9,3,-0.000029753877
0,8,9,8,-0.000581938665
0,9,0,0,-0.015577521587
0,9,0,1,-0.010299428825
0,9,0,4,-0.004088555960
0,9,0,5,-0.000705462966
0,9,0,6,-0.003124491152
0,9,0,9, 0.000995645965
0,9,1,0,-0.010299428825
0,9,1,1,-0.013096769182
0,9,1,4,-0.003499358735
0,9,1,5,-0.003416646393
0,9,1,6,-0.006924209875
0,9,1,9, 0.003457948544
0,9,2,2,-0.014618311559
0,9,2,7,-0.000122565327
0,9,3,3,-0.014618311559
0,9,3,8,-0.000122565327
0,9,4,0,-0.004088555960
0,9,4,1,-0.003499358735
0,9,4,4,-0.017145094210
0,9,4,5,-0.000969511866
0,9,4,6,-0.003153471593
0,9,4,9, 0.001423331388
0,9,5,0,-0.000705462966
0,9,5,1,-0.003416646393
0,9,5,4,-0.000969511866
0,9,5,5,-0.017780201047
0,9,5,6,-0.011528602458
0,9,5,9, 0.004960014405
0,9,6,0,-0.003124491152
0,9,6,1,-0.006924209875
0,9,6,4,-0.003153471593
0,9,6,5,-0.011528602458
0,9,6,6,-0.014029791504
0,9,6,9, 0.004046563283
0,9,7,2,-0.000122565327
0,9,7,7,-0.016519067783
0,9,8,3,-0.000122565327
0,9,8,8,-0.016519067783
0,9,9,0, 0.000995645965
0,9,9,1, 0.003457948544
0,9,9,4, 0.001423331388
0,9,9,5, 0.004960014405
0,9,9,6, 0.004046563283
0,9,9,9,-0.019557617627
1,0,0,0, 0.504699283325
1,0,0,1, 0.300015949963
1,0,0,5, 0.008465744977
1,0,0,6, 0.066342543843
1,0,0,9,-0.010299428825
1,0,1,0, 0.300015949963
1,0,1,1, 0.324022459289
1,0,1,5, 0.035605234969
1,0,1,6, 0.108032973041
1,0,1,9,-0.032100118423
1,0,2,2, 0.462081934851
1,0,2,7, 0.001450748601
1,0,3,3, 0.462081934851
1,0,3,8, 0.001450748601
1,0,4,4, 0.462081934851
1,0,4,5, 0.011528602458
1,0,4,6, 0.045702822748
1,0,4,9,-0.015015566269
1,0,5,0, 0.008465744977
1,0,5,1, 0.035605234969
1,0,5,4, 0.011528602458
1,0,5,5, 0.178191349215
1,0,5,6, 0.121768720707
1,0,5,9,-0.028969495589
1,0,6,0, 0.066342543843
1,0,6,1, 0.108032973041
1,0,6,4, 0.045702822748
1,0,6,5, 0.121768720707
1,0,6,6, 0.174188878283
1,0,6,9,-0.026961921737
1,0,7,2, 0.001450748601
1,0,7,7, 0.174133726856
1,0,8,3, 0.001450748601
1,0,8,8, 0.174133726856
1,0,9,0,-0.010299428825
1,0,9,1,-0.032100118423
1,0,9,4,-0.015015566269
1,0,9,5,-0.028969495589
1,0,9,6,-0.026961921737
1,0,9,9, 0.186230499908
1,1,0,0, 0.507364877272
1,1,0,1, 0.324022459289
1,1,0,5, 0.010468887432
1,1,0,6, 0.073863457134
1,1,0,9,-0.013096769182
1,1,1,0, 0.324022459289
1,1,1,1, 0.394125899248
1,1,1,5, 0.049114800782
1,1,1,6, 0.139211985551
1,1,1,9,-0.043247622590
1,1,2,2, 0.491073083906
1,1,2,7, 0.001848346706
1,1,3,3, 0.491073083906
1,1,3,8, 0.001848346706
1,1,4,4, 0.491073083906
1,1,4,5, 0.014029791504
1,1,4,6, 0.052921049832
1,1,4,9,-0.018703920148
1,1,5,0, 0.010468887432
1,1,5,1, 0.049114800782
1,1,5,4, 0.014029791504
1,1,5,5, 0.256504121908
1,1,5,6, 0.174188878283
1,1,5,9,-0.037929978811
1,1,6,0, 0.073863457134
1,1,6,1, 0.139211985551
1,1,6,4, 0.052921049832
1,1,6,5, 0.174188878283
1,1,6,6, 0.245351122720
1,1,6,9,-0.034683866675
1,1,7,2, 0.001848346706
1,1,7,7, 0.251575737185
1,1,8,3, 0.001848346706
1,1,8,8, 0.251575737185
1,1,9,0,-0.013096769182
1,1,9,1,-0.043247622590
1,1,9,4,-0.018703920148
1,1,9,5,-0.037929978811
1,1,9,6,-0.034683866675
1,1,9,9, 0.264497088843
1,2,0,2, 0.101353944495
1,2,0,7, 0.000370094267
1,2,1,2, 0.072461555243
1,2,1,7, 0.002042476383
1,2,2,0, 0.101353944495
1,2,2,1, 0.072461555243
1,2,2,5, 0.000825050395
1,2,2,6, 0.014376913180
1,2,2,9,-0.000645270867
1,2,4,7, 0.000458408864
1,2,5,2, 0.000825050395
1,2,5,7, 0.006543402826
1,2,6,2, 0.014376913180
1,2,6,7, 0.006115147088
1,2,7,0, 0.000370094267
1,2,7,1, 0.002042476383
1,2,7,4, 0.000458408864
1,2,7,5, 0.006543402826
1,2,7,6, 0.006115147088
1,2,7,9,-0.002779286840
1,2,9,2,-0.000645270867
1,2,9,7,-0.002779286840
1,3,0,3, 0.101353944495
1,3,0,8, 0.000370094267
1,3,1,3, 0.072461555243
1,3,1,8, 0.002042476383
1,3,3,0, 0.101353944495
1,3,3,1, 0.072461555243
1,3,3,5, 0.000825050395
1,3,3,6, 0.014376913180
1,3,3,9,-0.000645270867
1,3,4,8, 0.000458408864
1,3,5,3, 0.000825050395
1,3,5,8, 0.006543402826
1,3,6,3, 0.014376913180
1,3,6,8, 0.006115147088
1,3,8,0, 0.000370094267
1,3,8,1, 0.002042476383
1,3,8,4, 0.000458408864
1,3,8,5, 0.006543402826
1,3,8,6, 0.006115147088
1,3,8,9,-0.002779286840
1,3,9,3,-0.000645270867
1,3,9,8,-0.002779286840
1,4,0,4, 0.101353944495
1,4,0,5, 0.002670992587
1,4,0,6, 0.010011235956
1,4,0,9,-0.003499358735
1,4,1,4, 0.072461555243
1,4,1,5, 0.009259412171
1,4,1,6, 0.019135650631
1,4,1,9,-0.009904602850
1,4,2,7, 0.000458408864
1,4,3,8, 0.000458408864
1,4,4,0, 0.101353944495
1,4,4,1, 0.072461555243
1,4,4,5, 0.004046563283
1,4,4,6, 0.019613207739
1,4,4,9,-0.005418122422
1,4,5,0, 0.002670992587
1,4,5,1, 0.009259412171
1,4,5,4, 0.004046563283
1,4,5,5, 0.039883971380
1,4,5,6, 0.026961921737
1,4,5,9,-0.012900304616
1,4,6,0, 0.010011235956
1,4,6,1, 0.019135650631
1,4,6,4, 0.019613207739
1,4,6,5, 0.026961921737
1,4,6,6, 0.034683866675
1,4,6,9,-0.011814613851
1,4,7,2, 0.000458408864
1,4,7,7, 0.037193241745
1,4,8,3, 0.000458408864
1,4,8,8, 0.037193241745
1,4,9,0,-0.003499358735
1,4,9,1,-0.009904602850
1,4,9,4,-0.005418122422
1,4,9,5,-0.012900304616
1,4,9,6,-0.011814613851
1,4,9,9, 0.045257860347
1,5,0,0, 0.052574083785
1,5,0,1, 0.035605234969
1,5,0,4, 0.010213158860
1,5,0,5, 0.002473060733
1,5,0,6, 0.010566135961
1,5,0,9,-0.003416646393
1,5,1,0, 0.035605234969
1,5,1,1, 0.049114800782
1,5,1,4, 0.009259412171
1,5,1,5, 0.016406794033
1,5,1,6, 0.028770950464
1,5,1,9,-0.013433716302
1,5,2,2, 0.050859026503
1,5,2,7, 0.000429555884
1,5,3,3, 0.050859026503
1,5,3,8, 0.000429555884
1,5,4,0, 0.010213158860
1,5,4,1, 0.009259412171
1,5,4,4, 0.055673700777
1,5,4,5, 0.003124491152
1,5,4,6, 0.009876811648
1,5,4,9,-0.004567086643
1,5,5,0, 0.002473060733
1,5,5,1, 0.016406794033
1,5,5,4, 0.003124491152
1,5,5,5, 0.109440439555
1,5,5,6, 0.066342543843
1,5,5,9,-0.013106394744
1,5,6,0, 0.010566135961
1,5,6,1, 0.028770950464
1,5,6,4, 0.009876811648
1,5,6,5, 0.066342543843
1,5,6,6, 0.073863457134
1,5,6,9,-0.010011235956
1,5,7,2, 0.000429555884
1,5,7,7, 0.100898568391
1,5,8,3, 0.000429555884
1,5,8,8, 0.100898568391
1,5,9,0,-0.003416646393
1,5,9,1,-0.013433716302
1,5,9,4,-0.004567086643
1,5,9,5,-0.013106394744
1,5,9,6,-0.010011235956
1,5,9,9, 0.103776142830
1,6,0,0, 0.164698853091
1,6,0,1, 0.108032973041
1,6,0,4, 0.022134926398
1,6,0,5, 0.005260458299
1,6,0,6, 0.028770950464
1,6,0,9,-0.006924209875
1,6,1,0, 0.108032973041
1,6,1,1, 0.139211985551
1,6,1,4, 0.019135650631
1,6,1,5, 0.028770950464
1,6,1,6, 0.065216154033
1,6,1,9,-0.024697762819
1,6,2,2, 0.159945889444
1,6,2,7, 0.000939024004
1,6,3,3, 0.159945889444
1,6,3,8, 0.000939024004
1,6,4,0, 0.022134926398
1,6,4,1, 0.019135650631
1,6,4,4, 0.165379565671
1,6,4,5, 0.006924209875
1,6,4,6, 0.024697762819
1,6,4,9,-0.009633793987
1,6,5,0, 0.005260458299
1,6,5,1, 0.028770950464
1,6,5,4, 0.006924209875
1,6,5,5, 0.164698853091
1,6,5,6, 0.108032973041
1,6,5,9,-0.022134926398
1,6,6,0, 0.028770950464
1,6,6,1, 0.065216154033
1,6,6,4, 0.024697762819
1,6,6,5, 0.108032973041
1,6,6,6, 0.139211985551
1,6,6,9,-0.019135650631
1,6,7,2, 0.000939024004
1,6,7,7, 0.159945889444
1,6,8,3, 0.000939024004
1,6,8,8, 0.159945889444
1,6,9,0,-0.006924209875
1,6,9,1,-0.024697762819
1,6,9,4,-0.009633793987
1,6,9,5,-0.022134926398
1,6,9,6,-0.019135650631
1,6,9,9, 0.165379565671
1,7,0,2, 0.002209304431
1,7,0,7, 0.000251520328
1,7,1,2, 0.002042476383
1,7,1,7, 0.003327250420
1,7,2,0, 0.002209304431
1,7,2,1, 0.002042476383
1,7,2,4, 0.001070380158
1,7,2,5, 0.000131341272
1,7,2,6, 0.000705980114
1,7,2,9,-0.000164613364
1,7,4,2, 0.001070380158
1,7,4,7, 0.000217744602
1,7,5,2, 0.000131341272
1,7,5,7, 0.019787835570
1,7,6,2, 0.000705980114
1,7,6,7, 0.014376913180
1,7,7,0, 0.000251520328
1,7,7,1, 0.003327250420
1,7,7,4, 0.000217744602
1,7,7,5, 0.019787835570
1,7,7,6, 0.014376913180
1,7,7,9,-0.004057582018
1,7,9,2,-0.000164613364
1,7,9,7,-0.004057582018
1,8,0,3, 0.002209304431
1,8,0,8, 0.000251520328
1,8,1,3, 0.002042476383
1,8,1,8, 0.003327250420
1,8,3,0, 0.002209304431
1,8,3,1, 0.002042476383
1,8,3,4, 0.001070380158
1,8,3,5, 0.000131341272
1,8,3,6, 0.000705980114
1,8,3,9,-0.000164613364
1,8,4,3, 0.001070380158
1,8,4,8, 0.000217744602
1,8,5,3, 0.000131341272
1,8,5,8, 0.019787835570
1,8,6,3, 0.000705980114
1,8,6,8, 0.014376913180
1,8,8,0, 0.000251520328
1,8,8,1, 0.003327250420
1,8,8,4, 0.000217744602
1,8,8,5, 0.019787835570
1,8,8,6, 0.014376913180
1,8,8,9,-0.004057582018
1,8,9,3,-0.000164613364
1,8,9,8,-0.004057582018
1,9,0,0,-0.047473943239
1,9,0,1,-0.032100118423
1,9,0,4,-0.010944300228
1,9,0,5,-0.002420700700
1,9,0,6,-0.009876811648
1,9,0,9, 0.003457948544
1,9,1,0,-0.032100118423
1,9,1,1,-0.043247622590
1,9,1,4,-0.009904602850
1,9,1,5,-0.013433716302
1,9,1,6,-0.024697762819
1,9,1,9, 0.013648710910
1,9,2,2,-0.045395789480
1,9,2,7,-0.000420932526
1,9,3,3,-0.045395789480
1,9,3,8,-0.000420932526
1,9,4,0,-0.010944300228
1,9,4,1,-0.009904602850
1,9,4,4,-0.051491812959
1,9,4,5,-0.003153471593
1,9,4,6,-0.009687017579
1,9,4,9, 0.004703798408
1,9,5,0,-0.002420700700
1,9,5,1,-0.013433716302
1,9,5,4,-0.003153471593
1,9,5,5,-0.072528532236
1,9,5,6,-0.045702822748
1,9,5,9, 0.026369904316
1,9,6,0,-0.009876811648
1,9,6,1,-0.024697762819
1,9,6,4,-0.009687017579
1,9,6,5,-0.045702822748
1,9,6,6,-0.052921049832
1,9,6,9, 0.019613207739
1,9,7,2,-0.000420932526
1,9,7,7,-0.067256687574
1,9,8,3,-0.000420932526
1,9,8,8,-0.067256687574
1,9,9,0, 0.003457948544
1,9,9,1, 0.013648710910
1,9,9,4, 0.004703798408
1,9,9,5, 0.026369904316
1,9,9,6, 0.019613207739
1,9,9,9,-0.076533565971
2,0,0,2, 0.152608082603
2,0,0,7, 0.000420944318
2,0,1,2, 0.101353944495
2,0,1,7, 0.002209304431
2,0,2,0, 0.152608082603
2,0,2,1, 0.101353944495
2,0,2,5, 0.001060101837
2,0,2,6, 0.019787835570
2,0,2,9,-0.000790450520
2,0,4,7, 0.000530385162
2,0,5,2, 0.001060101837
2,0,5,7, 0.006986505294
2,0,6,2, 0.019787835570
2,0,6,7, 0.006543402826
2,0,7,0, 0.000420944318
2,0,7,1, 0.002209304431
2,0,7,4, 0.000530385162
2,0,7,5, 0.006986505294
2,0,7,6, 0.006543402826
2,0,7,9,-0.002980075745
2,0,9,2,-0.000790450520
2,0,9,7,-0.002980075745
2,1,0,2, 0.101353944495
2,1,0,7, 0.000370094267
2,1,1,2, 0.072461555243
2,1,1,7, 0.002042476383
2,1,2,0, 0.101353944495
2,1,2,1, 0.072461555243
2,1,2,5, 0.000825050395
2,1,2,6, 0.014376913180
2,1,2,9,-0.000645270867
2,1,4,7, 0.000458408864
2,1,5,2, 0.000825050395
2,1,5,7, 0.006543402826
2,1,6,2, 0.014376913180
2,1,6,7, 0.006115147088
2,1,7,0, 0.000370094267
2,1,7,1, 0.002042476383
2,1,7,4, 0.000458408864
2,1,7,5, 0.006543402826
2,1,7,6, 0.006115147088
2,1,7,9,-0.002779286840
2,1,9,2,-0.000645270867
2,1,9,7,-0.002779286840
2,2,0,0, 0.775037038942
2,2,0,1, 0.462081934851
2,2,0,5, 0.012207504002
2,2,0,6, 0.100898568391
2,2,0,9,-0.014618311559
2,2,1,0, 0.462081934851
2,2,1,1, 0.491073083906
2,2,1,5, 0.050859026503
2,2,1,6, 0.159945889444
2,2,1,9,-0.045395789480
2,2,2,2, 0.785718708997
2,2,2,7, 0.002128488190
2,2,3,3, 0.689508254834
2,2,3,8, 0.002048408760
2,2,4,4, 0.689508254834
2,2,4,5, 0.016519067783
2,2,4,6, 0.067256687574
2,2,4,9,-0.021262659177
2,2,5,0, 0.012207504002
2,2,5,1, 0.050859026503
2,2,5,4, 0.016519067783
2,2,5,5, 0.254338090811
2,2,5,6, 0.174133726856
2,2,5,9,-0.039675320612
2,2,6,0, 0.100898568391
2,2,6,1, 0.159945889444
2,2,6,4, 0.067256687574
2,2,6,5, 0.174133726856
2,2,6,6, 0.251575737185
2,2,6,9,-0.037193241745
2,2,7,2, 0.002128488190
2,2,7,7, 0.249544327255
2,2,8,3, 0.002048408760
2,2,8,8, 0.248695115886
2,2,9,0,-0.014618311559
2,2,9,1,-0.045395789480
2,2,9,4,-0.021262659177
2,2,9,5,-0.039675320612
2,2,9,6,-0.037193241745
2,2,9,9, 0.264784581165
2,3,2,3, 0.048105227081
2,3,2,8, 0.000040039715
2,3,3,2, 0.048105227081
2,3,3,7, 0.000040039715
2,3,7,3, 0.000040039715
2,3,7,8, 0.000424605684
2,3,8,2, 0.000040039715
2,3,8,7, 0.000424605684
2,4,0,7, 0.000253113677
2,4,1,7, 0.001070380158
2,4,2,4, 0.048105227081
2,4,2,5, 0.000581938665
2,4,2,6, 0.004057582018
2,4,2,9,-0.000511865904
2,4,4,2, 0.048105227081
2,4,4,7, 0.000346589684
2,4,5,2, 0.000581938665
2,4,5,7, 0.002980075745
2,4,6,2, 0.004057582018
2,4,6,7, 0.002779286840
2,4,7,0, 0.000253113677
2,4,7,1, 0.001070380158
2,4,7,4, 0.000346589684
2,4,7,5, 0.002980075745
2,4,7,6, 0.002779286840
2,4,7,9,-0.001693107738
2,4,9,2,-0.000511865904
2,4,9,7,-0.001693107738
2,5,0,2, 0.001060101837
2,5,0,7, 0.000023875560
2,5,1,2, 0.000825050395
2,5,1,7, 0.000131341272
2,5,2,0, 0.001060101837
2,5,2,1, 0.000825050395
2,5,2,4, 0.000581938665
2,5,2,5, 0.000031773275
2,5,2,6, 0.000251520328
2,5,2,9,-0.000033739539
2,5,4,2, 0.000581938665
2,5,4,7, 0.000029753877
2,5,5,2, 0.000031773275
2,5,5,7, 0.000420944318
2,5,6,2, 0.000251520328
2,5,6,7, 0.000370094267
2,5,7,0, 0.000023875560
2,5,7,1, 0.000131341272
2,5,7,4, 0.000029753877
2,5,7,5, 0.000420944318
2,5,7,6, 0.000370094267
2,5,7,9,-0.000253113677
2,5,9,2,-0.000033739539
2,5,9,7,-0.000253113677
2,6,0,2, 0.019787835570
2,6,0,7, 0.000131341272
2,6,1,2, 0.014376913180
2,6,1,7, 0.000705980114
2,6,2,0, 0.019787835570
2,6,2,1, 0.014376913180
2,6,2,4, 0.004057582018
2,6,2,5, 0.000251520328
2,6,2,6, 0.003327250420
2,6,2,9,-0.000217744602
2,6,4,2, 0.004057582018
2,6,4,7, 0.000164613364
2,6,5,2, 0.000251520328
2,6,5,7, 0.002209304431
2,6,6,2, 0.003327250420
2,6,6,7, 0.002042476383
2,6,7,0, 0.000131341272
2,6,7,1, 0.000705980114
2,6,7,4, 0.000164613364
2,6,7,5, 0.002209304431
2,6,7,6, 0.002042476383
2,6,7,9,-0.001070380158
2,6,9,2,-0.000217744602
2,6,9,7,-0.001070380158
2,7,0,0, 0.002186185215
2,7,0,1, 0.001450748601
2,7,0,4, 0.000530385162
2,7,0,5, 0.000089682313
2,7,0,6, 0.000429555884
2,7,0,9,-0.000122565327
2,7,1,0, 0.001450748601
2,7,1,1, 0.001848346706
2,7,1,4, 0.000458408864
2,7,1,5, 0.000429555884
2,7,1,6, 0.000939024004
2,7,1,9,-0.000420932526
2,7,2,2, 0.002128488190
2,7,2,7, 0.000017362330
2,7,3,3, 0.002048408760
2,7,3,8, 0.000015236331
2,7,4,0, 0.000530385162
2,7,4,1, 0.000458408864
2,7,4,4, 0.002354958729
2,7,4,5, 0.000122565327
2,7,4,6, 0.000420932526
2,7,4,9,-0.000174687209
2,7,5,0, 0.000089682313
2,7,5,1, 0.000429555884
2,7,5,4, 0.000122565327
2,7,5,5, 0.002186185215
2,7,5,6, 0.001450748601
2,7,5,9,-0.000530385162
2,7,6,0, 0.000429555884
2,7,6,1, 0.000939024004
2,7,6,4, 0.000420932526
2,7,6,5, 0.001450748601
2,7,6,6, 0.001848346706
2,7,6,9,-0.000458408864
2,7,7,2, 0.000017362330
2,7,7,7, 0.002128488190
2,7,8,3, 0.000015236331
2,7,8,8, 0.002048408760
2,7,9,0,-0.000122565327
2,7,9,1,-0.000420932526
2,7,9,4,-0.000174687209
2,7,9,5,-0.000530385162
2,7,9,6,-0.000458408864
2,7,9,9, 0.002354958729
2,8,2,3, 0.000040039715
2,8,2,8, 0.000001063000
2,8,3,2, 0.000040039715
2,8,3,7, 0.000001063000
2,8,7,3, 0.000001063000
2,8,7,8, 0.000040039715
2,8,8,2, 0.000001063000
2,8,8,7, 0.000040039715
2,9,0,2,-0.000790450520
2,9,0,7,-0.000029753877
2,9,1,2,-0.000645270867
2,9,1,7,-0.000164613364
2,9,2,0,-0.000790450520
2,9,2,1,-0.000645270867
2,9,2,4,-0.000511865904
2,9,2,5,-0.000033739539
2,9,2,6,-0.000217744602
2,9,2,9, 0.000039047708
2,9,4,2,-0.000511865904
2,9,4,7,-0.000036921708
2,9,5,2,-0.000033739539
2,9,5,7,-0.000530385162
2,9,6,2,-0.000217744602
2,9,6,7,-0.000458408864
2,9,7,0,-0.000029753877
2,9,7,1,-0.000164613364
2,9,7,4,-0.000036921708
2,9,7,5,-0.000530385162
2,9,7,6,-0.000458408864
2,9,7,9, 0.000346589684
2,9,9,2, 0.000039047708
2,9,9,7, 0.000346589684
3,0,0,3, 0.152608082603
3,0,0,8, 0.000420944318
3,0,1,3, 0.101353944495
3,0,1,8, 0.002209304431
3,0,3,0, 0.152608082603
3,0,3,1, 0.101353944495
3,0,3,5, 0.001060101837
3,0,3,6, 0.019787835570
3,0,3,9,-0.000790450520
3,0,4,8, 0.000530385162
3,0,5,3, 0.001060101837
3,0,5,8, 0.006986505294
3,0,6,3, 0.019787835570
3,0,6,8, 0.006543402826
3,0,8,0, 0.000420944318
3,0,8,1, 0.002209304431
3,0,8,4, 0.000530385162
3,0,8,5, 0.006986505294
3,0,8,6, 0.006543402826
3,0,8,9,-0.002980075745
3,0,9,3,-0.000790450520
3,0,9,8,-0.002980075745
3,1,0,3, 0.101353944495
3,1,0,8, 0.000370094267
3,1,1,3, 0.072461555243
3,1,1,8, 0.002042476383
3,1,3,0, 0.101353944495
3,1,3,1, 0.072461555243
3,1,3,5, 0.000825050395
3,1,3,6, 0.014376913180
3,1,3,9,-0.000645270867
3,1,4,8, 0.000458408864
3,1,5,3, 0.000825050395
3,1,5,8, 0.006543402826
3,1,6,3, 0.014376913180
3,1,6,8, 0.006115147088
3,1,8,0, 0.000370094267
3,1,8,1, 0.002042476383
3,1,8,4, 0.000458408864
3,1,8,5, 0.006543402826
3,1,8,6, 0.006115147088
3,1,8,9,-0.002779286840
3,1,9,3,-0.000645270867
3,1,9,8,-0.002779286840
3,2,2,3, 0.048105227081
3,2,2,8, 0.000040039715
3,2,3,2, 0.048105227081
3,2,3,7, 0.000040039715
3,2,7,3, 0.000040039715
3,2,7,8, 0.000424605684
3,2,8,2, 0.000040039715
3,2,8,7, 0.000424605684
3,3,0,0, 0.775037038942
3,3,0,1, 0.462081934851
3,3,0,5, 0.012207504002
3,3,0,6, 0.100898568391
3,3,0,9,-0.014618311559
3,3,1,0, 0.462081934851
3,3,1,1, 0.491073083906
3,3,1,5, 0.050859026503
3,3,1,6, 0.159945889444
3,3,1,9,-0.045395789480
3,3,2,2, 0.689508254834
3,3,2,7, 0.002048408760
3,3,3,3, 0.785718708997
3,3,3,8, 0.002128488190
3,3,4,4, 0.689508254834
3,3,4,5, 0.016519067783
3,3,4,6, 0.067256687574
3,3,4,9,-0.021262659177
3,3,5,0, 0.012207504002
3,3,5,1, 0.050859026503
3,3,5,4, 0.016519067783
3,3,5,5, 0.254338090811
3,3,5,6, 0.174133726856
3,3,5,9,-0.039675320612
3,3,6,0, 0.100898568391
3,3,6,1, 0.159945889444
3,3,6,4, 0.067256687574
3,3,6,5, 0.174133726856
3,3,6,6, 0.251575737185
3,3,6,9,-0.037193241745
3,3,7,2, 0.002048408760
3,3,7,7, 0.248695115886
3,3,8,3, 0.002128488190
3,3,8,8, 0.249544327255
3,3,9,0,-0.014618311559
3,3,9,1,-0.045395789480
3,3,9,4,-0.021262659177
3,3,9,5,-0.039675320612
3,3,9,6,-0.037193241745
3,3,9,9, 0.264784581165
3,4,0,8, 0.000253113677
3,4,1,8, 0.001070380158
3,4,3,4, 0.048105227081
3,4,3,5, 0.000581938665
3,4,3,6, 0.004057582018
3,4,3,9,-0.000511865904
3,4,4,3, 0.048105227081
3,4,4,8, 0.000346589684
3,4,5,3, 0.000581938665
3,4,5,8, 0.002980075745
3,4,6,3, 0.004057582018
3,4,6,8, 0.002779286840
3,4,8,0, 0.000253113677
3,4,8,1, 0.001070380158
3,4,8,4, 0.000346589684
3,4,8,5, 0.002980075745
3,4,8,6, 0.002779286840
3,4,8,9,-0.001693107738
3,4,9,3,-0.000511865904
3,4,9,8,-0.001693107738
3,5,0,3, 0.001060101837
3,5,0,8, 0.000023875560
3,5,1,3, 0.000825050395
3,5,1,8, 0.000131341272
3,5,3,0, 0.001060101837
3,5,3,1, 0.000825050395
3,5,3,4, 0.000581938665
3,5,3,5, 0.000031773275
3,5,3,6, 0.000251520328
3,5,3,9,-0.000033739539
3,5,4,3, 0.000581938665
3,5,4,8, 0.000029753877
3,5,5,3, 0.000031773275
3,5,5,8, 0.000420944318
3,5,6,3, 0.000251520328
3,5,6,8, 0.000370094267
3,5,8,0, 0.000023875560
3,5,8,1, 0.000131341272
3,5,8,4, 0.000029753877
3,5,8,5, 0.000420944318
3,5,8,6, 0.000370094267
3,5,8,9,-0.000253113677
3,5,9,3,-0.000033739539
3,5,9,8,-0.000253113677
3,6,0,3, 0.019787835570
3,6,0,8, 0.000131341272
3,6,1,3, 0.014376913180
3,6,1,8, 0.000705980114
3,6,3,0, 0.019787835570
3,6,3,1, 0.014376913180
3,6,3,4, 0.004057582018
3,6,3,5, 0.000251520328
3,6,3,6, 0.003327250420
3,6,3,9,-0.000217744602
3,6,4,3, 0.004057582018
3,6,4,8, 0.000164613364
3,6,5,3, 0.000251520328
3,6,5,8, 0.002209304431
3,6,6,3, 0.003327250420
3,6,6,8, 0.002042476383
3,6,8,0, 0.000131341272
3,6,8,1, 0.000705980114
3,6,8,4, 0.000164613364
3,6,8,5, 0.002209304431
3,6,8,6, 0.002042476383
3,6,8,9,-0.001070380158
3,6,9,3,-0.000217744602
3,6,9,8,-0.001070380158
3,7,2,3, 0.000040039715
3,7,2,8, 0.000001063000
3,7,3,2, 0.000040039715
3,7,3,7, 0.000001063000
3,7,7,3, 0.000001063000
3,7,7,8, 0.000040039715
3,7,8,2, 0.000001063000
3,7,8,7, 0.000040039715
3,8,0,0, 0.002186185215
3,8,0,1, 0.001450748601
3,8,0,4, 0.000530385162
3,8,0,5, 0.000089682313
3,8,0,6, 0.000429555884
3,8,0,9,-0.000122565327
3,8,1,0, 0.001450748601
3,8,1,1, 0.001848346706
3,8,1,4, 0.000458408864
3,8,1,5, 0.000429555884
3,8,1,6, 0.000939024004
3,8,1,9,-0.000420932526
3,8,2,2, 0.002048408760
3,8,2,7, 0.000015236331
3,8,3,3, 0.002128488190
3,8,3,8, 0.000017362330
3,8,4,0, 0.000530385162
3,8,4,1, 0.000458408864
3,8,4,4, 0.002354958729
3,8,4,5, 0.000122565327
3,8,4,6, 0.000420932526
3,8,4,9,-0.000174687209
3,8,5,0, 0.000089682313
3,8,5,1, 0.000429555884
3,8,5,4, 0.000122565327
3,8,5,5, 0.002186185215
3,8,5,6, 0.001450748601
3,8,5,9,-0.000530385162
3,8,6,0, 0.000429555884
3,8,6,1, 0.000939024004
3,8,6,4, 0.000420932526
3,8,6,5, 0.001450748601
3,8,6,6, 0.001848346706
3,8,6,9,-0.000458408864
3,8,7,2, 0.000015236331
3,8,7,7, 0.002048408760
3,8,8,3, 0.000017362330
3,8,8,8, 0.002128488190
3,8,9,0,-0.000122565327
3,8,9,1,-0.000420932526
3,8,9,4,-0.000174687209
3,8,9,5,-0.000530385162
3,8,9,6,-0.000458408864
3,8,9,9, 0.002354958729
3,9,0,3,-0.000790450520
3,9,0,8,-0.000029753877
3,9,1,3,-0.000645270867
3,9,1,8,-0.000164613364
3,9,3,0,-0.000790450520
3,9,3,1,-0.000645270867
3,9,3,4,-0.000511865904
3,9,3,5,-0.000033739539
3,9,3,6,-0.000217744602
3,9,3,9, 0.000039047708
3,9,4,3,-0.000511865904
3,9,4,8,-0.000036921708
3,9,5,3,-0.000033739539
3,9,5,8,-0.000530385162
3,9,6,3,-0.000217744602
3,9,6,8,-0.000458408864
3,9,8,0,-0.000029753877
3,9,8,1,-0.000164613364
3,9,8,4,-0.000036921708
3,9,8,5,-0.000530385162
3,9,8,6,-0.000458408864
3,9,8,9, 0.000346589684
3,9,9,3, 0.000039047708
3,9,9,8, 0.000346589684
4,0,0,4, 0.152608082603
4,0,0,5, 0.003230364745
4,0,0,6, 0.013106394744
4,0,0,9,-0.004088555960
4,0,1,4, 0.101353944495
4,0,1,5, 0.010213158860
4,0,1,6, 0.022134926398
4,0,1,9,-0.010944300228
4,0,2,7, 0.000530385162
4,0,3,8, 0.000530385162
4,0,4,0, 0.152608082603
4,0,4,1, 0.101353944495
4,0,4,5, 0.004960014405
4,0,4,6, 0.026369904316
4,0,4,9,-0.006428643991
4,0,5,0, 0.003230364745
4,0,5,1, 0.010213158860
4,0,5,4, 0.004960014405
4,0,5,5, 0.042616126495
4,0,5,6, 0.028969495589
4,0,5,9,-0.013914824115
4,0,6,0, 0.013106394744
4,0,6,1, 0.022134926398
4,0,6,4, 0.026369904316
4,0,6,5, 0.028969495589
4,0,6,6, 0.037929978811
4,0,6,9,-0.012900304616
4,0,7,2, 0.000530385162
4,0,7,7, 0.039675320612
4,0,8,3, 0.000530385162
4,0,8,8, 0.039675320612
4,0,9,0,-0.004088555960
4,0,9,1,-0.010944300228
4,0,9,4,-0.006428643991
4,0,9,5,-0.013914824115
4,0,9,6,-0.012900304616
4,0,9,9, 0.048535167910
4,1,0,4, 0.101353944495
4,1,0,5, 0.002670992587
4,1,0,6, 0.010011235956
4,1,0,9,-0.003499358735
4,1,1,4, 0.072461555243
4,1,1,5, 0.009259412171
4,1,1,6, 0.019135650631
4,1,1,9,-0.009904602850
4,1,2,7, 0.000458408864
4,1,3,8, 0.000458408864
4,1,4,0, 0.101353944495
4,1,4,1, 0.072461555243
4,1,4,5, 0.004046563283
4,1,4,6, 0.019613207739
4,1,4,9,-0.005418122422
4,1,5,0, 0.002670992587
4,1,5,1, 0.009259412171
4,1,5,4, 0.004046563283
4,1,5,5, 0.039883971380
4,1,5,6, 0.026961921737
4,1,5,9,-0.012900304616
4,1,6,0, 0.010011235956
4,1,6,1, 0.019135650631
4,1,6,4, 0.019613207739
4,1,6,5, 0.026961921737
4,1,6,6, 0.034683866675
4,1,6,9,-0.011814613851
4,1,7,2, 0.000458408864
4,1,7,7, 0.037193241745
4,1,8,3, 0.000458408864
4,1,8,8, 0.037193241745
4,1,9,0,-0.003499358735
4,1,9,1,-0.009904602850
4,1,9,4,-0.005418122422
4,1,9,5,-0.012900304616
4,1,9,6,-0.011814613851
4,1,9,9, 0.045257860347
4,2,0,7, 0.000253113677
4,2,1,7, 0.001070380158
4,2,2,4, 0.048105227081
4,2,2,5, 0.000581938665
4,2,2,6, 0.004057582018
4,2,2,9,-0.000511865904
4,2,4,2, 0.048105227081
4,2,4,7, 0.000346589684
4,2,5,2, 0.000581938665
4,2,5,7, 0.002980075745
4,2,6,2, 0.004057582018
4,2,6,7, 0.002779286840
4,2,7,0, 0.000253113677
4,2,7,1, 0.001070380158
4,2,7,4, 0.000346589684
4,2,7,5, 0.002980075745
4,2,7,6, 0.002779286840
4,2,7,9,-0.001693107738
4,2,9,2,-0.000511865904
4,2,9,7,-0.001693107738
4,3,0,8, 0.000253113677
4,3,1,8, 0.001070380158
4,3,3,4, 0.048105227081
4,3,3,5, 0.000581938665
4,3,3,6, 0.004057582018
4,3,3,9,-0.000511865904
4,3,4,3, 0.048105227081
4,3,4,8, 0.000346589684
4,3,5,3, 0.000581938665
4,3,5,8, 0.002980075745
4,3,6,3, 0.004057582018
4,3,6,8, 0.002779286840
4,3,8,0, 0.000253113677
4,3,8,1, 0.001070380158
4,3,8,4, 0.000346589684
4,3,8,5, 0.002980075745
4,3,8,6, 0.002779286840
4,3,8,9,-0.001693107738
4,3,9,3,-0.000511865904
4,3,9,8,-0.001693107738
4,4,0,0, 0.775037038942
4,4,0,1, 0.462081934851
4,4,0,5, 0.013959002172
4,4,0,6, 0.103776142830
4,4,0,9,-0.017145094210
4,4,1,0, 0.462081934851
4,4,1,1, 0.491073083906
4,4,1,5, 0.055673700777
4,4,1,6, 0.165379565671
4,4,1,9,-0.051491812959
4,4,2,2, 0.689508254834
4,4,2,7, 0.002354958729
4,4,3,3, 0.689508254834
4,4,3,8, 0.002354958729
4,4,4,4, 0.785718708997
4,4,4,5, 0.019557617627
4,4,4,6, 0.076533565971
4,4,4,9,-0.025524853430
4,4,5,0, 0.013959002172
4,4,5,1, 0.055673700777
4,4,5,4, 0.019557617627
4,4,5,5, 0.272483455658
4,4,5,6, 0.186230499908
4,4,5,9,-0.048535167910
4,4,6,0, 0.103776142830
4,4,6,1, 0.165379565671
4,4,6,4, 0.076533565971
4,4,6,5, 0.186230499908
4,4,6,6, 0.264497088843
4,4,6,9,-0.045257860347
4,4,7,2, 0.002354958729
4,4,7,7, 0.264784581165
4,4,8,3, 0.002354958729
4,4,8,8, 0.264784581165
4,4,9,0,-0.017145094210
4,4,9,1,-0.051491812959
4,4,9,4,-0.025524853430
4,4,9,5,-0.048535167910
4,4,9,6,-0.045257860347
4,4,9,9, 0.287962443955
4,5,0,0, 0.017780201047
4,5,0,1, 0.011528602458
4,5,0,4, 0.004960014405
4,5,0,5, 0.000705462966
4,5,0,6, 0.003416646393
4,5,0,9,-0.000969511866
4,5,1,0, 0.011528602458
4,5,1,1, 0.014029791504
4,5,1,4, 0.004046563283
4,5,1,5, 0.003124491152
4,5,1,6, 0.006924209875
4,5,1,9,-0.003153471593
4,5,2,2, 0.016519067783
4,5,2,7, 0.000122565327
4,5,3,3, 0.016519067783
4,5,3,8, 0.000122565327
4,5,4,0, 0.004960014405
4,5,4,1, 0.004046563283
4,5,4,4, 0.019557617627
4,5,4,5, 0.000995645965
4,5,4,6, 0.003457948544
4,5,4,9,-0.001423331388
4,5,5,0, 0.000705462966
4,5,5,1, 0.003124491152
4,5,5,4, 0.000995645965
4,5,5,5, 0.015577521587
4,5,5,6, 0.010299428825
4,5,5,9,-0.004088555960
4,5,6,0, 0.003416646393
4,5,6,1, 0.006924209875
4,5,6,4, 0.003457948544
4,5,6,5, 0.010299428825
4,5,6,6, 0.013096769182
4,5,6,9,-0.003499358735
4,5,7,2, 0.000122565327
4,5,7,7, 0.014618311559
4,5,8,3, 0.000122565327
4,5,8,8, 0.014618311559
4,5,9,0,-0.000969511866
4,5,9,1,-0.003153471593
4,5,9,4,-0.001423331388
4,5,9,5,-0.004088555960
4,5,9,6,-0.003499358735
4,5,9,9, 0.017145094210
4,6,0,0, 0.072528532236
4,6,0,1, 0.045702822748
4,6,0,4, 0.026369904316
4,6,0,5, 0.002420700700
4,6,0,6, 0.013433716302
4,6,0,9,-0.003153471593
4,6,1,0, 0.045702822748
4,6,1,1, 0.052921049832
4,6,1,4, 0.019613207739
4,6,1,5, 0.009876811648
4,6,1,6, 0.024697762819
4,6,1,9,-0.009687017579
4,6,2,2, 0.067256687574
4,6,2,7, 0.000420932526
4,6,3,3, 0.067256687574
4,6,3,8, 0.000420932526
4,6,4,0, 0.026369904316
4,6,4,1, 0.019613207739
4,6,4,4, 0.076533565971
4,6,4,5, 0.003457948544
4,6,4,6, 0.013648710910
4,6,4,9,-0.004703798408
4,6,5,0, 0.002420700700
4,6,5,1, 0.009876811648
4,6,5,4, 0.003457948544
4,6,5,5, 0.047473943239
4,6,5,6, 0.032100118423
4,6,5,9,-0.010944300228
4,6,6,0, 0.013433716302
4,6,6,1, 0.024697762819
4,6,6,4, 0.013648710910
4,6,6,5, 0.032100118423
4,6,6,6, 0.043247622590
4,6,6,9,-0.009904602850
4,6,7,2, 0.000420932526
4,6,7,7, 0.045395789480
4,6,8,3, 0.000420932526
4,6,8,8, 0.045395789480
4,6,9,0,-0.003153471593
4,6,9,1,-0.009687017579
4,6,9,4,-0.004703798408
4,6,9,5,-0.010944300228
4,6,9,6,-0.009904602850
4,6,9,9, 0.051491812959
4,7,0,2, 0.000530385162
4,7,0,7, 0.000033739539
4,7,1,2, 0.000458408864
4,7,1,7, 0.000217744602
4,7,2,0, 0.000530385162
4,7,2,1, 0.000458408864
4,7,2,4, 0.000346589684
4,7,2,5, 0.000029753877
4,7,2,6, 0.000164613364
4,7,2,9,-0.000036921708
4,7,4,2, 0.000346589684
4,7,4,7, 0.000039047708
4,7,5,2, 0.000029753877
4,7,5,7, 0.000790450520
4,7,6,2, 0.000164613364
4,7,6,7, 0.000645270867
4,7,7,0, 0.000033739539
4,7,7,1, 0.000217744602
4,7,7,4, 0.000039047708
4,7,7,5, 0.000790450520
4,7,7,6, 0.000645270867
4,7,7,9,-0.000511865904
4,7,9,2,-0.000036921708
4,7,9,7,-0.000511865904
4,8,0,3, 0.000530385162
4,8,0,8, 0.000033739539
4,8,1,3, 0.000458408864
4,8,1,8, 0.000217744602
4,8,3,0, 0.000530385162
4,8,3,1, 0.000458408864
4,8,3,4, 0.000346589684
4,8,3,5, 0.000029753877
4,8,3,6, 0.000164613364
4,8,3,9,-0.000036921708
4,8,4,3, 0.000346589684
4,8,4,8, 0.000039047708
4,8,5,3, 0.000029753877
4,8,5,8, 0.000790450520
4,8,6,3, 0.000164613364
4,8,6,8, 0.000645270867
4,8,8,0, 0.000033739539
4,8,8,1, 0.000217744602
4,8,8,4, 0.000039047708
4,8,8,5, 0.000790450520
4,8,8,6, 0.000645270867
4,8,8,9,-0.000511865904
4,8,9,3,-0.000036921708
4,8,9,8,-0.000511865904
4,9,0,0,-0.022836405678
4,9,0,1,-0.015015566269
4,9,0,4,-0.006428643991
4,9,0,5,-0.001011025550
4,9,0,6,-0.004567086643
4,9,0,9, 0.001423331388
4,9,1,0,-0.015015566269
4,9,1,1,-0.018703920148
4,9,1,4,-0.005418122422
4,9,1,5,-0.004567086643
4,9,1,6,-0.009633793987
4,9,1,9, 0.004703798408
4,9,2,2,-0.021262659177
4,9,2,7,-0.000174687209
4,9,3,3,-0.021262659177
4,9,3,8,-0.000174687209
4,9,4,0,-0.006428643991
4,9,4,1,-0.005418122422
4,9,4,4,-0.025524853430
4,9,4,5,-0.001423331388
4,9,4,6,-0.004703798408
4,9,4,9, 0.002080703337
4,9,5,0,-0.001011025550
4,9,5,1,-0.004567086643
4,9,5,4,-0.001423331388
4,9,5,5,-0.022836405678
4,9,5,6,-0.015015566269
4,9,5,9, 0.006428643991
4,9,6,0,-0.004567086643
4,9,6,1,-0.009633793987
4,9,6,4,-0.004703798408
4,9,6,5,-0.015015566269
4,9,6,6,-0.018703920148
4,9,6,9, 0.005418122422
4,9,7,2,-0.000174687209
4,9,7,7,-0.021262659177
4,9,8,3,-0.000174687209
4,9,8,8,-0.021262659177
4,9,9,0, 0.001423331388
4,9,9,1, 0.004703798408
4,9,9,4, 0.002080703337
4,9,9,5, 0.006428643991
4,9,9,6, 0.005418122422
4,9,9,9,-0.025524853430
5,0,0,0, 0.013056175218
5,0,0,1, 0.008465744977
5,0,0,4, 0.003230364745
5,0,0,5, 0.000513590462
5,0,0,6, 0.002473060733
5,0,0,9,-0.000705462966
5,0,1,0, 0.008465744977
5,0,1,1, 0.010468887432
5,0,1,4, 0.002670992587
5,0,1,5, 0.002473060733
5,0,1,6, 0.005260458299
5,0,1,9,-0.002420700700
5,0,2,2, 0.012207504002
5,0,2,7, 0.000089682313
5,0,3,3, 0.012207504002
5,0,3,8, 0.000089682313
5,0,4,0, 0.003230364745
5,0,4,1, 0.002670992587
5,0,4,4, 0.013959002172
5,0,4,5, 0.000705462966
5,0,4,6, 0.002420700700
5,0,4,9,-0.001011025550
5,0,5,0, 0.000513590462
5,0,5,1, 0.002473060733
5,0,5,4, 0.000705462966
5,0,5,5, 0.013056175218
5,0,5,6, 0.008465744977
5,0,5,9,-0.003230364745
5,0,6,0, 0.002473060733
5,0,6,1, 0.005260458299
5,0,6,4, 0.002420700700
5,0,6,5, 0.008465744977
5,0,6,6, 0.010468887432
5,0,6,9,-0.002670992587
5,0,7,2, 0.000089682313
5,0,7,7, 0.012207504002
5,0,8,3, 0.000089682313
5,0,8,8, 0.012207504002
5,0,9,0,-0.000705462966
5,0,9,1,-0.002420700700
5,0,9,4,-0.001011025550
5,0,9,5,-0.003230364745
5,0,9,6,-0.002670992587
5,0,9,9, 0.013959002172
5,1,0,0, 0.052574083785
5,1,0,1, 0.035605234969
5,1,0,4, 0.010213158860
5,1,0,5, 0.002473060733
5,1,0,6, 0.010566135961
5,1,0,9,-0.003416646393
5,1,1,0, 0.035605234969
5,1,1,1, 0.049114800782
5,1,1,4, 0.009259412171
5,1,1,5, 0.016406794033
5,1,1,6, 0.028770950464
5,1,1,9,-0.013433716302
5,1,2,2, 0.050859026503
5,1,2,7, 0.000429555884
5,1,3,3, 0.050859026503
5,1,3,8, 0.000429555884
5,1,4,0, 0.010213158860
5,1,4,1, 0.009259412171
5,1,4,4, 0.055673700777
5,1,4,5, 0.003124491152
5,1,4,6, 0.009876811648
5,1,4,9,-0.004567086643
5,1,5,0, 0.002473060733
5,1,5,1, 0.016406794033
5,1,5,4, 0.003124491152
5,1,5,5, 0.109440439555
5,1,5,6, 0.066342543843
5,1,5,9,-0.013106394744
5,1,6,0, 0.010566135961
5,1,6,1, 0.028770950464
5,1,6,4, 0.009876811648
5,1,6,5, 0.066342543843
5,1,6,6, 0.073863457134
5,1,6,9,-0.010011235956
5,1,7,2, 0.000429555884
5,1,7,7, 0.100898568391
5,1,8,3, 0.000429555884
5,1,8,8, 0.100898568391
5,1,9,0,-0.003416646393
5,1,9,1,-0.013433716302
5,1,9,4,-0.004567086643
5,1,9,5,-0.013106394744
5,1,9,6,-0.010011235956
5,1,9,9, 0.103776142830
5,2,0,2, 0.001060101837
5,2,0,7, 0.000023875560
5,2,1,2, 0.000825050395
5,2,1,7, 0.000131341272
5,2,2,0, 0.001060101837
5,2,2,1, 0.000825050395
5,2,2,4, 0.000581938665
5,2,2,5, 0.000031773275
5,2,2,6, 0.000251520328
5,2,2,9,-0.000033739539
5,2,4,2, 0.000581938665
5,2,4,7, 0.000029753877
5,2,5,2, 0.000031773275
5,2,5,7, 0.000420944318
5,2,6,2, 0.000251520328
5,2,6,7, 0.000370094267
5,2,7,0, 0.000023875560
5,2,7,1, 0.000131341272
5,2,7,4, 0.000029753877
5,2,7,5, 0.000420944318
5,2,7,6, 0.000370094267
5,2,7,9,-0.000253113677
5,2,9,2,-0.000033739539
5,2,9,7,-0.000253113677
5,3,0,3, 0.001060101837
5,3,0,8, 0.000023875560
5,3,1,3, 0.000825050395
5,3,1,8, 0.000131341272
5,3,3,0, 0.001060101837
5,3,3,1, 0.000825050395
5,3,3,4, 0.000581938665
5,3,3,5, 0.000031773275
5,3,3,6, 0.000251520328
5,3,3,9,-0.000033739539
5,3,4,3, 0.000581938665
5,3,4,8, 0.000029753877
5,3,5,3, 0.000031773275
5,3,5,8, 0.000420944318
5,3,6,3, 0.000251520328
5,3,6,8, 0.000370094267
5,3,8,0, 0.000023875560
5,3,8,1, 0.000131341272
5,3,8,4, 0.000029753877
5,3,8,5, 0.000420944318
5,3,8,6, 0.000370094267
5,3,8,9,-0.000253113677
5,3,9,3,-0.000033739539
5,3,9,8,-0.000253113677
5,4,0,0, 0.017780201047
5,4,0,1, 0.011528602458
5,4,0,4, 0.004960014405
5,4,0,5, 0.000705462966
5,4,0,6, 0.003416646393
5,4,0,9,-0.000969511866
5,4,1,0, 0.011528602458
5,4,1,1, 0.014029791504
5,4,1,4, 0.004046563283
5,4,1,5, 0.003124491152
5,4,1,6, 0.006924209875
5,4,1,9,-0.003153471593
5,4,2,2, 0.016519067783
5,4,2,7, 0.000122565327
5,4,3,3, 0.016519067783
5,4,3,8, 0.000122565327
5,4,4,0, 0.004960014405
5,4,4,1, 0.004046563283
5,4,4,4, 0.019557617627
5,4,4,5, 0.000995645965
5,4,4,6, 0.003457948544
5,4,4,9,-0.001423331388
5,4,5,0, 0.000705462966
5,4,5,1, 0.003124491152
5,4,5,4, 0.000995645965
5,4,5,5, 0.015577521587
5,4,5,6, 0.010299428825
5,4,5,9,-0.004088555960
5,4,6,0, 0.003416646393
5,4,6,1, 0.006924209875
5,4,6,4, 0.003457948544
5,4,6,5, 0.010299428825
5,4,6,6, 0.013096769182
5,4,6,9,-0.003499358735
5,4,7,2, 0.000122565327
5,4,7,7, 0.014618311559
5,4,8,3, 0.000122565327
5,4,8,8, 0.014618311559
5,4,9,0,-0.000969511866
5,4,9,1,-0.003153471593
5,4,9,4,-0.001423331388
5,4,9,5,-0.004088555960
5,4,9,6,-0.003499358735
5,4,9,9, 0.017145094210
5,5,0,0, 0.260382002726
5,5,0,1, 0.178191349215
5,5,0,4, 0.042616126495
5,5,0,5, 0.013056175218
5,5,0,6, 0.052574083785
5,5,0,9,-0.017780201047
5,5,1,0, 0.178191349215
5,5,1,1, 0.256504121908
5,5,1,4, 0.039883971380
5,5,1,5, 0.109440439555
5,5,1,6, 0.164698853091
5,5,1,9,-0.072528532236
5,5,2,2, 0.254338090811
5,5,2,7, 0.002186185215
5,5,3,3, 0.254338090811
5,5,3,8, 0.002186185215
5,5,4,0, 0.042616126495
5,5,4,1, 0.039883971380
5,5,4,4, 0.272483455658
5,5,4,5, 0.015577521587
5,5,4,6, 0.047473943239
5,5,4,9,-0.022836405678
5,5,5,0, 0.013056175218
5,5,5,1, 0.109440439555
5,5,5,4, 0.015577521587
5,5,5,5, 0.897251802255
5,5,5,6, 0.504699283325
5,5,6,0, 0.052574083785
5,5,6,1, 0.164698853091
5,5,6,4, 0.047473943239
5,5,6,5, 0.504699283325
5,5,6,6, 0.507364877272
5,5,7,2, 0.002186185215
5,5,7,7, 0.775037038942
5,5,8,3, 0.002186185215
5,5,8,8, 0.775037038942
5,5,9,0,-0.017780201047
5,5,9,1,-0.072528532236
5,5,9,4,-0.022836405678
5,5,9,9, 0.775037038942
5,6,0,0, 0.178191349215
5,6,0,1, 0.121768720707
5,6,0,4, 0.028969495589
5,6,0,5, 0.008465744977
5,6,0,6, 0.035605234969
5,6,0,9,-0.011528602458
5,6,1,0, 0.121768720707
5,6,1,1, 0.174188878283
5,6,1,4, 0.026961921737
5,6,1,5, 0.066342543843
5,6,1,6, 0.108032973041
5,6,1,9,-0.045702822748
5,6,2,2, 0.174133726856
5,6,2,7, 0.001450748601
5,6,3,3, 0.174133726856
5,6,3,8, 0.001450748601
5,6,4,0, 0.028969495589
5,6,4,1, 0.026961921737
5,6,4,4, 0.186230499908
5,6,4,5, 0.010299428825
5,6,4,6, 0.032100118423
5,6,4,9,-0.015015566269
5,6,5,0, 0.008465744977
5,6,5,1, 0.066342543843
5,6,5,4, 0.010299428825
5,6,5,5, 0.504699283325
5,6,5,6, 0.300015949963
5,6,6,0, 0.035605234969
5,6,6,1, 0.108032973041
5,6,6,4, 0.032100118423
5,6,6,5, 0.300015949963
5,6,6,6, 0.324022459289
5,6,7,2, 0.001450748601
5,6,7,7, 0.462081934851
5,6,8,3, 0.001450748601
5,6,8,8, 0.462081934851
5,6,9,0,-0.011528602458
5,6,9,1,-0.045702822748
5,6,9,4,-0.015015566269
5,6,9,9, 0.462081934851
5,7,0,2, 0.006986505294
5,7,0,7, 0.001060101837
5,7,1,2, 0.006543402826
5,7,1,7, 0.019787835570
5,7,2,0, 0.006986505294
5,7,2,1, 0.006543402826
5,7,2,4, 0.002980075745
5,7,2,5, 0.000420944318
5,7,2,6, 0.002209304431
5,7,2,9,-0.000530385162
5,7,4,2, 0.002980075745
5,7,4,7, 0.000790450520
5,7,5,2, 0.000420944318
5,7,5,7, 0.152608082603
5,7,6,2, 0.002209304431
5,7,6,7, 0.101353944495
5,7,7,0, 0.001060101837
5,7,7,1, 0.019787835570
5,7,7,4, 0.000790450520
5,7,7,5, 0.152608082603
5,7,7,6, 0.101353944495
5,7,9,2,-0.000530385162
5,8,0,3, 0.006986505294
5,8,0,8, 0.001060101837
5,8,1,3, 0.006543402826
5,8,1,8, 0.019787835570
5,8,3,0, 0.006986505294
5,8,3,1, 0.006543402826
5,8,3,4, 0.002980075745
5,8,3,5, 0.000420944318
5,8,3,6, 0.002209304431
5,8,3,9,-0.000530385162
5,8,4,3, 0.002980075745
5,8,4,8, 0.000790450520
5,8,5,3, 0.000420944318
5,8,5,8, 0.152608082603
5,8,6,3, 0.002209304431
5,8,6,8, 0.101353944495
5,8,8,0, 0.001060101837
5,8,8,1, 0.019787835570
5,8,8,4, 0.000790450520
5,8,8,5, 0.152608082603
5,8,8,6, 0.101353944495
5,8,9,3,-0.000530385162
5,9,0,0,-0.042616126495
5,9,0,1,-0.028969495589
5,9,0,4,-0.013914824115
5,9,0,5,-0.003230364745
5,9,0,6,-0.010213158860
5,9,0,9, 0.004960014405
5,9,1,0,-0.028969495589
5,9,1,1,-0.037929978811
5,9,1,4,-0.012900304616
5,9,1,5,-0.013106394744
5,9,1,6,-0.022134926398
5,9,1,9, 0.026369904316
5,9,2,2,-0.039675320612
5,9,2,7,-0.000530385162
5,9,3,3,-0.039675320612
5,9,3,8,-0.000530385162
5,9,4,0,-0.013914824115
5,9,4,1,-0.012900304616
5,9,4,4,-0.048535167910
5,9,4,5,-0.004088555960
5,9,4,6,-0.010944300228
5,9,4,9, 0.006428643991
5,9,5,0,-0.003230364745
5,9,5,1,-0.013106394744
5,9,5,4,-0.004088555960
5,9,5,9, 0.152608082603
5,9,6,0,-0.010213158860
5,9,6,1,-0.022134926398
5,9,6,4,-0.010944300228
5,9,6,9, 0.101353944495
5,9,7,2,-0.000530385162
5,9,8,3,-0.000530385162
5,9,9,0, 0.004960014405
5,9,9,1, 0.026369904316
5,9,9,4, 0.006428643991
5,9,9,5, 0.152608082603
5,9,9,6, 0.101353944495
6,0,0,0, 0.109440439555
6,0,0,1, 0.066342543843
6,0,0,4, 0.013106394744
6,0,0,5, 0.002473060733
6,0,0,6, 0.016406794033
6,0,0,9,-0.003124491152
6,0,1,0, 0.066342543843
6,0,1,1, 0.073863457134
6,0,1,4, 0.010011235956
6,0,1,5, 0.010566135961
6,0,1,6, 0.028770950464
6,0,1,9,-0.009876811648
6,0,2,2, 0.100898568391
6,0,2,7, 0.000429555884
6,0,3,3, 0.100898568391
6,0,3,8, 0.000429555884
6,0,4,0, 0.013106394744
6,0,4,1, 0.010011235956
6,0,4,4, 0.103776142830
6,0,4,5, 0.003416646393
6,0,4,6, 0.013433716302
6,0,4,9,-0.004567086643
6,0,5,0, 0.002473060733
6,0,5,1, 0.010566135961
6,0,5,4, 0.003416646393
6,0,5,5, 0.052574083785
6,0,5,6, 0.035605234969
6,0,5,9,-0.010213158860
6,0,6,0, 0.016406794033
6,0,6,1, 0.028770950464
6,0,6,4, 0.013433716302
6,0,6,5, 0.035605234969
6,0,6,6, 0.049114800782
6,0,6,9,-0.009259412171
6,0,7,2, 0.000429555884
6,0,7,7, 0.050859026503
6,0,8,3, 0.000429555884
6,0,8,8, 0.050859026503
6,0,9,0,-0.003124491152
6,0,9,1,-0.009876811648
6,0,9,4,-0.004567086643
6,0,9,5,-0.010213158860
6,0,9,6,-0.009259412171
6,0,9,9, 0.055673700777
6,1,0,0, 0.164698853091
6,1,0,1, 0.108032973041
6,1,0,4, 0.022134926398
6,1,0,5, 0.005260458299
6,1,0,6, 0.028770950464
6,1,0,9,-0.006924209875
6,1,1,0, 0.108032973041
6,1,1,1, 0.139211985551
6,1,1,4, 0.019135650631
6,1,1,5, 0.028770950464
6,1,1,6, 0.065216154033
6,1,1,9,-0.024697762819
6,1,2,2, 0.159945889444
6,1,2,7, 0.000939024004
6,1,3,3, 0.159945889444
6,1,3,8, 0.000939024004
6,1,4,0, 0.022134926398
6,1,4,1, 0.019135650631
6,1,4,4, 0.165379565671
6,1,4,5, 0.006924209875
6,1,4,6, 0.024697762819
6,1,4,9,-0.009633793987
6,1,5,0, 0.005260458299
6,1,5,1, 0.028770950464
6,1,5,4, 0.006924209875
6,1,5,5, 0.164698853091
6,1,5,6, 0.108032973041
6,1,5,9,-0.022134926398
6,1,6,0, 0.028770950464
6,1,6,1, 0.065216154033
6,1,6,4, 0.024697762819
6,1,6,5, 0.108032973041
6,1,6,6, 0.139211985551
6,1,6,9,-0.019135650631
6,1,7,2, 0.000939024004
6,1,7,7, 0.159945889444
6,1,8,3, 0.000939024004
6,1,8,8, 0.159945889444
6,1,9,0,-0.006924209875
6,1,9,1,-0.024697762819
6,1,9,4,-0.009633793987
6,1,9,5,-0.022134926398
6,1,9,6,-0.019135650631
6,1,9,9, 0.165379565671
6,2,0,2, 0.019787835570
6,2,0,7, 0.000131341272
6,2,1,2, 0.014376913180
6,2,1,7, 0.000705980114
6,2,2,0, 0.019787835570
6,2,2,1, 0.014376913180
6,2,2,4, 0.004057582018
6,2,2,5, 0.000251520328
6,2,2,6, 0.003327250420
6,2,2,9,-0.000217744602
6,2,4,2, 0.004057582018
6,2,4,7, 0.000164613364
6,2,5,2, 0.000251520328
6,2,5,7, 0.002209304431
6,2,6,2, 0.003327250420
6,2,6,7, 0.002042476383
6,2,7,0, 0.000131341272
6,2,7,1, 0.000705980114
6,2,7,4, 0.000164613364
6,2,7,5, 0.002209304431
6,2,7,6, 0.002042476383
6,2,7,9,-0.001070380158
6,2,9,2,-0.000217744602
6,2,9,7,-0.001070380158
6,3,0,3, 0.019787835570
6,3,0,8, 0.000131341272
6,3,1,3, 0.014376913180
6,3,1,8, 0.000705980114
6,3,3,0, 0.019787835570
6,3,3,1, 0.014376913180
6,3,3,4, 0.004057582018
6,3,3,5, 0.000251520328
6,3,3,6, 0.003327250420
6,3,3,9,-0.000217744602
6,3,4,3, 0.004057582018
6,3,4,8, 0.000164613364
6,3,5,3, 0.000251520328
6,3,5,8, 0.002209304431
6,3,6,3, 0.003327250420
6,3,6,8, 0.002042476383
6,3,8,0, 0.000131341272
6,3,8,1, 0.000705980114
6,3,8,4, 0.000164613364
6,3,8,5, 0.002209304431
6,3,8,6, 0.002042476383
6,3,8,9,-0.001070380158
6,3,9,3,-0.000217744602
6,3,9,8,-0.001070380158
6,4,0,0, 0.072528532236
6,4,0,1, 0.045702822748
6,4,0,4, 0.026369904316
6,4,0,5, 0.002420700700
6,4,0,6, 0.013433716302
6,4,0,9,-0.003153471593
6,4,1,0, 0.045702822748
6,4,1,1, 0.052921049832
6,4,1,4, 0.019613207739
6,4,1,5, 0.009876811648
6,4,1,6, 0.024697762819
6,4,1,9,-0.009687017579
6,4,2,2, 0.067256687574
6,4,2,7, 0.000420932526
6,4,3,3, 0.067256687574
6,4,3,8, 0.000420932526
6,4,4,0, 0.026369904316
6,4,4,1, 0.019613207739
6,4,4,4, 0.076533565971
6,4,4,5, 0.003457948544
6,4,4,6, 0.013648710910
6,4,4,9,-0.004703798408
6,4,5,0, 0.002420700700
6,4,5,1, 0.009876811648
6,4,5,4, 0.003457948544
6,4,5,5, 0.047473943239
6,4,5,6, 0.032100118423
6,4,5,9,-0.010944300228
6,4,6,0, 0.013433716302
6,4,6,1, 0.024697762819
6,4,6,4, 0.013648710910
6,4,6,5, 0.032100118423
6,4,6,6, 0.043247622590
6,4,6,9,-0.009904602850
6,4,7,2, 0.000420932526
6,4,7,7, 0.045395789480
6,4,8,3, 0.000420932526
6,4,8,8, 0.045395789480
6,4,9,0,-0.003153471593
6,4,9,1,-0.009687017579
6,4,9,4,-0.004703798408
6,4,9,5,-0.010944300228
6,4,9,6,-0.009904602850
6,4,9,9, 0.051491812959
6,5,0,0, 0.178191349215
6,5,0,1, 0.121768720707
6,5,0,4, 0.028969495589
6,5,0,5, 0.008465744977
6,5,0,6, 0.035605234969
6,5,0,9,-0.011528602458
6,5,1,0, 0.121768720707
6,5,1,1, 0.174188878283
6,5,1,4, 0.026961921737
6,5,1,5, 0.066342543843
6,5,1,6, 0.108032973041
6,5,1,9,-0.045702822748
6,5,2,2, 0.174133726856
6,5,2,7, 0.001450748601
6,5,3,3, 0.174133726856
6,5,3,8, 0.001450748601
6,5,4,0, 0.028969495589
6,5,4,1, 0.026961921737
6,5,4,4, 0.186230499908
6,5,4,5, 0.010299428825
6,5,4,6, 0.032100118423
6,5,4,9,-0.015015566269
6,5,5,0, 0.008465744977
6,5,5,1, 0.066342543843
6,5,5,4, 0.010299428825
6,5,5,5, 0.504699283325
6,5,5,6, 0.300015949963
6,5,6,0, 0.035605234969
6,5,6,1, 0.108032973041
6,5,6,4, 0.032100118423
6,5,6,5, 0.300015949963
6,5,6,6, 0.324022459289
6,5,7,2, 0.001450748601
6,5,7,7, 0.462081934851
6,5,8,3, 0.001450748601
6,5,8,8, 0.462081934851
6,5,9,0,-0.011528602458
6,5,9,1,-0.045702822748
6,5,9,4,-0.015015566269
6,5,9,9, 0.462081934851
6,6,0,0, 0.256504121908
6,6,0,1, 0.174188878283
6,6,0,4, 0.037929978811
6,6,0,5, 0.010468887432
6,6,0,6, 0.049114800782
6,6,0,9,-0.014029791504
6,6,1,0, 0.174188878283
6,6,1,1, 0.245351122720
6,6,1,4, 0.034683866675
6,6,1,5, 0.073863457134
6,6,1,6, 0.139211985551
6,6,1,9,-0.052921049832
6,6,2,2, 0.251575737185
6,6,2,7, 0.001848346706
6,6,3,3, 0.251575737185
6,6,3,8, 0.001848346706
6,6,4,0, 0.037929978811
6,6,4,1, 0.034683866675
6,6,4,4, 0.264497088843
6,6,4,5, 0.013096769182
6,6,4,6, 0.043247622590
6,6,4,9,-0.018703920148
6,6,5,0, 0.010468887432
6,6,5,1, 0.073863457134
6,6,5,4, 0.013096769182
6,6,5,5, 0.507364877272
6,6,5,6, 0.324022459289
6,6,6,0, 0.049114800782
6,6,6,1, 0.139211985551
6,6,6,4, 0.043247622590
6,6,6,5, 0.324022459289
6,6,6,6, 0.394125899248
6,6,7,2, 0.001848346706
6,6,7,7, 0.491073083906
6,6,8,3, 0.001848346706
6,6,8,8, 0.491073083906
6,6,9,0,-0.014029791504
6,6,9,1,-0.052921049832
6,6,9,4,-0.018703920148
6,6,9,9, 0.491073083906
6,7,0,2, 0.006543402826
6,7,0,7, 0.000825050395
6,7,1,2, 0.006115147088
6,7,1,7, 0.014376913180
6,7,2,0, 0.006543402826
6,7,2,1, 0.006115147088
6,7,2,4, 0.002779286840
6,7,2,5, 0.000370094267
6,7,2,6, 0.002042476383
6,7,2,9,-0.000458408864
6,7,4,2, 0.002779286840
6,7,4,7, 0.000645270867
6,7,5,2, 0.000370094267
6,7,5,7, 0.101353944495
6,7,6,2, 0.002042476383
6,7,6,7, 0.072461555243
6,7,7,0, 0.000825050395
6,7,7,1, 0.014376913180
6,7,7,4, 0.000645270867
6,7,7,5, 0.101353944495
6,7,7,6, 0.072461555243
6,7,9,2,-0.000458408864
6,8,0,3, 0.006543402826
6,8,0,8, 0.000825050395
6,8,1,3, 0.006115147088
6,8,1,8, 0.014376913180
6,8,3,0, 0.006543402826
6,8,3,1, 0.006115147088
6,8,3,4, 0.002779286840
6,8,3,5, 0.000370094267
6,8,3,6, 0.002042476383
6,8,3,9,-0.000458408864
6,8,4,3, 0.002779286840
6,8,4,8, 0.000645270867
6,8,5,3, 0.000370094267
6,8,5,8, 0.101353944495
6,8,6,3, 0.002042476383
6,8,6,8, 0.072461555243
6,8,8,0, 0.000825050395
6,8,8,1, 0.014376913180
6,8,8,4, 0.000645270867
6,8,8,5, 0.101353944495
6,8,8,6, 0.072461555243
6,8,9,3,-0.000458408864
6,9,0,0,-0.039883971380
6,9,0,1,-0.026961921737
6,9,0,4,-0.012900304616
6,9,0,5,-0.002670992587
6,9,0,6,-0.009259412171
6,9,0,9, 0.004046563283
6,9,1,0,-0.026961921737
6,9,1,1,-0.034683866675
6,9,1,4,-0.011814613851
6,9,1,5,-0.010011235956
6,9,1,6,-0.019135650631
6,9,1,9, 0.019613207739
6,9,2,2,-0.037193241745
6,9,2,7,-0.000458408864
6,9,3,3,-0.037193241745
6,9,3,8,-0.000458408864
6,9,4,0,-0.012900304616
6,9,4,1,-0.011814613851
6,9,4,4,-0.045257860347
6,9,4,5,-0.003499358735
6,9,4,6,-0.009904602850
6,9,4,9, 0.005418122422
6,9,5,0,-0.002670992587
6,9,5,1,-0.010011235956
6,9,5,4,-0.003499358735
6,9,5,9, 0.101353944495
6,9,6,0,-0.009259412171
6,9,6,1,-0.019135650631
6,9,6,4,-0.009904602850
6,9,6,9, 0.072461555243
6,9,7,2,-0.000458408864
6,9,8,3,-0.000458408864
6,9,9,0, 0.004046563283
6,9,9,1, 0.019613207739
6,9,9,4, 0.005418122422
6,9,9,5, 0.101353944495
6,9,9,6, 0.072461555243
7,0,0,2, 0.000420944318
7,0,0,7, 0.000031773275
7,0,1,2, 0.000370094267
7,0,1,7, 0.000251520328
7,0,2,0, 0.000420944318
7,0,2,1, 0.000370094267
7,0,2,4, 0.000253113677
7,0,2,5, 0.000023875560
7,0,2,6, 0.000131341272
7,0,2,9,-0.000029753877
7,0,4,2, 0.000253113677
7,0,4,7, 0.000033739539
7,0,5,2, 0.000023875560
7,0,5,7, 0.001060101837
7,0,6,2, 0.000131341272
7,0,6,7, 0.000825050395
7,0,7,0, 0.000031773275
7,0,7,1, 0.000251520328
7,0,7,4, 0.000033739539
7,0,7,5, 0.001060101837
7,0,7,6, 0.000825050395
7,0,7,9,-0.000581938665
7,0,9,2,-0.000029753877
7,0,9,7,-0.000581938665
7,1,0,2, 0.002209304431
7,1,0,7, 0.000251520328
7,1,1,2, 0.002042476383
7,1,1,7, 0.003327250420
7,1,2,0, 0.002209304431
7,1,2,1, 0.002042476383
7,1,2,4, 0.001070380158
7,1,2,5, 0.000131341272
7,1,2,6, 0.000705980114
7,1,2,9,-0.000164613364
7,1,4,2, 0.001070380158
7,1,4,7, 0.000217744602
7,1,5,2, 0.000131341272
7,1,5,7, 0.019787835570
7,1,6,2, 0.000705980114
7,1,6,7, 0.014376913180
7,1,7,0, 0.000251520328
7,1,7,1, 0.003327250420
7,1,7,4, 0.000217744602
7,1,7,5, 0.019787835570
7,1,7,6, 0.014376913180
7,1,7,9,-0.004057582018
7,1,9,2,-0.000164613364
7,1,9,7,-0.004057582018
7,2,0,0, 0.002186185215
7,2,0,1, 0.001450748601
7,2,0,4, 0.000530385162
7,2,0,5, 0.000089682313
7,2,0,6, 0.000429555884
7,2,0,9,-0.000122565327
7,2,1,0, 0.001450748601
7,2,1,1, 0.001848346706
7,2,1,4, 0.000458408864
7,2,1,5, 0.000429555884
7,2,1,6, 0.000939024004
7,2,1,9,-0.000420932526
7,2,2,2, 0.002128488190
7,2,2,7, 0.000017362330
7,2,3,3, 0.002048408760
7,2,3,8, 0.000015236331
7,2,4,0, 0.000530385162
7,2,4,1, 0.000458408864
7,2,4,4, 0.002354958729
7,2,4,5, 0.000122565327
7,2,4,6, 0.000420932526
7,2,4,9,-0.000174687209
7,2,5,0, 0.000089682313
7,2,5,1, 0.000429555884
7,2,5,4, 0.000122565327
7,2,5,5, 0.002186185215
7,2,5,6, 0.001450748601
7,2,5,9,-0.000530385162
7,2,6,0, 0.000429555884
7,2,6,1, 0.000939024004
7,2,6,4, 0.000420932526
7,2,6,5, 0.001450748601
7,2,6,6, 0.001848346706
7,2,6,9,-0.000458408864
7,2,7,2, 0.000017362330
7,2,7,7, 0.002128488190
7,2,8,3, 0.000015236331
7,2,8,8, 0.002048408760
7,2,9,0,-0.000122565327
7,2,9,1,-0.000420932526
7,2,9,4,-0.000174687209
7,2,9,5,-0.000530385162
7,2,9,6,-0.000458408864
7,2,9,9, 0.002354958729
7,3,2,3, 0.000040039715
7,3,2,8, 0.000001063000
7,3,3,2, 0.000040039715
7,3,3,7, 0.000001063000
7,3,7,3, 0.000001063000
7,3,7,8, 0.000040039715
7,3,8,2, 0.000001063000
7,3,8,7, 0.000040039715
7,4,0,2, 0.000530385162
7,4,0,7, 0.000033739539
7,4,1,2, 0.000458408864
7,4,1,7, 0.000217744602
7,4,2,0, 0.000530385162
7,4,2,1, 0.000458408864
7,4,2,4, 0.000346589684
7,4,2,5, 0.000029753877
7,4,2,6, 0.000164613364
7,4,2,9,-0.000036921708
7,4,4,2, 0.000346589684
7,4,4,7, 0.000039047708
7,4,5,2, 0.000029753877
7,4,5,7, 0.000790450520
7,4,6,2, 0.000164613364
7,4,6,7, 0.000645270867
7,4,7,0, 0.000033739539
7,4,7,1, 0.000217744602
7,4,7,4, 0.000039047708
7,4,7,5, 0.000790450520
7,4,7,6, 0.000645270867
7,4,7,9,-0.000511865904
7,4,9,2,-0.000036921708
7,4,9,7,-0.000511865904
7,5,0,2, 0.006986505294
7,5,0,7, 0.001060101837
7,5,1,2, 0.006543402826
7,5,1,7, 0.019787835570
7,5,2,0, 0.006986505294
7,5,2,1, 0.006543402826
7,5,2,4, 0.002980075745
7,5,2,5, 0.000420944318
7,5,2,6, 0.002209304431
7,5,2,9,-0.000530385162
7,5,4,2, 0.002980075745
7,5,4,7, 0.000790450520
7,5,5,2, 0.000420944318
7,5,5,7, 0.152608082603
7,5,6,2, 0.002209304431
7,5,6,7, 0.101353944495
7,5,7,0, 0.001060101837
7,5,7,1, 0.019787835570
7,5,7,4, 0.000790450520
7,5,7,5, 0.152608082603
7,5,7,6, 0.101353944495
7,5,9,2,-0.000530385162
7,6,0,2, 0.006543402826
7,6,0,7, 0.000825050395
7,6,1,2, 0.006115147088
7,6,1,7, 0.014376913180
7,6,2,0, 0.006543402826
7,6,2,1, 0.006115147088
7,6,2,4, 0.002779286840
7,6,2,5, 0.000370094267
7,6,2,6, 0.002042476383
7,6,2,9,-0.000458408864
7,6,4,2, 0.002779286840
7,6,4,7, 0.000645270867
7,6,5,2, 0.000370094267
7,6,5,7, 0.101353944495
7,6,6,2, 0.002042476383
7,6,6,7, 0.072461555243
7,6,7,0, 0.000825050395
7,6,7,1, 0.014376913180
7,6,7,4, 0.000645270867
7,6,7,5, 0.101353944495
7,6,7,6, 0.072461555243
7,6,9,2,-0.000458408864
7,7,0,0, 0.254338090811
7,7,0,1, 0.174133726856
7,7,0,4, 0.039675320612
7,7,0,5, 0.012207504002
7,7,0,6, 0.050859026503
7,7,0,9,-0.016519067783
7,7,1,0, 0.174133726856
7,7,1,1, 0.251575737185
7,7,1,4, 0.037193241745
7,7,1,5, 0.100898568391
7,7,1,6, 0.159945889444
7,7,1,9,-0.067256687574
7,7,2,2, 0.249544327255
7,7,2,7, 0.002128488190
7,7,3,3, 0.248695115886
7,7,3,8, 0.002048408760
7,7,4,0, 0.039675320612
7,7,4,1, 0.037193241745
7,7,4,4, 0.264784581165
7,7,4,5, 0.014618311559
7,7,4,6, 0.045395789480
7,7,4,9,-0.021262659177
7,7,5,0, 0.012207504002
7,7,5,1, 0.100898568391
7,7,5,4, 0.014618311559
7,7,5,5, 0.775037038942
7,7,5,6, 0.462081934851
7,7,6,0, 0.050859026503
7,7,6,1, 0.159945889444
7,7,6,4, 0.045395789480
7,7,6,5, 0.462081934851
7,7,6,6, 0.491073083906
7,7,7,2, 0.002128488190
7,7,7,7, 0.785718708997
7,7,8,3, 0.002048408760
7,7,8,8, 0.689508254834
7,7,9,0,-0.016519067783
7,7,9,1,-0.067256687574
7,7,9,4,-0.021262659177
7,7,9,9, 0.689508254834
7,8,2,3, 0.000424605684
7,8,2,8, 0.000040039715
7,8,3,2, 0.000424605684
7,8,3,7, 0.000040039715
7,8,7,3, 0.000040039715
7,8,7,8, 0.048105227081
7,8,8,2, 0.000040039715
7,8,8,7, 0.048105227081
7,9,0,2,-0.002980075745
7,9,0,7,-0.000581938665
7,9,1,2,-0.002779286840
7,9,1,7,-0.004057582018
7,9,2,0,-0.002980075745
7,9,2,1,-0.002779286840
7,9,2,4,-0.001693107738
7,9,2,5,-0.000253113677
7,9,2,6,-0.001070380158
7,9,2,9, 0.000346589684
7,9,4,2,-0.001693107738
7,9,4,7,-0.000511865904
7,9,5,2,-0.000253113677
7,9,6,2,-0.001070380158
7,9,7,0,-0.000581938665
7,9,7,1,-0.004057582018
7,9,7,4,-0.000511865904
7,9,7,9, 0.048105227081
7,9,9,2, 0.000346589684
7,9,9,7, 0.048105227081
8,0,0,3, 0.000420944318
8,0,0,8, 0.000031773275
8,0,1,3, 0.000370094267
8,0,1,8, 0.000251520328
8,0,3,0, 0.000420944318
8,0,3,1, 0.000370094267
8,0,3,4, 0.000253113677
8,0,3,5, 0.000023875560
8,0,3,6, 0.000131341272
8,0,3,9,-0.000029753877
8,0,4,3, 0.000253113677
8,0,4,8, 0.000033739539
8,0,5,3, 0.000023875560
8,0,5,8, 0.001060101837
8,0,6,3, 0.000131341272
8,0,6,8, 0.000825050395
8,0,8,0, 0.000031773275
8,0,8,1, 0.000251520328
8,0,8,4, 0.000033739539
8,0,8,5, 0.001060101837
8,0,8,6, 0.000825050395
8,0,8,9,-0.000581938665
8,0,9,3,-0.000029753877
8,0,9,8,-0.000581938665
8,1,0,3, 0.002209304431
8,1,0,8, 0.000251520328
8,1,1,3, 0.002042476383
8,1,1,8, 0.003327250420
8,1,3,0, 0.002209304431
8,1,3,1, 0.002042476383
8,1,3,4, 0.001070380158
8,1,3,5, 0.000131341272
8,1,3,6, 0.000705980114
8,1,3,9,-0.000164613364
8,1,4,3, 0.001070380158
8,1,4,8, 0.000217744602
8,1,5,3, 0.000131341272
8,1,5,8, 0.019787835570
8,1,6,3, 0.000705980114
8,1,6,8, 0.014376913180
8,1,8,0, 0.000251520328
8,1,8,1, 0.003327250420
8,1,8,4, 0.000217744602
8,1,8,5, 0.019787835570
8,1,8,6, 0.014376913180
8,1,8,9,-0.004057582018
8,1,9,3,-0.000164613364
8,1,9,8,-0.004057582018
8,2,2,3, 0.000040039715
8,2,2,8, 0.000001063000
8,2,3,2, 0.000040039715
8,2,3,7, 0.000001063000
8,2,7,3, 0.000001063000
8,2,7,8, 0.000040039715
8,2,8,2, 0.000001063000
8,2,8,7, 0.000040039715
8,3,0,0, 0.002186185215
8,3,0,1, 0.001450748601
8,3,0,4, 0.000530385162
8,3,0,5, 0.000089682313
8,3,0,6, 0.000429555884
8,3,0,9,-0.000122565327
8,3,1,0, 0.001450748601
8,3,1,1, 0.001848346706
8,3,1,4, 0.000458408864
8,3,1,5, 0.000429555884
8,3,1,6, 0.000939024004
8,3,1,9,-0.000420932526
8,3,2,2, 0.002048408760
8,3,2,7, 0.000015236331
8,3,3,3, 0.002128488190
8,3,3,8, 0.000017362330
8,3,4,0, 0.000530385162
8,3,4,1, 0.000458408864
8,3,4,4, 0.002354958729
8,3,4,5, 0.000122565327
8,3,4,6, 0.000420932526
8,3,4,9,-0.000174687209
8,3,5,0, 0.000089682313
8,3,5,1, 0.000429555884
8,3,5,4, 0.000122565327
8,3,5,5, 0.002186185215
8,3,5,6, 0.001450748601
8,3,5,9,-0.000530385162
8,3,6,0, 0.000429555884
8,3,6,1, 0.000939024004
8,3,6,4, 0.000420932526
8,3,6,5, 0.001450748601
8,3,6,6, 0.001848346706
8,3,6,9,-0.000458408864
8,3,7,2, 0.000015236331
8,3,7,7, 0.002048408760
8,3,8,3, 0.000017362330
8,3,8,8, 0.002128488190
8,3,9,0,-0.000122565327
8,3,9,1,-0.000420932526
8,3,9,4,-0.000174687209
8,3,9,5,-0.000530385162
8,3,9,6,-0.000458408864
8,3,9,9, 0.002354958729
8,4,0,3, 0.000530385162
8,4,0,8, 0.000033739539
8,4,1,3, 0.000458408864
8,4,1,8, 0.000217744602
8,4,3,0, 0.000530385162
8,4,3,1, 0.000458408864
8,4,3,4, 0.000346589684
8,4,3,5, 0.000029753877
8,4,3,6, 0.000164613364
8,4,3,9,-0.000036921708
8,4,4,3, 0.000346589684
8,4,4,8, 0.000039047708
8,4,5,3, 0.000029753877
8,4,5,8, 0.000790450520
8,4,6,3, 0.000164613364
8,4,6,8, 0.000645270867
8,4,8,0, 0.000033739539
8,4,8,1, 0.000217744602
8,4,8,4, 0.000039047708
8,4,8,5, 0.000790450520
8,4,8,6, 0.000645270867
8,4,8,9,-0.000511865904
8,4,9,3,-0.000036921708
8,4,9,8,-0.000511865904
8,5,0,3, 0.006986505294
8,5,0,8, 0.001060101837
8,5,1,3, 0.006543402826
8,5,1,8, 0.019787835570
8,5,3,0, 0.006986505294
8,5,3,1, 0.006543402826
8,5,3,4, 0.002980075745
8,5,3,5, 0.000420944318
8,5,3,6, 0.002209304431
8,5,3,9,-0.000530385162
8,5,4,3, 0.002980075745
8,5,4,8, 0.000790450520
8,5,5,3, 0.000420944318
8,5,5,8, 0.152608082603
8,5,6,3, 0.002209304431
8,5,6,8, 0.101353944495
8,5,8,0, 0.001060101837
8,5,8,1, 0.019787835570
8,5,8,4, 0.000790450520
8,5,8,5, 0.152608082603
8,5,8,6, 0.101353944495
8,5,9,3,-0.000530385162
8,6,0,3, 0.006543402826
8,6,0,8, 0.000825050395
8,6,1,3, 0.006115147088
8,6,1,8, 0.014376913180
8,6,3,0, 0.006543402826
8,6,3,1, 0.006115147088
8,6,3,4, 0.002779286840
8,6,3,5, 0.000370094267
8,6,3,6, 0.002042476383
8,6,3,9,-0.000458408864
8,6,4,3, 0.002779286840
8,6,4,8, 0.000645270867
8,6,5,3, 0.000370094267
8,6,5,8, 0.101353944495
8,6,6,3, 0.002042476383
8,6,6,8, 0.072461555243
8,6,8,0, 0.000825050395
8,6,8,1, 0.014376913180
8,6,8,4, 0.000645270867
8,6,8,5, 0.101353944495
8,6,8,6, 0.072461555243
8,6,9,3,-0.000458408864
8,7,2,3, 0.000424605684
8,7,2,8, 0.000040039715
8,7,3,2, 0.000424605684
8,7,3,7, 0.000040039715
8,7,7,3, 0.000040039715
8,7,7,8, 0.048105227081
8,7,8,2, 0.000040039715
8,7,8,7, 0.048105227081
8,8,0,0, 0.254338090811
8,8,0,1, 0.174133726856
8,8,0,4, 0.039675320612
8,8,0,5, 0.012207504002
8,8,0,6, 0.050859026503
8,8,0,9,-0.016519067783
8,8,1,0, 0.174133726856
8,8,1,1, 0.251575737185
8,8,1,4, 0.037193241745
8,8,1,5, 0.100898568391
8,8,1,6, 0.159945889444
8,8,1,9,-0.067256687574
8,8,2,2, 0.248695115886
8,8,2,7, 0.002048408760
8,8,3,3, 0.249544327255
8,8,3,8, 0.002128488190
8,8,4,0, 0.039675320612
8,8,4,1, 0.037193241745
8,8,4,4, 0.264784581165
8,8,4,5, 0.014618311559
8,8,4,6, 0.045395789480
8,8,4,9,-0.021262659177
8,8,5,0, 0.012207504002
8,8,5,1, 0.100898568391
8,8,5,4, 0.014618311559
8,8,5,5, 0.775037038942
8,8,5,6, 0.462081934851
8,8,6,0, 0.050859026503
8,8,6,1, 0.159945889444
8,8,6,4, 0.045395789480
8,8,6,5, 0.462081934851
8,8,6,6, 0.491073083906
8,8,7,2, 0.002048408760
8,8,7,7, 0.689508254834
8,8,8,3, 0.002128488190
8,8,8,8, 0.785718708997
8,8,9,0,-0.016519067783
8,8,9,1,-0.067256687574
8,8,9,4,-0.021262659177
8,8,9,9, 0.689508254834
8,9,0,3,-0.002980075745
8,9,0,8,-0.000581938665
8,9,1,3,-0.002779286840
8,9,1,8,-0.004057582018
8,9,3,0,-0.002980075745
8,9,3,1,-0.002779286840
8,9,3,4,-0.001693107738
8,9,3,5,-0.000253113677
8,9,3,6,-0.001070380158
8,9,3,9, 0.000346589684
8,9,4,3,-0.001693107738
8,9,4,8,-0.000511865904
8,9,5,3,-0.000253113677
8,9,6,3,-0.001070380158
8,9,8,0,-0.000581938665
8,9,8,1,-0.004057582018
8,9,8,4,-0.000511865904
8,9,8,9, 0.048105227081
8,9,9,3, 0.000346589684
8,9,9,8, 0.048105227081
9,0,0,0,-0.015577521587
9,0,0,1,-0.010299428825
9,0,0,4,-0.004088555960
9,0,0,5,-0.000705462966
9,0,0,6,-0.003124491152
9,0,0,9, 0.000995645965
9,0,1,0,-0.010299428825
9,0,1,1,-0.013096769182
9,0,1,4,-0.003499358735
9,0,1,5,-0.003416646393
9,0,1,6,-0.006924209875
9,0,1,9, 0.003457948544
9,0,2,2,-0.014618311559
9,0,2,7,-0.000122565327
9,0,3,3,-0.014618311559
9,0,3,8,-0.000122565327
9,0,4,0,-0.004088555960
9,0,4,1,-0.003499358735
9,0,4,4,-0.017145094210
9,0,4,5,-0.000969511866
9,0,4,6,-0.003153471593
9,0,4,9, 0.001423331388
9,0,5,0,-0.000705462966
9,0,5,1,-0.003416646393
9,0,5,4,-0.000969511866
9,0,5,5,-0.017780201047
9,0,5,6,-0.011528602458
9,0,5,9, 0.004960014405
9,0,6,0,-0.003124491152
9,0,6,1,-0.006924209875
9,0,6,4,-0.003153471593
9,0,6,5,-0.011528602458
9,0,6,6,-0.014029791504
9,0,6,9, 0.004046563283
9,0,7,2,-0.000122565327
9,0,7,7,-0.016519067783
9,0,8,3,-0.000122565327
9,0,8,8,-0.016519067783
9,0,9,0, 0.000995645965
9,0,9,1, 0.003457948544
9,0,9,4, 0.001423331388
9,0,9,5, 0.004960014405
9,0,9,6, 0.004046563283
9,0,9,9,-0.019557617627
9,1,0,0,-0.047473943239
9,1,0,1,-0.032100118423
9,1,0,4,-0.010944300228
9,1,0,5,-0.002420700700
9,1,0,6,-0.009876811648
9,1,0,9, 0.003457948544
9,1,1,0,-0.032100118423
9,1,1,1,-0.043247622590
9,1,1,4,-0.009904602850
9,1,1,5,-0.013433716302
9,1,1,6,-0.024697762819
9,1,1,9, 0.013648710910
9,1,2,2,-0.045395789480
9,1,2,7,-0.000420932526
9,1,3,3,-0.045395789480
9,1,3,8,-0.000420932526
9,1,4,0,-0.010944300228
9,1,4,1,-0.009904602850
9,1,4,4,-0.051491812959
9,1,4,5,-0.003153471593
9,1,4,6,-0.009687017579
9,1,4,9, 0.004703798408
9,1,5,0,-0.002420700700
9,1,5,1,-0.013433716302
9,1,5,4,-0.003153471593
9,1,5,5,-0.072528532236
9,1,5,6,-0.045702822748
9,1,5,9, 0.026369904316
9,1,6,0,-0.009876811648
9,1,6,1,-0.024697762819
9,1,6,4,-0.009687017579
9,1,6,5,-0.045702822748
9,1,6,6,-0.052921049832
9,1,6,9, 0.019613207739
9,1,7,2,-0.000420932526
9,1,7,7,-0.067256687574
9,1,8,3,-0.000420932526
9,1,8,8,-0.067256687574
9,1,9,0, 0.003457948544
9,1,9,1, 0.013648710910
9,1,9,4, 0.004703798408
9,1,9,5, 0.026369904316
9,1,9,6, 0.019613207739
9,1,9,9,-0.076533565971
9,2,0,2,-0.000790450520
9,2,0,7,-0.000029753877
9,2,1,2,-0.000645270867
9,2,1,7,-0.000164613364
9,2,2,0,-0.000790450520
9,2,2,1,-0.000645270867
9,2,2,4,-0.000511865904
9,2,2,5,-0.000033739539
9,2,2,6,-0.000217744602
9,2,2,9, 0.000039047708
9,2,4,2,-0.000511865904
9,2,4,7,-0.000036921708
9,2,5,2,-0.000033739539
9,2,5,7,-0.000530385162
9,2,6,2,-0.000217744602
9,2,6,7,-0.000458408864
9,2,7,0,-0.000029753877
9,2,7,1,-0.000164613364
9,2,7,4,-0.000036921708
9,2,7,5,-0.000530385162
9,2,7,6,-0.000458408864
9,2,7,9, 0.000346589684
9,2,9,2, 0.000039047708
9,2,9,7, 0.000346589684
9,3,0,3,-0.000790450520
9,3,0,8,-0.000029753877
9,3,1,3,-0.000645270867
9,3,1,8,-0.000164613364
9,3,3,0,-0.000790450520
9,3,3,1,-0.000645270867
9,3,3,4,-0.000511865904
9,3,3,5,-0.000033739539
9,3,3,6,-0.000217744602
9,3,3,9, 0.000039047708
9,3,4,3,-0.000511865904
9,3,4,8,-0.000036921708
9,3,5,3,-0.000033739539
9,3,5,8,-0.000530385162
9,3,6,3,-0.000217744602
9,3,6,8,-0.000458408864
9,3,8,0,-0.000029753877
9,3,8,1,-0.000164613364
9,3,8,4,-0.000036921708
9,3,8,5,-0.000530385162
9,3,8,6,-0.000458408864
9,3,8,9, 0.000346589684
9,3,9,3, 0.000039047708
9,3,9,8, 0.000346589684
9,4,0,0,-0.022836405678
9,4,0,1,-0.015015566269
9,4,0,4,-0.006428643991
9,4,0,5,-0.001011025550
9,4,0,6,-0.004567086643
9,4,0,9, 0.001423331388
9,4,1,0,-0.015015566269
9,4,1,1,-0.018703920148
9,4,1,4,-0.005418122422
9,4,1,5,-0.004567086643
9,4,1,6,-0.009633793987
9,4,1,9, 0.004703798408
9,4,2,2,-0.021262659177
9,4,2,7,-0.000174687209
9,4,3,3,-0.021262659177
9,4,3,8,-0.000174687209
9,4,4,0,-0.006428643991
9,4,4,1,-0.005418122422
9,4,4,4,-0.025524853430
9,4,4,5,-0.001423331388
9,4,4,6,-0.004703798408
9,4,4,9, 0.002080703337
9,4,5,0,-0.001011025550
9,4,5,1,-0.004567086643
9,4,5,4,-0.001423331388
9,4,5,5,-0.022836405678
9,4,5,6,-0.015015566269
9,4,5,9, 0.006428643991
9,4,6,0,-0.004567086643
9,4,6,1,-0.009633793987
9,4,6,4,-0.004703798408
9,4,6,5,-0.015015566269
9,4,6,6,-0.018703920148
9,4,6,9, 0.005418122422
9,4,7,2,-0.000174687209
9,4,7,7,-0.021262659177
9,4,8,3,-0.000174687209
9,4,8,8,-0.021262659177
9,4,9,0, 0.001423331388
9,4,9,1, 0.004703798408
9,4,9,4, 0.002080703337
9,4,9,5, 0.006428643991
9,4,9,6, 0.005418122422
9,4,9,9,-0.025524853430
9,5,0,0,-0.042616126495
9,5,0,1,-0.028969495589
9,5,0,4,-0.013914824115
9,5,0,5,-0.003230364745
9,5,0,6,-0.010213158860
9,5,0,9, 0.004960014405
9,5,1,0,-0.028969495589
9,5,1,1,-0.037929978811
9,5,1,4,-0.012900304616
9,5,1,5,-0.013106394744
9,5,1,6,-0.022134926398
9,5,1,9, 0.026369904316
9,5,2,2,-0.039675320612
9,5,2,7,-0.000530385162
9,5,3,3,-0.039675320612
9,5,3,8,-0.000530385162
9,5,4,0,-0.013914824115
9,5,4,1,-0.012900304616
9,5,4,4,-0.048535167910
9,5,4,5,-0.004088555960
9,5,4,6,-0.010944300228
9,5,4,9, 0.006428643991
9,5,5,0,-0.003230364745
9,5,5,1,-0.013106394744
9,5,5,4,-0.004088555960
9,5,5,9, 0.152608082603
9,5,6,0,-0.010213158860
9,5,6,1,-0.022134926398
9,5,6,4,-0.010944300228
9,5,6,9, 0.101353944495
9,5,7,2,-0.000530385162
9,5,8,3,-0.000530385162
9,5,9,0, 0.004960014405
9,5,9,1, 0.026369904316
9,5,9,4, 0.006428643991
9,5,9,5, 0.152608082603
9,5,9,6, 0.101353944495
9,6,0,0,-0.039883971380
9,6,0,1,-0.026961921737
9,6,0,4,-0.012900304616
9,6,0,5,-0.002670992587
9,6,0,6,-0.009259412171
9,6,0,9, 0.004046563283
9,6,1,0,-0.026961921737
9,6,1,1,-0.034683866675
9,6,1,4,-0.011814613851
9,6,1,5,-0.010011235956
9,6,1,6,-0.019135650631
9,6,1,9, 0.019613207739
9,6,2,2,-0.037193241745
9,6,2,7,-0.000458408864
9,6,3,3,-0.037193241745
9,6,3,8,-0.000458408864
9,6,4,0,-0.012900304616
9,6,4,1,-0.011814613851
9,6,4,4,-0.045257860347
9,6,4,5,-0.003499358735
9,6,4,6,-0.009904602850
9,6,4,9, 0.005418122422
9,6,5,0,-0.002670992587
9,6,5,1,-0.010011235956
9,6,5,4,-0.003499358735
9,6,5,9, 0.101353944495
9,6,6,0,-0.009259412171
9,6,6,1,-0.019135650631
9,6,6,4,-0.009904602850
9,6,6,9, 0.072461555243
9,6,7,2,-0.000458408864
9,6,8,3,-0.000458408864
9,6,9,0, 0.004046563283
9,6,9,1, 0.019613207739
9,6,9,4, 0.005418122422
9,6,9,5, 0.101353944495
9,6,9,6, 0.072461555243
9,7,0,2,-0.002980075745
9,7,0,7,-0.000581938665
9,7,1,2,-0.002779286840
9,7,1,7,-0.004057582018
9,7,2,0,-0.002980075745
9,7,2,1,-0.002779286840
9,7,2,4,-0.001693107738
9,7,2,5,-0.000253113677
9,7,2,6,-0.001070380158
9,7,2,9, 0.000346589684
9,7,4,2,-0.001693107738
9,7,4,7,-0.000511865904
9,7,5,2,-0.000253113677
9,7,6,2,-0.001070380158
9,7,7,0,-0.000581938665
9,7,7,1,-0.004057582018
9,7,7,4,-0.000511865904
9,7,7,9, 0.048105227081
9,7,9,2, 0.000346589684
9,7,9,7, 0.048105227081
9,8,0,3,-0.002980075745
9,8,0,8,-0.000581938665
9,8,1,3,-0.002779286840
9,8,1,8,-0.004057582018
9,8,3,0,-0.002980075745
9,8,3,1,-0.002779286840
9,8,3,4,-0.001693107738
9,8,3,5,-0.000253113677
9,8,3,6,-0.001070380158
9,8,3,9, 0.000346589684
9,8,4,3,-0.001693107738
9,8,4,8,-0.000511865904
9,8,5,3,-0.000253113677
9,8,6,3,-0.001070380158
9,8,8,0,-0.000581938665
9,8,8,1,-0.004057582018
9,8,8,4,-0.000511865904
9,8,8,9, 0.048105227081
9,8,9,3, 0.000346589684
9,8,9,8, 0.048105227081
9,9,0,0, 0.272483455658
9,9,0,1, 0.186230499908
9,9,0,4, 0.048535167910
9,9,0,5, 0.013959002172
9,9,0,6, 0.055673700777
9,9,0,9,-0.019557617627
9,9,1,0, 0.186230499908
9,9,1,1, 0.264497088843
9,9,1,4, 0.045257860347
9,9,1,5, 0.103776142830
9,9,1,6, 0.165379565671
9,9,1,9,-0.076533565971
9,9,2,2, 0.264784581165
9,9,2,7, 0.002354958729
9,9,3,3, 0.264784581165
9,9,3,8, 0.002354958729
9,9,4,0, 0.048535167910
9,9,4,1, 0.045257860347
9,9,4,4, 0.287962443955
9,9,4,5, 0.017145094210
9,9,4,6, 0.051491812959
9,9,4,9,-0.025524853430
9,9,5,0, 0.013959002172
9,9,5,1, 0.103776142830
9,9,5,4, 0.017145094210
9,9,5,5, 0.775037038942
9,9,5,6, 0.462081934851
9,9,6,0, 0.055673700777
9,9,6,1, 0.165379565671
9,9,6,4, 0.051491812959
9,9,6,5, 0.462081934851
9,9,6,6, 0.491073083906
9,9,7,2, 0.002354958729
9,9,7,7, 0.689508254834
9,9,8,3, 0.002354958729
9,9,8,8, 0.689508254834
9,9,9,0,-0.019557617627
9,9,9,1,-0.076533565971
9,9,9,4,-0.025524853430
9,9,9,9, 0.785718708997
