0,0,0,0, 0.897251802255
0,0,0,1, 0.504699283325
0,0,0,5, 0.012066630976
0,0,0,6, 0.106005225659
0,0,0,9,-0.014273805310
0,0,1,0, 0.504699283325
0,0,1,1, 0.507364877272
0,0,1,5, 0.050526248627
0,0,1,6, 0.160940934024
0,0,1,9,-0.045760926754
0,0,2,2, 0.775037038942
0,0,2,7, 0.001939356235
0,0,3,3, 0.775037038942
0,0,3,8, 0.001939356235
0,0,4,4, 0.775037038942
0,0,4,5, 0.016403146490
0,0,4,6, 0.070899680814
0,0,4,9,-0.020705676152
0,0,5,0, 0.012066630976
0,0,5,1, 0.050526248627
0,0,5,4, 0.016403146490
0,0,5,5, 0.257702389695
0,0,5,6, 0.176371759670
0,0,5,9,-0.041748597472
0,0,6,0, 0.106005225659
0,0,6,1, 0.160940934024
0,0,6,4, 0.070899680814
0,0,6,5, 0.176371759670
0,0,6,6, 0.254120377473
0,0,6,9,-0.039081981961
0,0,7,2, 0.001939356235
0,0,7,7, 0.251840219761
0,0,8,3, 0.001939356235
0,0,8,8, 0.251840219761
0,0,9,0,-0.014273805310
0,0,9,1,-0.045760926754
0,0,9,4,-0.020705676152
0,0,9,5,-0.041748597472
0,0,9,6,-0.039081981961
0,0,9,9, 0.269439727949
0,1,0,0, 0.504699283325
0,1,0,1, 0.300015949963
0,1,0,5, 0.007835150860
0,1,0,6, 0.064285184712
0,1,0,9,-0.009452741042
0,1,1,0, 0.300015949963
0,1,1,1, 0.324022459289
0,1,1,5, 0.034237893927
0,1,1,6, 0.105615557026
0,1,1,9,-0.030970453231
0,1,2,2, 0.462081934851
0,1,2,7, 0.001288221870
0,1,3,3, 0.462081934851
0,1,3,8, 0.001288221870
0,1,4,4, 0.462081934851
0,1,4,5, 0.010644936293
0,1,4,6, 0.044683645874
0,1,4,9,-0.013631959342
0,1,5,0, 0.007835150860
0,1,5,1, 0.034237893927
0,1,5,4, 0.010644936293
0,1,5,5, 0.176371759670
0,1,5,6, 0.120547766152
0,1,5,9,-0.028400790282
0,1,6,0, 0.064285184712
0,1,6,1, 0.105615557026
0,1,6,4, 0.044683645874
0,1,6,5, 0.120547766152
0,1,6,6, 0.172638969867
0,1,6,9,-0.026449186260
0,1,7,2, 0.001288221870
0,1,7,7, 0.172429915680
0,1,8,3, 0.001288221870
0,1,8,8, 0.172429915680
0,1,9,0,-0.009452741042
0,1,9,1,-0.030970453231
0,1,9,4,-0.013631959342
0,1,9,5,-0.028400790282
0,1,9,6,-0.026449186260
0,1,9,9, 0.184191386018
0,2,0,2, 0.152608082603
0,2,0,7, 0.000376345061
0,2,1,2, 0.101353944495
0,2,1,7, 0.002076314703
0,2,2,0, 0.152608082603
0,2,2,1, 0.101353944495
0,2,2,5, 0.000960125495
0,2,2,6, 0.019122719769
0,2,2,9,-0.000697363189
0,2,4,7, 0.000469561468
0,2,5,2, 0.000960125495
0,2,5,7, 0.006773190550
0,2,6,2, 0.019122719769
0,2,6,7, 0.006344873139
0,2,7,0, 0.000376345061
0,2,7,1, 0.002076314703
0,2,7,4, 0.000469561468
0,2,7,5, 0.006773190550
0,2,7,6, 0.006344873139
0,2,7,9,-0.002859816115
0,2,9,2,-0.000697363189
0,2,9,7,-0.002859816115
0,3,0,3, 0.152608082603
0,3,0,8, 0.000376345061
0,3,1,3, 0.101353944495
0,3,1,8, 0.002076314703
0,3,3,0, 0.152608082603
0,3,3,1, 0.101353944495
0,3,3,5, 0.000960125495
0,3,3,6, 0.019122719769
0,3,3,9,-0.000697363189
0,3,4,8, 0.000469561468
0,3,5,3, 0.000960125495
0,3,5,8, 0.006773190550
0,3,6,3, 0.019122719769
0,3,6,8, 0.006344873139
0,3,8,0, 0.000376345061
0,3,8,1, 0.002076314703
0,3,8,4, 0.000469561468
0,3,8,5, 0.006773190550
0,3,8,6, 0.006344873139
0,3,8,9,-0.002859816115
0,3,9,3,-0.000697363189
0,3,9,8,-0.002859816115
0,4,0,4, 0.152608082603
0,4,0,5, 0.002985811772
0,4,0,6, 0.012811983605
0,4,0,9,-0.003726709321
0,4,1,4, 0.101353944495
0,4,1,5, 0.009751610141
0,4,1,6, 0.021759781739
0,4,1,9,-0.010440425552
0,4,2,7, 0.000469561468
0,4,3,8, 0.000469561468
0,4,4,0, 0.152608082603
0,4,4,1, 0.101353944495
0,4,4,5, 0.004569383531
0,4,4,6, 0.025618238321
0,4,4,9,-0.005805441146
0,4,5,0, 0.002985811772
0,4,5,1, 0.009751610141
0,4,5,4, 0.004569383531
0,4,5,5, 0.041748597472
0,4,5,6, 0.028400790282
0,4,5,9,-0.013497863160
0,4,6,0, 0.012811983605
0,4,6,1, 0.021759781739
0,4,6,4, 0.025618238321
0,4,6,5, 0.028400790282
0,4,6,6, 0.037399689154
0,4,6,9,-0.012529672476
0,4,7,2, 0.000469561468
0,4,7,7, 0.038922301539
0,4,8,3, 0.000469561468
0,4,8,8, 0.038922301539
0,4,9,0,-0.003726709321
0,4,9,1,-0.010440425552
0,4,9,4,-0.005805441146
0,4,9,5,-0.013497863160
0,4,9,6,-0.012529672476
0,4,9,9, 0.047435299144
0,5,0,0, 0.012066630976
0,5,0,1, 0.007835150860
0,5,0,4, 0.002985811772
0,5,0,5, 0.000445807526
0,5,0,6, 0.002229053814
0,5,0,9,-0.000608939933
0,5,1,0, 0.007835150860
0,5,1,1, 0.009714357458
0,5,1,4, 0.002474881947
0,5,1,5, 0.002229053814
0,5,1,6, 0.004809719739
0,5,1,9,-0.002194231760
0,5,2,2, 0.011290245789
0,5,2,7, 0.000074692539
0,5,3,3, 0.011290245789
0,5,3,8, 0.000074692539
0,5,4,0, 0.002985811772
0,5,4,1, 0.002474881947
0,5,4,4, 0.012914593242
0,5,4,5, 0.000608939933
0,5,4,6, 0.002194231760
0,5,4,9,-0.000861194779
0,5,5,0, 0.000445807526
0,5,5,1, 0.002229053814
0,5,5,4, 0.000608939933
0,5,5,5, 0.012066630976
0,5,5,6, 0.007835150860
0,5,5,9,-0.002985811772
0,5,6,0, 0.002229053814
0,5,6,1, 0.004809719739
0,5,6,4, 0.002194231760
0,5,6,5, 0.007835150860
0,5,6,6, 0.009714357458
0,5,6,9,-0.002474881947
0,5,7,2, 0.000074692539
0,5,7,7, 0.011290245789
0,5,8,3, 0.000074692539
0,5,8,8, 0.011290245789
0,5,9,0,-0.000608939933
0,5,9,1,-0.002194231760
0,5,9,4,-0.000861194779
0,5,9,5,-0.002985811772
0,5,9,6,-0.002474881947
0,5,9,9, 0.012914593242
0,6,0,0, 0.106005225659
0,6,0,1, 0.064285184712
0,6,0,4, 0.012811983605
0,6,0,5, 0.002229053814
0,6,0,6, 0.015441936542
0,6,0,9,-0.002793705130
0,6,1,0, 0.064285184712
0,6,1,1, 0.071616909088
0,6,1,4, 0.009790840035
0,6,1,5, 0.009881208371
0,6,1,6, 0.027354683075
0,6,1,9,-0.009271415348
0,6,2,2, 0.097745066668
0,6,2,7, 0.000371429983
0,6,3,3, 0.097745066668
0,6,3,8, 0.000371429983
0,6,4,0, 0.012811983605
0,6,4,1, 0.009790840035
0,6,4,4, 0.100585326299
0,6,4,5, 0.003070322071
0,6,4,6, 0.012750189263
0,6,4,9,-0.004038240159
0,6,5,0, 0.002229053814
0,6,5,1, 0.009881208371
0,6,5,4, 0.003070322071
0,6,5,5, 0.050526248627
0,6,5,6, 0.034237893927
0,6,5,9,-0.009751610141
0,6,6,0, 0.015441936542
0,6,6,1, 0.027354683075
0,6,6,4, 0.012750189263
0,6,6,5, 0.034237893927
0,6,6,6, 0.047318631200
0,6,6,9,-0.008853828997
0,6,7,2, 0.000371429983
0,6,7,7, 0.048901191566
0,6,8,3, 0.000371429983
0,6,8,8, 0.048901191566
0,6,9,0,-0.002793705130
0,6,9,1,-0.009271415348
0,6,9,4,-0.004038240159
0,6,9,5,-0.009751610141
0,6,9,6,-0.008853828997
0,6,9,9, 0.053483368291
0,7,0,2, 0.000376345061
0,7,0,7, 0.000026786536
0,7,1,2, 0.000331759830
0,7,1,7, 0.000222548659
0,7,2,0, 0.000376345061
0,7,2,1, 0.000331759830
0,7,2,4, 0.000225635437
0,7,2,5, 0.000020001238
0,7,2,6, 0.000114799431
0,7,2,9,-0.000024627370
0,7,4,2, 0.000225635437
0,7,4,7, 0.000027928494
0,7,5,2, 0.000020001238
0,7,5,7, 0.000960125495
0,7,6,2, 0.000114799431
0,7,6,7, 0.000748957731
0,7,7,0, 0.000026786536
0,7,7,1, 0.000222548659
0,7,7,4, 0.000027928494
0,7,7,5, 0.000960125495
0,7,7,6, 0.000748957731
0,7,7,9,-0.000529990798
0,7,9,2,-0.000024627370
0,7,9,7,-0.000529990798
0,8,0,3, 0.000376345061
0,8,0,8, 0.000026786536
0,8,1,3, 0.000331759830
0,8,1,8, 0.000222548659
0,8,3,0, 0.000376345061
0,8,3,1, 0.000331759830
0,8,3,4, 0.000225635437
0,8,3,5, 0.000020001238
0,8,3,6, 0.000114799431
0,8,3,9,-0.000024627370
0,8,4,3, 0.000225635437
0,8,4,8, 0.000027928494
0,8,5,3, 0.000020001238
0,8,5,8, 0.000960125495
0,8,6,3, 0.000114799431
0,8,6,8, 0.000748957731
0,8,8,0, 0.000026786536
0,8,8,1, 0.000222548659
0,8,8,4, 0.000027928494
0,8,8,5, 0.000960125495
0,8,8,6, 0.000748957731
0,8,8,9,-0.000529990798
0,8,9,3,-0.000024627370
0,8,9,8,-0.000529990798
0,9,0,0,-0.014273805310
0,9,0,1,-0.009452741042
0,9,0,4,-0.003726709321
0,9,0,5,-0.000608939933
0,9,0,6,-0.002793705130
0,9,0,9, 0.000855324028
0,9,1,0,-0.009452741042
0,9,1,1,-0.012064262524
0,9,1,4,-0.003201121472
0,9,1,5,-0.003070322071
0,9,1,6,-0.006297807063
0,9,1,9, 0.003123079952
0,9,2,2,-0.013408730433
0,9,2,7,-0.000101486646
0,9,3,3,-0.013408730433
0,9,3,8,-0.000101486646
0,9,4,0,-0.003726709321
0,9,4,1,-0.003201121472
0,9,4,4,-0.015709472287
0,9,4,5,-0.000830848665
0,9,4,6,-0.002831089923
0,9,4,9, 0.001205088054
0,9,5,0,-0.000608939933
0,9,5,1,-0.003070322071
0,9,5,4,-0.000830848665
0,9,5,5,-0.016403146490
0,9,5,6,-0.010644936293
0,9,5,9, 0.004569383531
0,9,6,0,-0.002793705130
0,9,6,1,-0.006297807063
0,9,6,4,-0.002831089923
0,9,6,5,-0.010644936293
0,9,6,6,-0.012976094900
0,9,6,9, 0.003735142193
0,9,7,2,-0.000101486646
0,9,7,7,-0.015246061801
0,9,8,3,-0.000101486646
0,9,8,8,-0.015246061801
0,9,9,0, 0.000855324028
0,9,9,1, 0.003123079952
0,9,9,4, 0.001205088054
0,9,9,5, 0.004569383531
0,9,9,6, 0.003735142193
0,9,9,9,-0.018050101733
1,0,0,0, 0.504699283325
1,0,0,1, 0.300015949963
1,0,0,5, 0.007835150860
1,0,0,6, 0.064285184712
1,0,0,9,-0.009452741042
1,0,1,0, 0.300015949963
1,0,1,1, 0.324022459289
1,0,1,5, 0.034237893927
1,0,1,6, 0.105615557026
1,0,1,9,-0.030970453231
1,0,2,2, 0.462081934851
1,0,2,7, 0.001288221870
1,0,3,3, 0.462081934851
1,0,3,8, 0.001288221870
1,0,4,4, 0.462081934851
1,0,4,5, 0.010644936293
1,0,4,6, 0.044683645874
1,0,4,9,-0.013631959342
1,0,5,0, 0.007835150860
1,0,5,1, 0.034237893927
1,0,5,4, 0.010644936293
1,0,5,5, 0.176371759670
1,0,5,6, 0.120547766152
1,0,5,9,-0.028400790282
1,0,6,0, 0.064285184712
1,0,6,1, 0.105615557026
1,0,6,4, 0.044683645874
1,0,6,5, 0.120547766152
1,0,6,6, 0.172638969867
1,0,6,9,-0.026449186260
1,0,7,2, 0.001288221870
1,0,7,7, 0.172429915680
1,0,8,3, 0.001288221870
1,0,8,8, 0.172429915680
1,0,9,0,-0.009452741042
1,0,9,1,-0.030970453231
1,0,9,4,-0.013631959342
1,0,9,5,-0.028400790282
1,0,9,6,-0.026449186260
1,0,9,9, 0.184191386018
1,1,0,0, 0.507364877272
1,1,0,1, 0.324022459289
1,1,0,5, 0.009714357458
1,1,0,6, 0.071616909088
1,1,0,9,-0.012064262524
1,1,1,0, 0.324022459289
1,1,1,1, 0.394125899248
1,1,1,5, 0.047318631200
1,1,1,6, 0.136235460227
1,1,1,9,-0.041872241804
1,1,2,2, 0.491073083906
1,1,2,7, 0.001645216267
1,1,3,3, 0.491073083906
1,1,3,8, 0.001645216267
1,1,4,4, 0.491073083906
1,1,4,5, 0.012976094900
1,1,4,6, 0.051755617345
1,1,4,9,-0.017028518075
1,1,5,0, 0.009714357458
1,1,5,1, 0.047318631200
1,1,5,4, 0.012976094900
1,1,5,5, 0.254120377473
1,1,5,6, 0.172638969867
1,1,5,9,-0.037399689154
1,1,6,0, 0.071616909088
1,1,6,1, 0.136235460227
1,1,6,4, 0.051755617345
1,1,6,5, 0.172638969867
1,1,6,6, 0.243481575633
1,1,6,9,-0.034230728075
1,1,7,2, 0.001645216267
1,1,7,7, 0.249295474739
1,1,8,3, 0.001645216267
1,1,8,8, 0.249295474739
1,1,9,0,-0.012064262524
1,1,9,1,-0.041872241804
1,1,9,4,-0.017028518075
1,1,9,5,-0.037399689154
1,1,9,6,-0.034230728075
1,1,9,9, 0.262030651084
1,2,0,2, 0.101353944495
1,2,0,7, 0.000331759830
1,2,1,2, 0.072461555243
1,2,1,7, 0.001921557377
1,2,2,0, 0.101353944495
1,2,2,1, 0.072461555243
1,2,2,5, 0.000748957731
1,2,2,6, 0.013898264747
1,2,2,9,-0.000571305185
1,2,4,7, 0.000406758275
1,2,5,2, 0.000748957731
1,2,5,7, 0.006344873139
1,2,6,2, 0.013898264747
1,2,6,7, 0.005931936560
1,2,7,0, 0.000331759830
1,2,7,1, 0.001921557377
1,2,7,4, 0.000406758275
1,2,7,5, 0.006344873139
1,2,7,6, 0.005931936560
1,2,7,9,-0.002669005793
1,2,9,2,-0.000571305185
1,2,9,7,-0.002669005793
1,3,0,3, 0.101353944495
1,3,0,8, 0.000331759830
1,3,1,3, 0.072461555243
1,3,1,8, 0.001921557377
1,3,3,0, 0.101353944495
1,3,3,1, 0.072461555243
1,3,3,5, 0.000748957731
1,3,3,6, 0.013898264747
1,3,3,9,-0.000571305185
1,3,4,8, 0.000406758275
1,3,5,3, 0.000748957731
1,3,5,8, 0.006344873139
1,3,6,3, 0.013898264747
1,3,6,8, 0.005931936560
1,3,8,0, 0.000331759830
1,3,8,1, 0.001921557377
1,3,8,4, 0.000406758275
1,3,8,5, 0.006344873139
1,3,8,6, 0.005931936560
1,3,8,9,-0.002669005793
1,3,9,3,-0.000571305185
1,3,9,8,-0.002669005793
1,4,0,4, 0.101353944495
1,4,0,5, 0.002474881947
1,4,0,6, 0.009790840035
1,4,0,9,-0.003201121472
1,4,1,4, 0.072461555243
1,4,1,5, 0.008853828997
1,4,1,6, 0.018822002617
1,4,1,9,-0.009471194257
1,4,2,7, 0.000406758275
1,4,3,8, 0.000406758275
1,4,4,0, 0.101353944495
1,4,4,1, 0.072461555243
1,4,4,5, 0.003735142193
1,4,4,6, 0.019066923306
1,4,4,9,-0.004907548037
1,4,5,0, 0.002474881947
1,4,5,1, 0.008853828997
1,4,5,4, 0.003735142193
1,4,5,5, 0.039081981961
1,4,5,6, 0.026449186260
1,4,5,9,-0.012529672476
1,4,6,0, 0.009790840035
1,4,6,1, 0.018822002617
1,4,6,4, 0.019066923306
1,4,6,5, 0.026449186260
1,4,6,6, 0.034230728075
1,4,6,9,-0.011499262162
1,4,7,2, 0.000406758275
1,4,7,7, 0.036490636825
1,4,8,3, 0.000406758275
1,4,8,8, 0.036490636825
1,4,9,0,-0.003201121472
1,4,9,1,-0.009471194257
1,4,9,4,-0.004907548037
1,4,9,5,-0.012529672476
1,4,9,6,-0.011499262162
1,4,9,9, 0.044263682909
1,5,0,0, 0.050526248627
1,5,0,1, 0.034237893927
1,5,0,4, 0.009751610141
1,5,0,5, 0.002229053814
1,5,0,6, 0.009881208371
1,5,0,9,-0.003070322071
1,5,1,0, 0.034237893927
1,5,1,1, 0.047318631200
1,5,1,4, 0.008853828997
1,5,1,5, 0.015441936542
1,5,1,6, 0.027354683075
1,5,1,9,-0.012750189263
1,5,2,2, 0.048901191566
1,5,2,7, 0.000371429983
1,5,3,3, 0.048901191566
1,5,3,8, 0.000371429983
1,5,4,0, 0.009751610141
1,5,4,1, 0.008853828997
1,5,4,4, 0.053483368291
1,5,4,5, 0.002793705130
1,5,4,6, 0.009271415348
1,5,4,9,-0.004038240159
1,5,5,0, 0.002229053814
1,5,5,1, 0.015441936542
1,5,5,4, 0.002793705130
1,5,5,5, 0.106005225659
1,5,5,6, 0.064285184712
1,5,5,9,-0.012811983605
1,5,6,0, 0.009881208371
1,5,6,1, 0.027354683075
1,5,6,4, 0.009271415348
1,5,6,5, 0.064285184712
1,5,6,6, 0.071616909088
1,5,6,9,-0.009790840035
1,5,7,2, 0.000371429983
1,5,7,7, 0.097745066668
1,5,8,3, 0.000371429983
1,5,8,8, 0.097745066668
1,5,9,0,-0.003070322071
1,5,9,1,-0.012750189263
1,5,9,4,-0.004038240159
1,5,9,5,-0.012811983605
1,5,9,6,-0.009790840035
1,5,9,9, 0.100585326299
1,6,0,0, 0.160940934024
1,6,0,1, 0.105615557026
1,6,0,4, 0.021759781739
1,6,0,5, 0.004809719739
1,6,0,6, 0.027354683075
1,6,0,9,-0.006297807063
1,6,1,0, 0.105615557026
1,6,1,1, 0.136235460227
1,6,1,4, 0.018822002617
1,6,1,5, 0.027354683075
1,6,1,6, 0.062804931628
1,6,1,9,-0.023651816820
1,6,2,2, 0.156307910154
1,6,2,7, 0.000823658039
1,6,3,3, 0.156307910154
1,6,3,8, 0.000823658039
1,6,4,0, 0.021759781739
1,6,4,1, 0.018822002617
1,6,4,4, 0.161692742747
1,6,4,5, 0.006297807063
1,6,4,6, 0.023651816820
1,6,4,9,-0.008644423855
1,6,5,0, 0.004809719739
1,6,5,1, 0.027354683075
1,6,5,4, 0.006297807063
1,6,5,5, 0.160940934024
1,6,5,6, 0.105615557026
1,6,5,9,-0.021759781739
1,6,6,0, 0.027354683075
1,6,6,1, 0.062804931628
1,6,6,4, 0.023651816820
1,6,6,5, 0.105615557026
1,6,6,6, 0.136235460227
1,6,6,9,-0.018822002617
1,6,7,2, 0.000823658039
1,6,7,7, 0.156307910154
1,6,8,3, 0.000823658039
1,6,8,8, 0.156307910154
1,6,9,0,-0.006297807063
1,6,9,1,-0.023651816820
1,6,9,4,-0.008644423855
1,6,9,5,-0.021759781739
1,6,9,6,-0.018822002617
1,6,9,9, 0.161692742747
1,7,0,2, 0.002076314703
1,7,0,7, 0.000222548659
1,7,1,2, 0.001921557377
1,7,1,7, 0.003119355283
1,7,2,0, 0.002076314703
1,7,2,1, 0.001921557377
1,7,2,4, 0.000998159073
1,7,2,5, 0.000114799431
1,7,2,6, 0.000645455460
1,7,2,9,-0.000142425199
1,7,4,2, 0.000998159073
1,7,4,7, 0.000188241930
1,7,5,2, 0.000114799431
1,7,5,7, 0.019122719769
1,7,6,2, 0.000645455460
1,7,6,7, 0.013898264747
1,7,7,0, 0.000222548659
1,7,7,1, 0.003119355283
1,7,7,4, 0.000188241930
1,7,7,5, 0.019122719769
1,7,7,6, 0.013898264747
1,7,7,9,-0.003960121043
1,7,9,2,-0.000142425199
1,7,9,7,-0.003960121043
1,8,0,3, 0.002076314703
1,8,0,8, 0.000222548659
1,8,1,3, 0.001921557377
1,8,1,8, 0.003119355283
1,8,3,0, 0.002076314703
1,8,3,1, 0.001921557377
1,8,3,4, 0.000998159073
1,8,3,5, 0.000114799431
1,8,3,6, 0.000645455460
1,8,3,9,-0.000142425199
1,8,4,3, 0.000998159073
1,8,4,8, 0.000188241930
1,8,5,3, 0.000114799431
1,8,5,8, 0.019122719769
1,8,6,3, 0.000645455460
1,8,6,8, 0.013898264747
1,8,8,0, 0.000222548659
1,8,8,1, 0.003119355283
1,8,8,4, 0.000188241930
1,8,8,5, 0.019122719769
1,8,8,6, 0.013898264747
1,8,8,9,-0.003960121043
1,8,9,3,-0.000142425199
1,8,9,8,-0.003960121043
1,9,0,0,-0.045760926754
1,9,0,1,-0.030970453231
1,9,0,4,-0.010440425552
1,9,0,5,-0.002194231760
1,9,0,6,-0.009271415348
1,9,0,9, 0.003123079952
1,9,1,0,-0.030970453231
1,9,1,1,-0.041872241804
1,9,1,4,-0.009471194257
1,9,1,5,-0.012750189263
1,9,1,6,-0.023651816820
1,9,1,9, 0.012998549206
1,9,2,2,-0.043797593940
1,9,2,7,-0.000365816371
1,9,3,3,-0.043797593940
1,9,3,8,-0.000365816371
1,9,4,0,-0.010440425552
1,9,4,1,-0.009471194257
1,9,4,4,-0.049573956161
1,9,4,5,-0.002831089923
1,9,4,6,-0.009112789270
1,9,4,9, 0.004176915113
1,9,5,0,-0.002194231760
1,9,5,1,-0.012750189263
1,9,5,4,-0.002831089923
1,9,5,5,-0.070899680814
1,9,5,6,-0.044683645874
1,9,5,9, 0.025618238321
1,9,6,0,-0.009271415348
1,9,6,1,-0.023651816820
1,9,6,4,-0.009112789270
1,9,6,5,-0.044683645874
1,9,6,6,-0.051755617345
1,9,6,9, 0.019066923306
1,9,7,2,-0.000365816371
1,9,7,7,-0.065749692242
1,9,8,3,-0.000365816371
1,9,8,8,-0.065749692242
1,9,9,0, 0.003123079952
1,9,9,1, 0.012998549206
1,9,9,4, 0.004176915113
1,9,9,5, 0.025618238321
1,9,9,6, 0.019066923306
1,9,9,9,-0.074827698793
2,0,0,2, 0.152608082603
2,0,0,7, 0.000376345061
2,0,1,2, 0.101353944495
2,0,1,7, 0.002076314703
2,0,2,0, 0.152608082603
2,0,2,1, 0.101353944495
2,0,2,5, 0.000960125495
2,0,2,6, 0.019122719769
2,0,2,9,-0.000697363189
2,0,4,7, 0.000469561468
2,0,5,2, 0.000960125495
2,0,5,7, 0.006773190550
2,0,6,2, 0.019122719769
2,0,6,7, 0.006344873139
2,0,7,0, 0.000376345061
2,0,7,1, 0.002076314703
2,0,7,4, 0.000469561468
2,0,7,5, 0.006773190550
2,0,7,6, 0.006344873139
2,0,7,9,-0.002859816115
2,0,9,2,-0.000697363189
2,0,9,7,-0.002859816115
2,1,0,2, 0.101353944495
2,1,0,7, 0.000331759830
2,1,1,2, 0.072461555243
2,1,1,7, 0.001921557377
2,1,2,0, 0.101353944495
2,1,2,1, 0.072461555243
2,1,2,5, 0.000748957731
2,1,2,6, 0.013898264747
2,1,2,9,-0.000571305185
2,1,4,7, 0.000406758275
2,1,5,2, 0.000748957731
2,1,5,7, 0.006344873139
2,1,6,2, 0.013898264747
2,1,6,7, 0.005931936560
2,1,7,0, 0.000331759830
2,1,7,1, 0.001921557377
2,1,7,4, 0.000406758275
2,1,7,5, 0.006344873139
2,1,7,6, 0.005931936560
2,1,7,9,-0.002669005793
2,1,9,2,-0.000571305185
2,1,9,7,-0.002669005793
2,2,0,0, 0.775037038942
2,2,0,1, 0.462081934851
2,2,0,5, 0.011290245789
2,2,0,6, 0.097745066668
2,2,0,9,-0.013408730433
2,2,1,0, 0.462081934851
2,2,1,1, 0.491073083906
2,2,1,5, 0.048901191566
2,2,1,6, 0.156307910154
2,2,1,9,-0.043797593940
2,2,2,2, 0.785718708997
2,2,2,7, 0.001887699241
2,2,3,3, 0.689508254834
2,2,3,8, 0.001818375974
2,2,4,4, 0.689508254834
2,2,4,5, 0.015246061801
2,2,4,6, 0.065749692242
2,2,4,9,-0.019293947160
2,2,5,0, 0.011290245789
2,2,5,1, 0.048901191566
2,2,5,4, 0.015246061801
2,2,5,5, 0.251840219761
2,2,5,6, 0.172429915680
2,2,5,9,-0.038922301539
2,2,6,0, 0.097745066668
2,2,6,1, 0.156307910154
2,2,6,4, 0.065749692242
2,2,6,5, 0.172429915680
2,2,6,6, 0.249295474739
2,2,6,9,-0.036490636825
2,2,7,2, 0.001887699241
2,2,7,7, 0.247167220470
2,2,8,3, 0.001818375974
2,2,8,8, 0.246360793489
2,2,9,0,-0.013408730433
2,2,9,1,-0.043797593940
2,2,9,4,-0.019293947160
2,2,9,5,-0.038922301539
2,2,9,6,-0.036490636825
2,2,9,9, 0.262000931171
2,3,2,3, 0.048105227081
2,3,2,8, 0.000034661633
2,3,3,2, 0.048105227081
2,3,3,7, 0.000034661633
2,3,7,3, 0.000034661633
2,3,7,8, 0.000403213490
2,3,8,2, 0.000034661633
2,3,8,7, 0.000403213490
2,4,0,7, 0.000225635437
2,4,1,7, 0.000998159073
2,4,2,4, 0.048105227081
2,4,2,5, 0.000529990798
2,4,2,6, 0.003960121043
2,4,2,9,-0.000452494461
2,4,4,2, 0.048105227081
2,4,4,7, 0.000306217415
2,4,5,2, 0.000529990798
2,4,5,7, 0.002859816115
2,4,6,2, 0.003960121043
2,4,6,7, 0.002669005793
2,4,7,0, 0.000225635437
2,4,7,1, 0.000998159073
2,4,7,4, 0.000306217415
2,4,7,5, 0.002859816115
2,4,7,6, 0.002669005793
2,4,7,9,-0.001608607716
2,4,9,2,-0.000452494461
2,4,9,7,-0.001608607716
2,5,0,2, 0.000960125495
2,5,0,7, 0.000020001238
2,5,1,2, 0.000748957731
2,5,1,7, 0.000114799431
2,5,2,0, 0.000960125495
2,5,2,1, 0.000748957731
2,5,2,4, 0.000529990798
2,5,2,5, 0.000026786536
2,5,2,6, 0.000222548659
2,5,2,9,-0.000027928494
2,5,4,2, 0.000529990798
2,5,4,7, 0.000024627370
2,5,5,2, 0.000026786536
2,5,5,7, 0.000376345061
2,5,6,2, 0.000222548659
2,5,6,7, 0.000331759830
2,5,7,0, 0.000020001238
2,5,7,1, 0.000114799431
2,5,7,4, 0.000024627370
2,5,7,5, 0.000376345061
2,5,7,6, 0.000331759830
2,5,7,9,-0.000225635437
2,5,9,2,-0.000027928494
2,5,9,7,-0.000225635437
2,6,0,2, 0.019122719769
2,6,0,7, 0.000114799431
2,6,1,2, 0.013898264747
2,6,1,7, 0.000645455460
2,6,2,0, 0.019122719769
2,6,2,1, 0.013898264747
2,6,2,4, 0.003960121043
2,6,2,5, 0.000222548659
2,6,2,6, 0.003119355283
2,6,2,9,-0.000188241930
2,6,4,2, 0.003960121043
2,6,4,7, 0.000142425199
2,6,5,2, 0.000222548659
2,6,5,7, 0.002076314703
2,6,6,2, 0.003119355283
2,6,6,7, 0.001921557377
2,6,7,0, 0.000114799431
2,6,7,1, 0.000645455460
2,6,7,4, 0.000142425199
2,6,7,5, 0.002076314703
2,6,7,6, 0.001921557377
2,6,7,9,-0.000998159073
2,6,9,2,-0.000188241930
2,6,9,7,-0.000998159073
2,7,0,0, 0.001939356235
2,7,0,1, 0.001288221870
2,7,0,4, 0.000469561468
2,7,0,5, 0.000074692539
2,7,0,6, 0.000371429983
2,7,0,9,-0.000101486646
2,7,1,0, 0.001288221870
2,7,1,1, 0.001645216267
2,7,1,4, 0.000406758275
2,7,1,5, 0.000371429983
2,7,1,6, 0.000823658039
2,7,1,9,-0.000365816371
2,7,2,2, 0.001887699241
2,7,2,7, 0.000013871069
2,7,3,3, 0.001818375974
2,7,3,8, 0.000012172571
2,7,4,0, 0.000469561468
2,7,4,1, 0.000406758275
2,7,4,4, 0.002089931756
2,7,4,5, 0.000101486646
2,7,4,6, 0.000365816371
2,7,4,9,-0.000142738241
2,7,5,0, 0.000074692539
2,7,5,1, 0.000371429983
2,7,5,4, 0.000101486646
2,7,5,5, 0.001939356235
2,7,5,6, 0.001288221870
2,7,5,9,-0.000469561468
2,7,6,0, 0.000371429983
2,7,6,1, 0.000823658039
2,7,6,4, 0.000365816371
2,7,6,5, 0.001288221870
2,7,6,6, 0.001645216267
2,7,6,9,-0.000406758275
2,7,7,2, 0.000013871069
2,7,7,7, 0.001887699241
2,7,8,3, 0.000012172571
2,7,8,8, 0.001818375974
2,7,9,0,-0.000101486646
2,7,9,1,-0.000365816371
2,7,9,4,-0.000142738241
2,7,9,5,-0.000469561468
2,7,9,6,-0.000406758275
2,7,9,9, 0.002089931756
2,8,2,3, 0.000034661633
2,8,2,8, 0.000000849249
2,8,3,2, 0.000034661633
2,8,3,7, 0.000000849249
2,8,7,3, 0.000000849249
2,8,7,8, 0.000034661633
2,8,8,2, 0.000000849249
2,8,8,7, 0.000034661633
2,9,0,2,-0.000697363189
2,9,0,7,-0.000024627370
2,9,1,2,-0.000571305185
2,9,1,7,-0.000142425199
2,9,2,0,-0.000697363189
2,9,2,1,-0.000571305185
2,9,2,4,-0.000452494461
2,9,2,5,-0.000027928494
2,9,2,6,-0.000188241930
2,9,2,9, 0.000031831412
2,9,4,2,-0.000452494461
2,9,4,7,-0.000030132913
2,9,5,2,-0.000027928494
2,9,5,7,-0.000469561468
2,9,6,2,-0.000188241930
2,9,6,7,-0.000406758275
2,9,7,0,-0.000024627370
2,9,7,1,-0.000142425199
2,9,7,4,-0.000030132913
2,9,7,5,-0.000469561468
2,9,7,6,-0.000406758275
2,9,7,9, 0.000306217415
2,9,9,2, 0.000031831412
2,9,9,7, 0.000306217415
3,0,0,3, 0.152608082603
3,0,0,8, 0.000376345061
3,0,1,3, 0.101353944495
3,0,1,8, 0.002076314703
3,0,3,0, 0.152608082603
3,0,3,1, 0.101353944495
3,0,3,5, 0.000960125495
3,0,3,6, 0.019122719769
3,0,3,9,-0.000697363189
3,0,4,8, 0.000469561468
3,0,5,3, 0.000960125495
3,0,5,8, 0.006773190550
3,0,6,3, 0.019122719769
3,0,6,8, 0.006344873139
3,0,8,0, 0.000376345061
3,0,8,1, 0.002076314703
3,0,8,4, 0.000469561468
3,0,8,5, 0.006773190550
3,0,8,6, 0.006344873139
3,0,8,9,-0.002859816115
3,0,9,3,-0.000697363189
3,0,9,8,-0.002859816115
3,1,0,3, 0.101353944495
3,1,0,8, 0.000331759830
3,1,1,3, 0.072461555243
3,1,1,8, 0.001921557377
3,1,3,0, 0.101353944495
3,1,3,1, 0.072461555243
3,1,3,5, 0.000748957731
3,1,3,6, 0.013898264747
3,1,3,9,-0.000571305185
3,1,4,8, 0.000406758275
3,1,5,3, 0.000748957731
3,1,5,8, 0.006344873139
3,1,6,3, 0.013898264747
3,1,6,8, 0.005931936560
3,1,8,0, 0.000331759830
3,1,8,1, 0.001921557377
3,1,8,4, 0.000406758275
3,1,8,5, 0.006344873139
3,1,8,6, 0.005931936560
3,1,8,9,-0.002669005793
3,1,9,3,-0.000571305185
3,1,9,8,-0.002669005793
3,2,2,3, 0.048105227081
3,2,2,8, 0.000034661633
3,2,3,2, 0.048105227081
3,2,3,7, 0.000034661633
3,2,7,3, 0.000034661633
3,2,7,8, 0.000403213490
3,2,8,2, 0.000034661633
3,2,8,7, 0.000403213490
3,3,0,0, 0.775037038942
3,3,0,1, 0.462081934851
3,3,0,5, 0.011290245789
3,3,0,6, 0.097745066668
3,3,0,9,-0.013408730433
3,3,1,0, 0.462081934851
3,3,1,1, 0.491073083906
3,3,1,5, 0.048901191566
3,3,1,6, 0.156307910154
3,3,1,9,-0.043797593940
3,3,2,2, 0.689508254834
3,3,2,7, 0.001818375974
3,3,3,3, 0.785718708997
3,3,3,8, 0.001887699241
3,3,4,4, 0.689508254834
3,3,4,5, 0.015246061801
3,3,4,6, 0.065749692242
3,3,4,9,-0.019293947160
3,3,5,0, 0.011290245789
3,3,5,1, 0.048901191566
3,3,5,4, 0.015246061801
3,3,5,5, 0.251840219761
3,3,5,6, 0.172429915680
3,3,5,9,-0.038922301539
3,3,6,0, 0.097745066668
3,3,6,1, 0.156307910154
3,3,6,4, 0.065749692242
3,3,6,5, 0.172429915680
3,3,6,6, 0.249295474739
3,3,6,9,-0.036490636825
3,3,7,2, 0.001818375974
3,3,7,7, 0.246360793489
3,3,8,3, 0.001887699241
3,3,8,8, 0.247167220470
3,3,9,0,-0.013408730433
3,3,9,1,-0.043797593940
3,3,9,4,-0.019293947160
3,3,9,5,-0.038922301539
3,3,9,6,-0.036490636825
3,3,9,9, 0.262000931171
3,4,0,8, 0.000225635437
3,4,1,8, 0.000998159073
3,4,3,4, 0.048105227081
3,4,3,5, 0.000529990798
3,4,3,6, 0.003960121043
3,4,3,9,-0.000452494461
3,4,4,3, 0.048105227081
3,4,4,8, 0.000306217415
3,4,5,3, 0.000529990798
3,4,5,8, 0.002859816115
3,4,6,3, 0.003960121043
3,4,6,8, 0.002669005793
3,4,8,0, 0.000225635437
3,4,8,1, 0.000998159073
3,4,8,4, 0.000306217415
3,4,8,5, 0.002859816115
3,4,8,6, 0.002669005793
3,4,8,9,-0.001608607716
3,4,9,3,-0.000452494461
3,4,9,8,-0.001608607716
3,5,0,3, 0.000960125495
3,5,0,8, 0.000020001238
3,5,1,3, 0.000748957731
3,5,1,8, 0.000114799431
3,5,3,0, 0.000960125495
3,5,3,1, 0.000748957731
3,5,3,4, 0.000529990798
3,5,3,5, 0.000026786536
3,5,3,6, 0.000222548659
3,5,3,9,-0.000027928494
3,5,4,3, 0.000529990798
3,5,4,8, 0.000024627370
3,5,5,3, 0.000026786536
3,5,5,8, 0.000376345061
3,5,6,3, 0.000222548659
3,5,6,8, 0.000331759830
3,5,8,0, 0.000020001238
3,5,8,1, 0.000114799431
3,5,8,4, 0.000024627370
3,5,8,5, 0.000376345061
3,5,8,6, 0.000331759830
3,5,8,9,-0.000225635437
3,5,9,3,-0.000027928494
3,5,9,8,-0.000225635437
3,6,0,3, 0.019122719769
3,6,0,8, 0.000114799431
3,6,1,3, 0.013898264747
3,6,1,8, 0.000645455460
3,6,3,0, 0.019122719769
3,6,3,1, 0.013898264747
3,6,3,4, 0.003960121043
3,6,3,5, 0.000222548659
3,6,3,6, 0.003119355283
3,6,3,9,-0.000188241930
3,6,4,3, 0.003960121043
3,6,4,8, 0.000142425199
3,6,5,3, 0.000222548659
3,6,5,8, 0.002076314703
3,6,6,3, 0.003119355283
3,6,6,8, 0.001921557377
3,6,8,0, 0.000114799431
3,6,8,1, 0.000645455460
3,6,8,4, 0.000142425199
3,6,8,5, 0.002076314703
3,6,8,6, 0.001921557377
3,6,8,9,-0.000998159073
3,6,9,3,-0.000188241930
3,6,9,8,-0.000998159073
3,7,2,3, 0.000034661633
3,7,2,8, 0.000000849249
3,7,3,2, 0.000034661633
3,7,3,7, 0.000000849249
3,7,7,3, 0.000000849249
3,7,7,8, 0.000034661633
3,7,8,2, 0.000000849249
3,7,8,7, 0.000034661633
3,8,0,0, 0.001939356235
3,8,0,1, 0.001288221870
3,8,0,4, 0.000469561468
3,8,0,5, 0.000074692539
3,8,0,6, 0.000371429983
3,8,0,9,-0.000101486646
3,8,1,0, 0.001288221870
3,8,1,1, 0.001645216267
3,8,1,4, 0.000406758275
3,8,1,5, 0.000371429983
3,8,1,6, 0.000823658039
3,8,1,9,-0.000365816371
3,8,2,2, 0.001818375974
3,8,2,7, 0.000012172571
3,8,3,3, 0.001887699241
3,8,3,8, 0.000013871069
3,8,4,0, 0.000469561468
3,8,4,1, 0.000406758275
3,8,4,4, 0.002089931756
3,8,4,5, 0.000101486646
3,8,4,6, 0.000365816371
3,8,4,9,-0.000142738241
3,8,5,0, 0.000074692539
3,8,5,1, 0.000371429983
3,8,5,4, 0.000101486646
3,8,5,5, 0.001939356235
3,8,5,6, 0.001288221870
3,8,5,9,-0.000469561468
3,8,6,0, 0.000371429983
3,8,6,1, 0.000823658039
3,8,6,4, 0.000365816371
3,8,6,5, 0.001288221870
3,8,6,6, 0.001645216267
3,8,6,9,-0.000406758275
3,8,7,2, 0.000012172571
3,8,7,7, 0.001818375974
3,8,8,3, 0.000013871069
3,8,8,8, 0.001887699241
3,8,9,0,-0.000101486646
3,8,9,1,-0.000365816371
3,8,9,4,-0.000142738241
3,8,9,5,-0.000469561468
3,8,9,6,-0.000406758275
3,8,9,9, 0.002089931756
3,9,0,3,-0.000697363189
3,9,0,8,-0.000024627370
3,9,1,3,-0.000571305185
3,9,1,8,-0.000142425199
3,9,3,0,-0.000697363189
3,9,3,1,-0.000571305185
3,9,3,4,-0.000452494461
3,9,3,5,-0.000027928494
3,9,3,6,-0.000188241930
3,9,3,9, 0.000031831412
3,9,4,3,-0.000452494461
3,9,4,8,-0.000030132913
3,9,5,3,-0.000027928494
3,9,5,8,-0.000469561468
3,9,6,3,-0.000188241930
3,9,6,8,-0.000406758275
3,9,8,0,-0.000024627370
3,9,8,1,-0.000142425199
3,9,8,4,-0.000030132913
3,9,8,5,-0.000469561468
3,9,8,6,-0.000406758275
3,9,8,9, 0.000306217415
3,9,9,3, 0.000031831412
3,9,9,8, 0.000306217415
4,0,0,4, 0.152608082603
4,0,0,5, 0.002985811772
4,0,0,6, 0.012811983605
4,0,0,9,-0.003726709321
4,0,1,4, 0.101353944495
4,0,1,5, 0.009751610141
4,0,1,6, 0.021759781739
4,0,1,9,-0.010440425552
4,0,2,7, 0.000469561468
4,0,3,8, 0.000469561468
4,0,4,0, 0.152608082603
4,0,4,1, 0.101353944495
4,0,4,5, 0.004569383531
4,0,4,6, 0.025618238321
4,0,4,9,-0.005805441146
4,0,5,0, 0.002985811772
4,0,5,1, 0.009751610141
4,0,5,4, 0.004569383531
4,0,5,5, 0.041748597472
4,0,5,6, 0.028400790282
4,0,5,9,-0.013497863160
4,0,6,0, 0.012811983605
4,0,6,1, 0.021759781739
4,0,6,4, 0.025618238321
4,0,6,5, 0.028400790282
4,0,6,6, 0.037399689154
4,0,6,9,-0.012529672476
4,0,7,2, 0.000469561468
4,0,7,7, 0.038922301539
4,0,8,3, 0.000469561468
4,0,8,8, 0.038922301539
4,0,9,0,-0.003726709321
4,0,9,1,-0.010440425552
4,0,9,4,-0.005805441146
4,0,9,5,-0.013497863160
4,0,9,6,-0.012529672476
4,0,9,9, 0.047435299144
4,1,0,4, 0.101353944495
4,1,0,5, 0.002474881947
4,1,0,6, 0.009790840035
4,1,0,9,-0.003201121472
4,1,1,4, 0.072461555243
4,1,1,5, 0.008853828997
4,1,1,6, 0.018822002617
4,1,1,9,-0.009471194257
4,1,2,7, 0.000406758275
4,1,3,8, 0.000406758275
4,1,4,0, 0.101353944495
4,1,4,1, 0.072461555243
4,1,4,5, 0.003735142193
4,1,4,6, 0.019066923306
4,1,4,9,-0.004907548037
4,1,5,0, 0.002474881947
4,1,5,1, 0.008853828997
4,1,5,4, 0.003735142193
4,1,5,5, 0.039081981961
4,1,5,6, 0.026449186260
4,1,5,9,-0.012529672476
4,1,6,0, 0.009790840035
4,1,6,1, 0.018822002617
4,1,6,4, 0.019066923306
4,1,6,5, 0.026449186260
4,1,6,6, 0.034230728075
4,1,6,9,-0.011499262162
4,1,7,2, 0.000406758275
4,1,7,7, 0.036490636825
4,1,8,3, 0.000406758275
4,1,8,8, 0.036490636825
4,1,9,0,-0.003201121472
4,1,9,1,-0.009471194257
4,1,9,4,-0.004907548037
4,1,9,5,-0.012529672476
4,1,9,6,-0.011499262162
4,1,9,9, 0.044263682909
4,2,0,7, 0.000225635437
4,2,1,7, 0.000998159073
4,2,2,4, 0.048105227081
4,2,2,5, 0.000529990798
4,2,2,6, 0.003960121043
4,2,2,9,-0.000452494461
4,2,4,2, 0.048105227081
4,2,4,7, 0.000306217415
4,2,5,2, 0.000529990798
4,2,5,7, 0.002859816115
4,2,6,2, 0.003960121043
4,2,6,7, 0.002669005793
4,2,7,0, 0.000225635437
4,2,7,1, 0.000998159073
4,2,7,4, 0.000306217415
4,2,7,5, 0.002859816115
4,2,7,6, 0.002669005793
4,2,7,9,-0.001608607716
4,2,9,2,-0.000452494461
4,2,9,7,-0.001608607716
4,3,0,8, 0.000225635437
4,3,1,8, 0.000998159073
4,3,3,4, 0.048105227081
4,3,3,5, 0.000529990798
4,3,3,6, 0.003960121043
4,3,3,9,-0.000452494461
4,3,4,3, 0.048105227081
4,3,4,8, 0.000306217415
4,3,5,3, 0.000529990798
4,3,5,8, 0.002859816115
4,3,6,3, 0.003960121043
4,3,6,8, 0.002669005793
4,3,8,0, 0.000225635437
4,3,8,1, 0.000998159073
4,3,8,4, 0.000306217415
4,3,8,5, 0.002859816115
4,3,8,6, 0.002669005793
4,3,8,9,-0.001608607716
4,3,9,3,-0.000452494461
4,3,9,8,-0.001608607716
4,4,0,0, 0.775037038942
4,4,0,1, 0.462081934851
4,4,0,5, 0.012914593242
4,4,0,6, 0.100585326299
4,4,0,9,-0.015709472287
4,4,1,0, 0.462081934851
4,4,1,1, 0.491073083906
4,4,1,5, 0.053483368291
4,4,1,6, 0.161692742747
4,4,1,9,-0.049573956161
4,4,2,2, 0.689508254834
4,4,2,7, 0.002089931756
4,4,3,3, 0.689508254834
4,4,3,8, 0.002089931756
4,4,4,4, 0.785718708997
4,4,4,5, 0.018050101733
4,4,4,6, 0.074827698793
4,4,4,9,-0.023140025028
4,4,5,0, 0.012914593242
4,4,5,1, 0.053483368291
4,4,5,4, 0.018050101733
4,4,5,5, 0.269439727949
4,4,5,6, 0.184191386018
4,4,5,9,-0.047435299144
4,4,6,0, 0.100585326299
4,4,6,1, 0.161692742747
4,4,6,4, 0.074827698793
4,4,6,5, 0.184191386018
4,4,6,6, 0.262030651084
4,4,6,9,-0.044263682909
4,4,7,2, 0.002089931756
4,4,7,7, 0.262000931171
4,4,8,3, 0.002089931756
4,4,8,8, 0.262000931171
4,4,9,0,-0.015709472287
4,4,9,1,-0.049573956161
4,4,9,4,-0.023140025028
4,4,9,5,-0.047435299144
4,4,9,6,-0.044263682909
4,4,9,9, 0.284390012964
4,5,0,0, 0.016403146490
4,5,0,1, 0.010644936293
4,5,0,4, 0.004569383531
4,5,0,5, 0.000608939933
4,5,0,6, 0.003070322071
4,5,0,9,-0.000830848665
4,5,1,0, 0.010644936293
4,5,1,1, 0.012976094900
4,5,1,4, 0.003735142193
4,5,1,5, 0.002793705130
4,5,1,6, 0.006297807063
4,5,1,9,-0.002831089923
4,5,2,2, 0.015246061801
4,5,2,7, 0.000101486646
4,5,3,3, 0.015246061801
4,5,3,8, 0.000101486646
4,5,4,0, 0.004569383531
4,5,4,1, 0.003735142193
4,5,4,4, 0.018050101733
4,5,4,5, 0.000855324028
4,5,4,6, 0.003123079952
4,5,4,9,-0.001205088054
4,5,5,0, 0.000608939933
4,5,5,1, 0.002793705130
4,5,5,4, 0.000855324028
4,5,5,5, 0.014273805310
4,5,5,6, 0.009452741042
4,5,5,9,-0.003726709321
4,5,6,0, 0.003070322071
4,5,6,1, 0.006297807063
4,5,6,4, 0.003123079952
4,5,6,5, 0.009452741042
4,5,6,6, 0.012064262524
4,5,6,9,-0.003201121472
4,5,7,2, 0.000101486646
4,5,7,7, 0.013408730433
4,5,8,3, 0.000101486646
4,5,8,8, 0.013408730433
4,5,9,0,-0.000830848665
4,5,9,1,-0.002831089923
4,5,9,4,-0.001205088054
4,5,9,5,-0.003726709321
4,5,9,6,-0.003201121472
4,5,9,9, 0.015709472287
4,6,0,0, 0.070899680814
4,6,0,1, 0.044683645874
4,6,0,4, 0.025618238321
4,6,0,5, 0.002194231760
4,6,0,6, 0.012750189263
4,6,0,9,-0.002831089923
4,6,1,0, 0.044683645874
4,6,1,1, 0.051755617345
4,6,1,4, 0.019066923306
4,6,1,5, 0.009271415348
4,6,1,6, 0.023651816820
4,6,1,9,-0.009112789270
4,6,2,2, 0.065749692242
4,6,2,7, 0.000365816371
4,6,3,3, 0.065749692242
4,6,3,8, 0.000365816371
4,6,4,0, 0.025618238321
4,6,4,1, 0.019066923306
4,6,4,4, 0.074827698793
4,6,4,5, 0.003123079952
4,6,4,6, 0.012998549206
4,6,4,9,-0.004176915113
4,6,5,0, 0.002194231760
4,6,5,1, 0.009271415348
4,6,5,4, 0.003123079952
4,6,5,5, 0.045760926754
4,6,5,6, 0.030970453231
4,6,5,9,-0.010440425552
4,6,6,0, 0.012750189263
4,6,6,1, 0.023651816820
4,6,6,4, 0.012998549206
4,6,6,5, 0.030970453231
4,6,6,6, 0.041872241804
4,6,6,9,-0.009471194257
4,6,7,2, 0.000365816371
4,6,7,7, 0.043797593940
4,6,8,3, 0.000365816371
4,6,8,8, 0.043797593940
4,6,9,0,-0.002831089923
4,6,9,1,-0.009112789270
4,6,9,4,-0.004176915113
4,6,9,5,-0.010440425552
4,6,9,6,-0.009471194257
4,6,9,9, 0.049573956161
4,7,0,2, 0.000469561468
4,7,0,7, 0.000027928494
4,7,1,2, 0.000406758275
4,7,1,7, 0.000188241930
4,7,2,0, 0.000469561468
4,7,2,1, 0.000406758275
4,7,2,4, 0.000306217415
4,7,2,5, 0.000024627370
4,7,2,6, 0.000142425199
4,7,2,9,-0.000030132913
4,7,4,2, 0.000306217415
4,7,4,7, 0.000031831412
4,7,5,2, 0.000024627370
4,7,5,7, 0.000697363189
4,7,6,2, 0.000142425199
4,7,6,7, 0.000571305185
4,7,7,0, 0.000027928494
4,7,7,1, 0.000188241930
4,7,7,4, 0.000031831412
4,7,7,5, 0.000697363189
4,7,7,6, 0.000571305185
4,7,7,9,-0.000452494461
4,7,9,2,-0.000030132913
4,7,9,7,-0.000452494461
4,8,0,3, 0.000469561468
4,8,0,8, 0.000027928494
4,8,1,3, 0.000406758275
4,8,1,8, 0.000188241930
4,8,3,0, 0.000469561468
4,8,3,1, 0.000406758275
4,8,3,4, 0.000306217415
4,8,3,5, 0.000024627370
4,8,3,6, 0.000142425199
4,8,3,9,-0.000030132913
4,8,4,3, 0.000306217415
4,8,4,8, 0.000031831412
4,8,5,3, 0.000024627370
4,8,5,8, 0.000697363189
4,8,6,3, 0.000142425199
4,8,6,8, 0.000571305185
4,8,8,0, 0.000027928494
4,8,8,1, 0.000188241930
4,8,8,4, 0.000031831412
4,8,8,5, 0.000697363189
4,8,8,6, 0.000571305185
4,8,8,9,-0.000452494461
4,8,9,3,-0.000030132913
4,8,9,8,-0.000452494461
4,9,0,0,-0.020705676152
4,9,0,1,-0.013631959342
4,9,0,4,-0.005805441146
4,9,0,5,-0.000861194779
4,9,0,6,-0.004038240159
4,9,0,9, 0.001205088054
4,9,1,0,-0.013631959342
4,9,1,1,-0.017028518075
4,9,1,4,-0.004907548037
4,9,1,5,-0.004038240159
4,9,1,6,-0.008644423855
4,9,1,9, 0.004176915113
4,9,2,2,-0.019293947160
4,9,2,7,-0.000142738241
4,9,3,3,-0.019293947160
4,9,3,8,-0.000142738241
4,9,4,0,-0.005805441146
4,9,4,1,-0.004907548037
4,9,4,4,-0.023140025028
4,9,4,5,-0.001205088054
4,9,4,6,-0.004176915113
4,9,4,9, 0.001738564174
4,9,5,0,-0.000861194779
4,9,5,1,-0.004038240159
4,9,5,4,-0.001205088054
4,9,5,5,-0.020705676152
4,9,5,6,-0.013631959342
4,9,5,9, 0.005805441146
4,9,6,0,-0.004038240159
4,9,6,1,-0.008644423855
4,9,6,4,-0.004176915113
4,9,6,5,-0.013631959342
4,9,6,6,-0.017028518075
4,9,6,9, 0.004907548037
4,9,7,2,-0.000142738241
4,9,7,7,-0.019293947160
4,9,8,3,-0.000142738241
4,9,8,8,-0.019293947160
4,9,9,0, 0.001205088054
4,9,9,1, 0.004176915113
4,9,9,4, 0.001738564174
4,9,9,5, 0.005805441146
4,9,9,6, 0.004907548037
4,9,9,9,-0.023140025028
5,0,0,0, 0.012066630976
5,0,0,1, 0.007835150860
5,0,0,4, 0.002985811772
5,0,0,5, 0.000445807526
5,0,0,6, 0.002229053814
5,0,0,9,-0.000608939933
5,0,1,0, 0.007835150860
5,0,1,1, 0.009714357458
5,0,1,4, 0.002474881947
5,0,1,5, 0.002229053814
5,0,1,6, 0.004809719739
5,0,1,9,-0.002194231760
5,0,2,2, 0.011290245789
5,0,2,7, 0.000074692539
5,0,3,3, 0.011290245789
5,0,3,8, 0.000074692539
5,0,4,0, 0.002985811772
5,0,4,1, 0.002474881947
5,0,4,4, 0.012914593242
5,0,4,5, 0.000608939933
5,0,4,6, 0.002194231760
5,0,4,9,-0.000861194779
5,0,5,0, 0.000445807526
5,0,5,1, 0.002229053814
5,0,5,4, 0.000608939933
5,0,5,5, 0.012066630976
5,0,5,6, 0.007835150860
5,0,5,9,-0.002985811772
5,0,6,0, 0.002229053814
5,0,6,1, 0.004809719739
5,0,6,4, 0.002194231760
5,0,6,5, 0.007835150860
5,0,6,6, 0.009714357458
5,0,6,9,-0.002474881947
5,0,7,2, 0.000074692539
5,0,7,7, 0.011290245789
5,0,8,3, 0.000074692539
5,0,8,8, 0.011290245789
5,0,9,0,-0.000608939933
5,0,9,1,-0.002194231760
5,0,9,4,-0.000861194779
5,0,9,5,-0.002985811772
5,0,9,6,-0.002474881947
5,0,9,9, 0.012914593242
5,1,0,0, 0.050526248627
5,1,0,1, 0.034237893927
5,1,0,4, 0.009751610141
5,1,0,5, 0.002229053814
5,1,0,6, 0.009881208371
5,1,0,9,-0.003070322071
5,1,1,0, 0.034237893927
5,1,1,1, 0.047318631200
5,1,1,4, 0.008853828997
5,1,1,5, 0.015441936542
5,1,1,6, 0.027354683075
5,1,1,9,-0.012750189263
5,1,2,2, 0.048901191566
5,1,2,7, 0.000371429983
5,1,3,3, 0.048901191566
5,1,3,8, 0.000371429983
5,1,4,0, 0.009751610141
5,1,4,1, 0.008853828997
5,1,4,4, 0.053483368291
5,1,4,5, 0.002793705130
5,1,4,6, 0.009271415348
5,1,4,9,-0.004038240159
5,1,5,0, 0.002229053814
5,1,5,1, 0.015441936542
5,1,5,4, 0.002793705130
5,1,5,5, 0.106005225659
5,1,5,6, 0.064285184712
5,1,5,9,-0.012811983605
5,1,6,0, 0.009881208371
5,1,6,1, 0.027354683075
5,1,6,4, 0.009271415348
5,1,6,5, 0.064285184712
5,1,6,6, 0.071616909088
5,1,6,9,-0.009790840035
5,1,7,2, 0.000371429983
5,1,7,7, 0.097745066668
5,1,8,3, 0.000371429983
5,1,8,8, 0.097745066668
5,1,9,0,-0.003070322071
5,1,9,1,-0.012750189263
5,1,9,4,-0.004038240159
5,1,9,5,-0.012811983605
5,1,9,6,-0.009790840035
5,1,9,9, 0.100585326299
5,2,0,2, 0.000960125495
5,2,0,7, 0.000020001238
5,2,1,2, 0.000748957731
5,2,1,7, 0.000114799431
5,2,2,0, 0.000960125495
5,2,2,1, 0.000748957731
5,2,2,4, 0.000529990798
5,2,2,5, 0.000026786536
5,2,2,6, 0.000222548659
5,2,2,9,-0.000027928494
5,2,4,2, 0.000529990798
5,2,4,7, 0.000024627370
5,2,5,2, 0.000026786536
5,2,5,7, 0.000376345061
5,2,6,2, 0.000222548659
5,2,6,7, 0.000331759830
5,2,7,0, 0.000020001238
5,2,7,1, 0.000114799431
5,2,7,4, 0.000024627370
5,2,7,5, 0.000376345061
5,2,7,6, 0.000331759830
5,2,7,9,-0.000225635437
5,2,9,2,-0.000027928494
5,2,9,7,-0.000225635437
5,3,0,3, 0.000960125495
5,3,0,8, 0.000020001238
5,3,1,3, 0.000748957731
5,3,1,8, 0.000114799431
5,3,3,0, 0.000960125495
5,3,3,1, 0.000748957731
5,3,3,4, 0.000529990798
5,3,3,5, 0.000026786536
5,3,3,6, 0.000222548659
5,3,3,9,-0.000027928494
5,3,4,3, 0.000529990798
5,3,4,8, 0.000024627370
5,3,5,3, 0.000026786536
5,3,5,8, 0.000376345061
5,3,6,3, 0.000222548659
5,3,6,8, 0.000331759830
5,3,8,0, 0.000020001238
5,3,8,1, 0.000114799431
5,3,8,4, 0.000024627370
5,3,8,5, 0.000376345061
5,3,8,6, 0.000331759830
5,3,8,9,-0.000225635437
5,3,9,3,-0.000027928494
5,3,9,8,-0.000225635437
5,4,0,0, 0.016403146490
5,4,0,1, 0.010644936293
5,4,0,4, 0.004569383531
5,4,0,5, 0.000608939933
5,4,0,6, 0.003070322071
5,4,0,9,-0.000830848665
5,4,1,0, 0.010644936293
5,4,1,1, 0.012976094900
5,4,1,4, 0.003735142193
5,4,1,5, 0.002793705130
5,4,1,6, 0.006297807063
5,4,1,9,-0.002831089923
5,4,2,2, 0.015246061801
5,4,2,7, 0.000101486646
5,4,3,3, 0.015246061801
5,4,3,8, 0.000101486646
5,4,4,0, 0.004569383531
5,4,4,1, 0.003735142193
5,4,4,4, 0.018050101733
5,4,4,5, 0.000855324028
5,4,4,6, 0.003123079952
5,4,4,9,-0.001205088054
5,4,5,0, 0.000608939933
5,4,5,1, 0.002793705130
5,4,5,4, 0.000855324028
5,4,5,5, 0.014273805310
5,4,5,6, 0.009452741042
5,4,5,9,-0.003726709321
5,4,6,0, 0.003070322071
5,4,6,1, 0.006297807063
5,4,6,4, 0.003123079952
5,4,6,5, 0.009452741042
5,4,6,6, 0.012064262524
5,4,6,9,-0.003201121472
5,4,7,2, 0.000101486646
5,4,7,7, 0.013408730433
5,4,8,3, 0.000101486646
5,4,8,8, 0.013408730433
5,4,9,0,-0.000830848665
5,4,9,1,-0.002831089923
5,4,9,4,-0.001205088054
5,4,9,5,-0.003726709321
5,4,9,6,-0.003201121472
5,4,9,9, 0.015709472287
5,5,0,0, 0.257702389695
5,5,0,1, 0.176371759670
5,5,0,4, 0.041748597472
5,5,0,5, 0.012066630976
5,5,0,6, 0.050526248627
5,5,0,9,-0.016403146490
5,5,1,0, 0.176371759670
5,5,1,1, 0.254120377473
5,5,1,4, 0.039081981961
5,5,1,5, 0.106005225659
5,5,1,6, 0.160940934024
5,5,1,9,-0.070899680814
5,5,2,2, 0.251840219761
5,5,2,7, 0.001939356235
5,5,3,3, 0.251840219761
5,5,3,8, 0.001939356235
5,5,4,0, 0.041748597472
5,5,4,1, 0.039081981961
5,5,4,4, 0.269439727949
5,5,4,5, 0.014273805310
5,5,4,6, 0.045760926754
5,5,4,9,-0.020705676152
5,5,5,0, 0.012066630976
5,5,5,1, 0.106005225659
5,5,5,4, 0.014273805310
5,5,5,5, 0.897251802255
5,5,5,6, 0.504699283325
5,5,6,0, 0.050526248627
5,5,6,1, 0.160940934024
5,5,6,4, 0.045760926754
5,5,6,5, 0.504699283325
5,5,6,6, 0.507364877272
5,5,7,2, 0.001939356235
5,5,7,7, 0.775037038942
5,5,8,3, 0.001939356235
5,5,8,8, 0.775037038942
5,5,9,0,-0.016403146490
5,5,9,1,-0.070899680814
5,5,9,4,-0.020705676152
5,5,9,9, 0.775037038942
5,6,0,0, 0.176371759670
5,6,0,1, 0.120547766152
5,6,0,4, 0.028400790282
5,6,0,5, 0.007835150860
5,6,0,6, 0.034237893927
5,6,0,9,-0.010644936293
5,6,1,0, 0.120547766152
5,6,1,1, 0.172638969867
5,6,1,4, 0.026449186260
5,6,1,5, 0.064285184712
5,6,1,6, 0.105615557026
5,6,1,9,-0.044683645874
5,6,2,2, 0.172429915680
5,6,2,7, 0.001288221870
5,6,3,3, 0.172429915680
5,6,3,8, 0.001288221870
5,6,4,0, 0.028400790282
5,6,4,1, 0.026449186260
5,6,4,4, 0.184191386018
5,6,4,5, 0.009452741042
5,6,4,6, 0.030970453231
5,6,4,9,-0.013631959342
5,6,5,0, 0.007835150860
5,6,5,1, 0.064285184712
5,6,5,4, 0.009452741042
5,6,5,5, 0.504699283325
5,6,5,6, 0.300015949963
5,6,6,0, 0.034237893927
5,6,6,1, 0.105615557026
5,6,6,4, 0.030970453231
5,6,6,5, 0.300015949963
5,6,6,6, 0.324022459289
5,6,7,2, 0.001288221870
5,6,7,7, 0.462081934851
5,6,8,3, 0.001288221870
5,6,8,8, 0.462081934851
5,6,9,0,-0.010644936293
5,6,9,1,-0.044683645874
5,6,9,4,-0.013631959342
5,6,9,9, 0.462081934851
5,7,0,2, 0.006773190550
5,7,0,7, 0.000960125495
5,7,1,2, 0.006344873139
5,7,1,7, 0.019122719769
5,7,2,0, 0.006773190550
5,7,2,1, 0.006344873139
5,7,2,4, 0.002859816115
5,7,2,5, 0.000376345061
5,7,2,6, 0.002076314703
5,7,2,9,-0.000469561468
5,7,4,2, 0.002859816115
5,7,4,7, 0.000697363189
5,7,5,2, 0.000376345061
5,7,5,7, 0.152608082603
5,7,6,2, 0.002076314703
5,7,6,7, 0.101353944495
5,7,7,0, 0.000960125495
5,7,7,1, 0.019122719769
5,7,7,4, 0.000697363189
5,7,7,5, 0.152608082603
5,7,7,6, 0.101353944495
5,7,9,2,-0.000469561468
5,8,0,3, 0.006773190550
5,8,0,8, 0.000960125495
5,8,1,3, 0.006344873139
5,8,1,8, 0.019122719769
5,8,3,0, 0.006773190550
5,8,3,1, 0.006344873139
5,8,3,4, 0.002859816115
5,8,3,5, 0.000376345061
5,8,3,6, 0.002076314703
5,8,3,9,-0.000469561468
5,8,4,3, 0.002859816115
5,8,4,8, 0.000697363189
5,8,5,3, 0.000376345061
5,8,5,8, 0.152608082603
5,8,6,3, 0.002076314703
5,8,6,8, 0.101353944495
5,8,8,0, 0.000960125495
5,8,8,1, 0.019122719769
5,8,8,4, 0.000697363189
5,8,8,5, 0.152608082603
5,8,8,6, 0.101353944495
5,8,9,3,-0.000469561468
5,9,0,0,-0.041748597472
5,9,0,1,-0.028400790282
5,9,0,4,-0.013497863160
5,9,0,5,-0.002985811772
5,9,0,6,-0.009751610141
5,9,0,9, 0.004569383531
5,9,1,0,-0.028400790282
5,9,1,1,-0.037399689154
5,9,1,4,-0.012529672476
5,9,1,5,-0.012811983605
5,9,1,6,-0.021759781739
5,9,1,9, 0.025618238321
5,9,2,2,-0.038922301539
5,9,2,7,-0.000469561468
5,9,3,3,-0.038922301539
5,9,3,8,-0.000469561468
5,9,4,0,-0.013497863160
5,9,4,1,-0.012529672476
5,9,4,4,-0.047435299144
5,9,4,5,-0.003726709321
5,9,4,6,-0.010440425552
5,9,4,9, 0.005805441146
5,9,5,0,-0.002985811772
5,9,5,1,-0.012811983605
5,9,5,4,-0.003726709321
5,9,5,9, 0.152608082603
5,9,6,0,-0.009751610141
5,9,6,1,-0.021759781739
5,9,6,4,-0.010440425552
5,9,6,9, 0.101353944495
5,9,7,2,-0.000469561468
5,9,8,3,-0.000469561468
5,9,9,0, 0.004569383531
5,9,9,1, 0.025618238321
5,9,9,4, 0.005805441146
5,9,9,5, 0.152608082603
5,9,9,6, 0.101353944495
6,0,0,0, 0.106005225659
6,0,0,1, 0.064285184712
6,0,0,4, 0.012811983605
6,0,0,5, 0.002229053814
6,0,0,6, 0.015441936542
6,0,0,9,-0.002793705130
6,0,1,0, 0.064285184712
6,0,1,1, 0.071616909088
6,0,1,4, 0.009790840035
6,0,1,5, 0.009881208371
6,0,1,6, 0.027354683075
6,0,1,9,-0.009271415348
6,0,2,2, 0.097745066668
6,0,2,7, 0.000371429983
6,0,3,3, 0.097745066668
6,0,3,8, 0.000371429983
6,0,4,0, 0.012811983605
6,0,4,1, 0.009790840035
6,0,4,4, 0.100585326299
6,0,4,5, 0.003070322071
6,0,4,6, 0.012750189263
6,0,4,9,-0.004038240159
6,0,5,0, 0.002229053814
6,0,5,1, 0.009881208371
6,0,5,4, 0.003070322071
6,0,5,5, 0.050526248627
6,0,5,6, 0.034237893927
6,0,5,9,-0.009751610141
6,0,6,0, 0.015441936542
6,0,6,1, 0.027354683075
6,0,6,4, 0.012750189263
6,0,6,5, 0.034237893927
6,0,6,6, 0.047318631200
6,0,6,9,-0.008853828997
6,0,7,2, 0.000371429983
6,0,7,7, 0.048901191566
6,0,8,3, 0.000371429983
6,0,8,8, 0.048901191566
6,0,9,0,-0.002793705130
6,0,9,1,-0.009271415348
6,0,9,4,-0.004038240159
6,0,9,5,-0.009751610141
6,0,9,6,-0.008853828997
6,0,9,9, 0.053483368291
6,1,0,0, 0.160940934024
6,1,0,1, 0.105615557026
6,1,0,4, 0.021759781739
6,1,0,5, 0.004809719739
6,1,0,6, 0.027354683075
6,1,0,9,-0.006297807063
6,1,1,0, 0.105615557026
6,1,1,1, 0.136235460227
6,1,1,4, 0.018822002617
6,1,1,5, 0.027354683075
6,1,1,6, 0.062804931628
6,1,1,9,-0.023651816820
6,1,2,2, 0.156307910154
6,1,2,7, 0.000823658039
6,1,3,3, 0.156307910154
6,1,3,8, 0.000823658039
6,1,4,0, 0.021759781739
6,1,4,1, 0.018822002617
6,1,4,4, 0.161692742747
6,1,4,5, 0.006297807063
6,1,4,6, 0.023651816820
6,1,4,9,-0.008644423855
6,1,5,0, 0.004809719739
6,1,5,1, 0.027354683075
6,1,5,4, 0.006297807063
6,1,5,5, 0.160940934024
6,1,5,6, 0.105615557026
6,1,5,9,-0.021759781739
6,1,6,0, 0.027354683075
6,1,6,1, 0.062804931628
6,1,6,4, 0.023651816820
6,1,6,5, 0.105615557026
6,1,6,6, 0.136235460227
6,1,6,9,-0.018822002617
6,1,7,2, 0.000823658039
6,1,7,7, 0.156307910154
6,1,8,3, 0.000823658039
6,1,8,8, 0.156307910154
6,1,9,0,-0.006297807063
6,1,9,1,-0.023651816820
6,1,9,4,-0.008644423855
6,1,9,5,-0.021759781739
6,1,9,6,-0.018822002617
6,1,9,9, 0.161692742747
6,2,0,2, 0.019122719769
6,2,0,7, 0.000114799431
6,2,1,2, 0.013898264747
6,2,1,7, 0.000645455460
6,2,2,0, 0.019122719769
6,2,2,1, 0.013898264747
6,2,2,4, 0.003960121043
6,2,2,5, 0.000222548659
6,2,2,6, 0.003119355283
6,2,2,9,-0.000188241930
6,2,4,2, 0.003960121043
6,2,4,7, 0.000142425199
6,2,5,2, 0.000222548659
6,2,5,7, 0.002076314703
6,2,6,2, 0.003119355283
6,2,6,7, 0.001921557377
6,2,7,0, 0.000114799431
6,2,7,1, 0.000645455460
6,2,7,4, 0.000142425199
6,2,7,5, 0.002076314703
6,2,7,6, 0.001921557377
6,2,7,9,-0.000998159073
6,2,9,2,-0.000188241930
6,2,9,7,-0.000998159073
6,3,0,3, 0.019122719769
6,3,0,8, 0.000114799431
6,3,1,3, 0.013898264747
6,3,1,8, 0.000645455460
6,3,3,0, 0.019122719769
6,3,3,1, 0.013898264747
6,3,3,4, 0.003960121043
6,3,3,5, 0.000222548659
6,3,3,6, 0.003119355283
6,3,3,9,-0.000188241930
6,3,4,3, 0.003960121043
6,3,4,8, 0.000142425199
6,3,5,3, 0.000222548659
6,3,5,8, 0.002076314703
6,3,6,3, 0.003119355283
6,3,6,8, 0.001921557377
6,3,8,0, 0.000114799431
6,3,8,1, 0.000645455460
6,3,8,4, 0.000142425199
6,3,8,5, 0.002076314703
6,3,8,6, 0.001921557377
6,3,8,9,-0.000998159073
6,3,9,3,-0.000188241930
6,3,9,8,-0.000998159073
6,4,0,0, 0.070899680814
6,4,0,1, 0.044683645874
6,4,0,4, 0.025618238321
6,4,0,5, 0.002194231760
6,4,0,6, 0.012750189263
6,4,0,9,-0.002831089923
6,4,1,0, 0.044683645874
6,4,1,1, 0.051755617345
6,4,1,4, 0.019066923306
6,4,1,5, 0.009271415348
6,4,1,6, 0.023651816820
6,4,1,9,-0.009112789270
6,4,2,2, 0.065749692242
6,4,2,7, 0.000365816371
6,4,3,3, 0.065749692242
6,4,3,8, 0.000365816371
6,4,4,0, 0.025618238321
6,4,4,1, 0.019066923306
6,4,4,4, 0.074827698793
6,4,4,5, 0.003123079952
6,4,4,6, 0.012998549206
6,4,4,9,-0.004176915113
6,4,5,0, 0.002194231760
6,4,5,1, 0.009271415348
6,4,5,4, 0.003123079952
6,4,5,5, 0.045760926754
6,4,5,6, 0.030970453231
6,4,5,9,-0.010440425552
6,4,6,0, 0.012750189263
6,4,6,1, 0.023651816820
6,4,6,4, 0.012998549206
6,4,6,5, 0.030970453231
6,4,6,6, 0.041872241804
6,4,6,9,-0.009471194257
6,4,7,2, 0.000365816371
6,4,7,7, 0.043797593940
6,4,8,3, 0.000365816371
6,4,8,8, 0.043797593940
6,4,9,0,-0.002831089923
6,4,9,1,-0.009112789270
6,4,9,4,-0.004176915113
6,4,9,5,-0.010440425552
6,4,9,6,-0.009471194257
6,4,9,9, 0.049573956161
6,5,0,0, 0.176371759670
6,5,0,1, 0.120547766152
6,5,0,4, 0.028400790282
6,5,0,5, 0.007835150860
6,5,0,6, 0.034237893927
6,5,0,9,-0.010644936293
6,5,1,0, 0.120547766152
6,5,1,1, 0.172638969867
6,5,1,4, 0.026449186260
6,5,1,5, 0.064285184712
6,5,1,6, 0.105615557026
6,5,1,9,-0.044683645874
6,5,2,2, 0.172429915680
6,5,2,7, 0.001288221870
6,5,3,3, 0.172429915680
6,5,3,8, 0.001288221870
6,5,4,0, 0.028400790282
6,5,4,1, 0.026449186260
6,5,4,4, 0.184191386018
6,5,4,5, 0.009452741042
6,5,4,6, 0.030970453231
6,5,4,9,-0.013631959342
6,5,5,0, 0.007835150860
6,5,5,1, 0.064285184712
6,5,5,4, 0.009452741042
6,5,5,5, 0.504699283325
6,5,5,6, 0.300015949963
6,5,6,0, 0.034237893927
6,5,6,1, 0.105615557026
6,5,6,4, 0.030970453231
6,5,6,5, 0.300015949963
6,5,6,6, 0.324022459289
6,5,7,2, 0.001288221870
6,5,7,7, 0.462081934851
6,5,8,3, 0.001288221870
6,5,8,8, 0.462081934851
6,5,9,0,-0.010644936293
6,5,9,1,-0.044683645874
6,5,9,4,-0.013631959342
6,5,9,9, 0.462081934851
6,6,0,0, 0.254120377473
6,6,0,1, 0.172638969867
6,6,0,4, 0.037399689154
6,6,0,5, 0.009714357458
6,6,0,6, 0.047318631200
6,6,0,9,-0.012976094900
6,6,1,0, 0.172638969867
6,6,1,1, 0.243481575633
6,6,1,4, 0.034230728075
6,6,1,5, 0.071616909088
6,6,1,6, 0.136235460227
6,6,1,9,-0.051755617345
6,6,2,2, 0.249295474739
6,6,2,7, 0.001645216267
6,6,3,3, 0.249295474739
6,6,3,8, 0.001645216267
6,6,4,0, 0.037399689154
6,6,4,1, 0.034230728075
6,6,4,4, 0.262030651084
6,6,4,5, 0.012064262524
6,6,4,6, 0.041872241804
6,6,4,9,-0.017028518075
6,6,5,0, 0.009714357458
6,6,5,1, 0.071616909088
6,6,5,4, 0.012064262524
6,6,5,5, 0.507364877272
6,6,5,6, 0.324022459289
6,6,6,0, 0.047318631200
6,6,6,1, 0.136235460227
6,6,6,4, 0.041872241804
6,6,6,5, 0.324022459289
6,6,6,6, 0.394125899248
6,6,7,2, 0.001645216267
6,6,7,7, 0.491073083906
6,6,8,3, 0.001645216267
6,6,8,8, 0.491073083906
6,6,9,0,-0.012976094900
6,6,9,1,-0.051755617345
6,6,9,4,-0.017028518075
6,6,9,9, 0.491073083906
6,7,0,2, 0.006344873139
6,7,0,7, 0.000748957731
6,7,1,2, 0.005931936560
6,7,1,7, 0.013898264747
6,7,2,0, 0.006344873139
6,7,2,1, 0.005931936560
6,7,2,4, 0.002669005793
6,7,2,5, 0.000331759830
6,7,2,6, 0.001921557377
6,7,2,9,-0.000406758275
6,7,4,2, 0.002669005793
6,7,4,7, 0.000571305185
6,7,5,2, 0.000331759830
6,7,5,7, 0.101353944495
6,7,6,2, 0.001921557377
6,7,6,7, 0.072461555243
6,7,7,0, 0.000748957731
6,7,7,1, 0.013898264747
6,7,7,4, 0.000571305185
6,7,7,5, 0.101353944495
6,7,7,6, 0.072461555243
6,7,9,2,-0.000406758275
6,8,0,3, 0.006344873139
6,8,0,8, 0.000748957731
6,8,1,3, 0.005931936560
6,8,1,8, 0.013898264747
6,8,3,0, 0.006344873139
6,8,3,1, 0.005931936560
6,8,3,4, 0.002669005793
6,8,3,5, 0.000331759830
6,8,3,6, 0.001921557377
6,8,3,9,-0.000406758275
6,8,4,3, 0.002669005793
6,8,4,8, 0.000571305185
6,8,5,3, 0.000331759830
6,8,5,8, 0.101353944495
6,8,6,3, 0.001921557377
6,8,6,8, 0.072461555243
6,8,8,0, 0.000748957731
6,8,8,1, 0.013898264747
6,8,8,4, 0.000571305185
6,8,8,5, 0.101353944495
6,8,8,6, 0.072461555243
6,8,9,3,-0.000406758275
6,9,0,0,-0.039081981961
6,9,0,1,-0.026449186260
6,9,0,4,-0.012529672476
6,9,0,5,-0.002474881947
6,9,0,6,-0.008853828997
6,9,0,9, 0.003735142193
6,9,1,0,-0.026449186260
6,9,1,1,-0.034230728075
6,9,1,4,-0.011499262162
6,9,1,5,-0.009790840035
6,9,1,6,-0.018822002617
6,9,1,9, 0.019066923306
6,9,2,2,-0.036490636825
6,9,2,7,-0.000406758275
6,9,3,3,-0.036490636825
6,9,3,8,-0.000406758275
6,9,4,0,-0.012529672476
6,9,4,1,-0.011499262162
6,9,4,4,-0.044263682909
6,9,4,5,-0.003201121472
6,9,4,6,-0.009471194257
6,9,4,9, 0.004907548037
6,9,5,0,-0.002474881947
6,9,5,1,-0.009790840035
6,9,5,4,-0.003201121472
6,9,5,9, 0.101353944495
6,9,6,0,-0.008853828997
6,9,6,1,-0.018822002617
6,9,6,4,-0.009471194257
6,9,6,9, 0.072461555243
6,9,7,2,-0.000406758275
6,9,8,3,-0.000406758275
6,9,9,0, 0.003735142193
6,9,9,1, 0.019066923306
6,9,9,4, 0.004907548037
6,9,9,5, 0.101353944495
6,9,9,6, 0.072461555243
7,0,0,2, 0.000376345061
7,0,0,7, 0.000026786536
7,0,1,2, 0.000331759830
7,0,1,7, 0.000222548659
7,0,2,0, 0.000376345061
7,0,2,1, 0.000331759830
7,0,2,4, 0.000225635437
7,0,2,5, 0.000020001238
7,0,2,6, 0.000114799431
7,0,2,9,-0.000024627370
7,0,4,2, 0.000225635437
7,0,4,7, 0.000027928494
7,0,5,2, 0.000020001238
7,0,5,7, 0.000960125495
7,0,6,2, 0.000114799431
7,0,6,7, 0.000748957731
7,0,7,0, 0.000026786536
7,0,7,1, 0.000222548659
7,0,7,4, 0.000027928494
7,0,7,5, 0.000960125495
7,0,7,6, 0.000748957731
7,0,7,9,-0.000529990798
7,0,9,2,-0.000024627370
7,0,9,7,-0.000529990798
7,1,0,2, 0.002076314703
7,1,0,7, 0.000222548659
7,1,1,2, 0.001921557377
7,1,1,7, 0.003119355283
7,1,2,0, 0.002076314703
7,1,2,1, 0.001921557377
7,1,2,4, 0.000998159073
7,1,2,5, 0.000114799431
7,1,2,6, 0.000645455460
7,1,2,9,-0.000142425199
7,1,4,2, 0.000998159073
7,1,4,7, 0.000188241930
7,1,5,2, 0.000114799431
7,1,5,7, 0.019122719769
7,1,6,2, 0.000645455460
7,1,6,7, 0.013898264747
7,1,7,0, 0.000222548659
7,1,7,1, 0.003119355283
7,1,7,4, 0.000188241930
7,1,7,5, 0.019122719769
7,1,7,6, 0.013898264747
7,1,7,9,-0.003960121043
7,1,9,2,-0.000142425199
7,1,9,7,-0.003960121043
7,2,0,0, 0.001939356235
7,2,0,1, 0.001288221870
7,2,0,4, 0.000469561468
7,2,0,5, 0.000074692539
7,2,0,6, 0.000371429983
7,2,0,9,-0.000101486646
7,2,1,0, 0.001288221870
7,2,1,1, 0.001645216267
7,2,1,4, 0.000406758275
7,2,1,5, 0.000371429983
7,2,1,6, 0.000823658039
7,2,1,9,-0.000365816371
7,2,2,2, 0.001887699241
7,2,2,7, 0.000013871069
7,2,3,3, 0.001818375974
7,2,3,8, 0.000012172571
7,2,4,0, 0.000469561468
7,2,4,1, 0.000406758275
7,2,4,4, 0.002089931756
7,2,4,5, 0.000101486646
7,2,4,6, 0.000365816371
7,2,4,9,-0.000142738241
7,2,5,0, 0.000074692539
7,2,5,1, 0.000371429983
7,2,5,4, 0.000101486646
7,2,5,5, 0.001939356235
7,2,5,6, 0.001288221870
7,2,5,9,-0.000469561468
7,2,6,0, 0.000371429983
7,2,6,1, 0.000823658039
7,2,6,4, 0.000365816371
7,2,6,5, 0.001288221870
7,2,6,6, 0.001645216267
7,2,6,9,-0.000406758275
7,2,7,2, 0.000013871069
7,2,7,7, 0.001887699241
7,2,8,3, 0.000012172571
7,2,8,8, 0.001818375974
7,2,9,0,-0.000101486646
7,2,9,1,-0.000365816371
7,2,9,4,-0.000142738241
7,2,9,5,-0.000469561468
7,2,9,6,-0.000406758275
7,2,9,9, 0.002089931756
7,3,2,3, 0.000034661633
7,3,2,8, 0.000000849249
7,3,3,2, 0.000034661633
7,3,3,7, 0.000000849249
7,3,7,3, 0.000000849249
7,3,7,8, 0.000034661633
7,3,8,2, 0.000000849249
7,3,8,7, 0.000034661633
7,4,0,2, 0.000469561468
7,4,0,7, 0.000027928494
7,4,1,2, 0.000406758275
7,4,1,7, 0.000188241930
7,4,2,0, 0.000469561468
7,4,2,1, 0.000406758275
7,4,2,4, 0.000306217415
7,4,2,5, 0.000024627370
7,4,2,6, 0.000142425199
7,4,2,9,-0.000030132913
7,4,4,2, 0.000306217415
7,4,4,7, 0.000031831412
7,4,5,2, 0.000024627370
7,4,5,7, 0.000697363189
7,4,6,2, 0.000142425199
7,4,6,7, 0.000571305185
7,4,7,0, 0.000027928494
7,4,7,1, 0.000188241930
7,4,7,4, 0.000031831412
7,4,7,5, 0.000697363189
7,4,7,6, 0.000571305185
7,4,7,9,-0.000452494461
7,4,9,2,-0.000030132913
7,4,9,7,-0.000452494461
7,5,0,2, 0.006773190550
7,5,0,7, 0.000960125495
7,5,1,2, 0.006344873139
7,5,1,7, 0.019122719769
7,5,2,0, 0.006773190550
7,5,2,1, 0.006344873139
7,5,2,4, 0.002859816115
7,5,2,5, 0.000376345061
7,5,2,6, 0.002076314703
7,5,2,9,-0.000469561468
7,5,4,2, 0.002859816115
7,5,4,7, 0.000697363189
7,5,5,2, 0.000376345061
7,5,5,7, 0.152608082603
7,5,6,2, 0.002076314703
7,5,6,7, 0.101353944495
7,5,7,0, 0.000960125495
7,5,7,1, 0.019122719769
7,5,7,4, 0.000697363189
7,5,7,5, 0.152608082603
7,5,7,6, 0.101353944495
7,5,9,2,-0.000469561468
7,6,0,2, 0.006344873139
7,6,0,7, 0.000748957731
7,6,1,2, 0.005931936560
7,6,1,7, 0.013898264747
7,6,2,0, 0.006344873139
7,6,2,1, 0.005931936560
7,6,2,4, 0.002669005793
7,6,2,5, 0.000331759830
7,6,2,6, 0.001921557377
7,6,2,9,-0.000406758275
7,6,4,2, 0.002669005793
7,6,4,7, 0.000571305185
7,6,5,2, 0.000331759830
7,6,5,7, 0.101353944495
7,6,6,2, 0.001921557377
7,6,6,7, 0.072461555243
7,6,7,0, 0.000748957731
7,6,7,1, 0.013898264747
7,6,7,4, 0.000571305185
7,6,7,5, 0.101353944495
7,6,7,6, 0.072461555243
7,6,9,2,-0.000406758275
7,7,0,0, 0.251840219761
7,7,0,1, 0.172429915680
7,7,0,4, 0.038922301539
7,7,0,5, 0.011290245789
7,7,0,6, 0.048901191566
7,7,0,9,-0.015246061801
7,7,1,0, 0.172429915680
7,7,1,1, 0.249295474739
7,7,1,4, 0.036490636825
7,7,1,5, 0.097745066668
7,7,1,6, 0.156307910154
7,7,1,9,-0.065749692242
7,7,2,2, 0.247167220470
7,7,2,7, 0.001887699241
7,7,3,3, 0.246360793489
7,7,3,8, 0.001818375974
7,7,4,0, 0.038922301539
7,7,4,1, 0.036490636825
7,7,4,4, 0.262000931171
7,7,4,5, 0.013408730433
7,7,4,6, 0.043797593940
7,7,4,9,-0.019293947160
7,7,5,0, 0.011290245789
7,7,5,1, 0.097745066668
7,7,5,4, 0.013408730433
7,7,5,5, 0.775037038942
7,7,5,6, 0.462081934851
7,7,6,0, 0.048901191566
7,7,6,1, 0.156307910154
7,7,6,4, 0.043797593940
7,7,6,5, 0.462081934851
7,7,6,6, 0.491073083906
7,7,7,2, 0.001887699241
7,7,7,7, 0.785718708997
7,7,8,3, 0.001818375974
7,7,8,8, 0.689508254834
7,7,9,0,-0.015246061801
7,7,9,1,-0.065749692242
7,7,9,4,-0.019293947160
7,7,9,9, 0.689508254834
7,8,2,3, 0.000403213490
7,8,2,8, 0.000034661633
7,8,3,2, 0.000403213490
7,8,3,7, 0.000034661633
7,8,7,3, 0.000034661633
7,8,7,8, 0.048105227081
7,8,8,2, 0.000034661633
7,8,8,7, 0.048105227081
7,9,0,2,-0.002859816115
7,9,0,7,-0.000529990798
7,9,1,2,-0.002669005793
7,9,1,7,-0.003960121043
7,9,2,0,-0.002859816115
7,9,2,1,-0.002669005793
7,9,2,4,-0.001608607716
7,9,2,5,-0.000225635437
7,9,2,6,-0.000998159073
7,9,2,9, 0.000306217415
7,9,4,2,-0.001608607716
7,9,4,7,-0.000452494461
7,9,5,2,-0.000225635437
7,9,6,2,-0.000998159073
7,9,7,0,-0.000529990798
7,9,7,1,-0.003960121043
7,9,7,4,-0.000452494461
7,9,7,9, 0.048105227081
7,9,9,2, 0.000306217415
7,9,9,7, 0.048105227081
8,0,0,3, 0.000376345061
8,0,0,8, 0.000026786536
8,0,1,3, 0.000331759830
8,0,1,8, 0.000222548659
8,0,3,0, 0.000376345061
8,0,3,1, 0.000331759830
8,0,3,4, 0.000225635437
8,0,3,5, 0.000020001238
8,0,3,6, 0.000114799431
8,0,3,9,-0.000024627370
8,0,4,3, 0.000225635437
8,0,4,8, 0.000027928494
8,0,5,3, 0.000020001238
8,0,5,8, 0.000960125495
8,0,6,3, 0.000114799431
8,0,6,8, 0.000748957731
8,0,8,0, 0.000026786536
8,0,8,1, 0.000222548659
8,0,8,4, 0.000027928494
8,0,8,5, 0.000960125495
8,0,8,6, 0.000748957731
8,0,8,9,-0.000529990798
8,0,9,3,-0.000024627370
8,0,9,8,-0.000529990798
8,1,0,3, 0.002076314703
8,1,0,8, 0.000222548659
8,1,1,3, 0.001921557377
8,1,1,8, 0.003119355283
8,1,3,0, 0.002076314703
8,1,3,1, 0.001921557377
8,1,3,4, 0.000998159073
8,1,3,5, 0.000114799431
8,1,3,6, 0.000645455460
8,1,3,9,-0.000142425199
8,1,4,3, 0.000998159073
8,1,4,8, 0.000188241930
8,1,5,3, 0.000114799431
8,1,5,8, 0.019122719769
8,1,6,3, 0.000645455460
8,1,6,8, 0.013898264747
8,1,8,0, 0.000222548659
8,1,8,1, 0.003119355283
8,1,8,4, 0.000188241930
8,1,8,5, 0.019122719769
8,1,8,6, 0.013898264747
8,1,8,9,-0.003960121043
8,1,9,3,-0.000142425199
8,1,9,8,-0.003960121043
8,2,2,3, 0.000034661633
8,2,2,8, 0.000000849249
8,2,3,2, 0.000034661633
8,2,3,7, 0.000000849249
8,2,7,3, 0.000000849249
8,2,7,8, 0.000034661633
8,2,8,2, 0.000000849249
8,2,8,7, 0.000034661633
8,3,0,0, 0.001939356235
8,3,0,1, 0.001288221870
8,3,0,4, 0.000469561468
8,3,0,5, 0.000074692539
8,3,0,6, 0.000371429983
8,3,0,9,-0.000101486646
8,3,1,0, 0.001288221870
8,3,1,1, 0.001645216267
8,3,1,4, 0.000406758275
8,3,1,5, 0.000371429983
8,3,1,6, 0.000823658039
8,3,1,9,-0.000365816371
8,3,2,2, 0.001818375974
8,3,2,7, 0.000012172571
8,3,3,3, 0.001887699241
8,3,3,8, 0.000013871069
8,3,4,0, 0.000469561468
8,3,4,1, 0.000406758275
8,3,4,4, 0.002089931756
8,3,4,5, 0.000101486646
8,3,4,6, 0.000365816371
8,3,4,9,-0.000142738241
8,3,5,0, 0.000074692539
8,3,5,1, 0.000371429983
8,3,5,4, 0.000101486646
8,3,5,5, 0.001939356235
8,3,5,6, 0.001288221870
8,3,5,9,-0.000469561468
8,3,6,0, 0.000371429983
8,3,6,1, 0.000823658039
8,3,6,4, 0.000365816371
8,3,6,5, 0.001288221870
8,3,6,6, 0.001645216267
8,3,6,9,-0.000406758275
8,3,7,2, 0.000012172571
8,3,7,7, 0.001818375974
8,3,8,3, 0.000013871069
8,3,8,8, 0.001887699241
8,3,9,0,-0.000101486646
8,3,9,1,-0.000365816371
8,3,9,4,-0.000142738241
8,3,9,5,-0.000469561468
8,3,9,6,-0.000406758275
8,3,9,9, 0.002089931756
8,4,0,3, 0.000469561468
8,4,0,8, 0.000027928494
8,4,1,3, 0.000406758275
8,4,1,8, 0.000188241930
8,4,3,0, 0.000469561468
8,4,3,1, 0.000406758275
8,4,3,4, 0.000306217415
8,4,3,5, 0.000024627370
8,4,3,6, 0.000142425199
8,4,3,9,-0.000030132913
8,4,4,3, 0.000306217415
8,4,4,8, 0.000031831412
8,4,5,3, 0.000024627370
8,4,5,8, 0.000697363189
8,4,6,3, 0.000142425199
8,4,6,8, 0.000571305185
8,4,8,0, 0.000027928494
8,4,8,1, 0.000188241930
8,4,8,4, 0.000031831412
8,4,8,5, 0.000697363189
8,4,8,6, 0.000571305185
8,4,8,9,-0.000452494461
8,4,9,3,-0.000030132913
8,4,9,8,-0.000452494461
8,5,0,3, 0.006773190550
8,5,0,8, 0.000960125495
8,5,1,3, 0.006344873139
8,5,1,8, 0.019122719769
8,5,3,0, 0.006773190550
8,5,3,1, 0.006344873139
8,5,3,4, 0.002859816115
8,5,3,5, 0.000376345061
8,5,3,6, 0.002076314703
8,5,3,9,-0.000469561468
8,5,4,3, 0.002859816115
8,5,4,8, 0.000697363189
8,5,5,3, 0.000376345061
8,5,5,8, 0.152608082603
8,5,6,3, 0.002076314703
8,5,6,8, 0.101353944495
8,5,8,0, 0.000960125495
8,5,8,1, 0.019122719769
8,5,8,4, 0.000697363189
8,5,8,5, 0.152608082603
8,5,8,6, 0.101353944495
8,5,9,3,-0.000469561468
8,6,0,3, 0.006344873139
8,6,0,8, 0.000748957731
8,6,1,3, 0.005931936560
8,6,1,8, 0.013898264747
8,6,3,0, 0.006344873139
8,6,3,1, 0.005931936560
8,6,3,4, 0.002669005793
8,6,3,5, 0.000331759830
8,6,3,6, 0.001921557377
8,6,3,9,-0.000406758275
8,6,4,3, 0.002669005793
8,6,4,8, 0.000571305185
8,6,5,3, 0.000331759830
8,6,5,8, 0.101353944495
8,6,6,3, 0.001921557377
8,6,6,8, 0.072461555243
8,6,8,0, 0.000748957731
8,6,8,1, 0.013898264747
8,6,8,4, 0.000571305185
8,6,8,5, 0.101353944495
8,6,8,6, 0.072461555243
8,6,9,3,-0.000406758275
8,7,2,3, 0.000403213490
8,7,2,8, 0.000034661633
8,7,3,2, 0.000403213490
8,7,3,7, 0.000034661633
8,7,7,3, 0.000034661633
8,7,7,8, 0.048105227081
8,7,8,2, 0.000034661633
8,7,8,7, 0.048105227081
8,8,0,0, 0.251840219761
8,8,0,1, 0.172429915680
8,8,0,4, 0.038922301539
8,8,0,5, 0.011290245789
8,8,0,6, 0.048901191566
8,8,0,9,-0.015246061801
8,8,1,0, 0.172429915680
8,8,1,1, 0.249295474739
8,8,1,4, 0.036490636825
8,8,1,5, 0.097745066668
8,8,1,6, 0.156307910154
8,8,1,9,-0.065749692242
8,8,2,2, 0.246360793489
8,8,2,7, 0.001818375974
8,8,3,3, 0.247167220470
8,8,3,8, 0.001887699241
8,8,4,0, 0.038922301539
8,8,4,1, 0.036490636825
8,8,4,4, 0.262000931171
8,8,4,5, 0.013408730433
8,8,4,6, 0.043797593940
8,8,4,9,-0.019293947160
8,8,5,0, 0.011290245789
8,8,5,1, 0.097745066668
8,8,5,4, 0.013408730433
8,8,5,5, 0.775037038942
8,8,5,6, 0.462081934851
8,8,6,0, 0.048901191566
8,8,6,1, 0.156307910154
8,8,6,4, 0.043797593940
8,8,6,5, 0.462081934851
8,8,6,6, 0.491073083906
8,8,7,2, 0.001818375974
8,8,7,7, 0.689508254834
8,8,8,3, 0.001887699241
8,8,8,8, 0.785718708997
8,8,9,0,-0.015246061801
8,8,9,1,-0.065749692242
8,8,9,4,-0.019293947160
8,8,9,9, 0.689508254834
8,9,0,3,-0.002859816115
8,9,0,8,-0.000529990798
8,9,1,3,-0.002669005793
8,9,1,8,-0.003960121043
8,9,3,0,-0.002859816115
8,9,3,1,-0.002669005793
8,9,3,4,-0.001608607716
8,9,3,5,-0.000225635437
8,9,3,6,-0.000998159073
8,9,3,9, 0.000306217415
8,9,4,3,-0.001608607716
8,9,4,8,-0.000452494461
8,9,5,3,-0.000225635437
8,9,6,3,-0.000998159073
8,9,8,0,-0.000529990798
8,9,8,1,-0.003960121043
8,9,8,4,-0.000452494461
8,9,8,9, 0.048105227081
8,9,9,3, 0.000306217415
8,9,9,8, 0.048105227081
9,0,0,0,-0.014273805310
9,0,0,1,-0.009452741042
9,0,0,4,-0.003726709321
9,0,0,5,-0.000608939933
9,0,0,6,-0.002793705130
9,0,0,9, 0.000855324028
9,0,1,0,-0.009452741042
9,0,1,1,-0.012064262524
9,0,1,4,-0.003201121472
9,0,1,5,-0.003070322071
9,0,1,6,-0.006297807063
9,0,1,9, 0.003123079952
9,0,2,2,-0.013408730433
9,0,2,7,-0.000101486646
9,0,3,3,-0.013408730433
9,0,3,8,-0.000101486646
9,0,4,0,-0.003726709321
9,0,4,1,-0.003201121472
9,0,4,4,-0.015709472287
9,0,4,5,-0.000830848665
9,0,4,6,-0.002831089923
9,0,4,9, 0.001205088054
9,0,5,0,-0.000608939933
9,0,5,1,-0.003070322071
9,0,5,4,-0.000830848665
9,0,5,5,-0.016403146490
9,0,5,6,-0.010644936293
9,0,5,9, 0.004569383531
9,0,6,0,-0.002793705130
9,0,6,1,-0.006297807063
9,0,6,4,-0.002831089923
9,0,6,5,-0.010644936293
9,0,6,6,-0.012976094900
9,0,6,9, 0.003735142193
9,0,7,2,-0.000101486646
9,0,7,7,-0.015246061801
9,0,8,3,-0.000101486646
9,0,8,8,-0.015246061801
9,0,9,0, 0.000855324028
9,0,9,1, 0.003123079952
9,0,9,4, 0.001205088054
9,0,9,5, 0.004569383531
9,0,9,6, 0.003735142193
9,0,9,9,-0.018050101733
9,1,0,0,-0.045760926754
9,1,0,1,-0.030970453231
9,1,0,4,-0.010440425552
9,1,0,5,-0.002194231760
9,1,0,6,-0.009271415348
9,1,0,9, 0.003123079952
9,1,1,0,-0.030970453231
9,1,1,1,-0.041872241804
9,1,1,4,-0.009471194257
9,1,1,5,-0.012750189263
9,1,1,6,-0.023651816820
9,1,1,9, 0.012998549206
9,1,2,2,-0.043797593940
9,1,2,7,-0.000365816371
9,1,3,3,-0.043797593940
9,1,3,8,-0.000365816371
9,1,4,0,-0.010440425552
9,1,4,1,-0.009471194257
9,1,4,4,-0.049573956161
9,1,4,5,-0.002831089923
9,1,4,6,-0.009112789270
9,1,4,9, 0.004176915113
9,1,5,0,-0.002194231760
9,1,5,1,-0.012750189263
9,1,5,4,-0.002831089923
9,1,5,5,-0.070899680814
9,1,5,6,-0.044683645874
9,1,5,9, 0.025618238321
9,1,6,0,-0.009271415348
9,1,6,1,-0.023651816820
9,1,6,4,-0.009112789270
9,1,6,5,-0.044683645874
9,1,6,6,-0.051755617345
9,1,6,9, 0.019066923306
9,1,7,2,-0.000365816371
9,1,7,7,-0.065749692242
9,1,8,3,-0.000365816371
9,1,8,8,-0.065749692242
9,1,9,0, 0.003123079952
9,1,9,1, 0.012998549206
9,1,9,4, 0.004176915113
9,1,9,5, 0.025618238321
9,1,9,6, 0.019066923306
9,1,9,9,-0.074827698793
9,2,0,2,-0.000697363189
9,2,0,7,-0.000024627370
9,2,1,2,-0.000571305185
9,2,1,7,-0.000142425199
9,2,2,0,-0.000697363189
9,2,2,1,-0.000571305185
9,2,2,4,-0.000452494461
9,2,2,5,-0.000027928494
9,2,2,6,-0.000188241930
9,2,2,9, 0.000031831412
9,2,4,2,-0.000452494461
9,2,4,7,-0.000030132913
9,2,5,2,-0.000027928494
9,2,5,7,-0.000469561468
9,2,6,2,-0.000188241930
9,2,6,7,-0.000406758275
9,2,7,0,-0.000024627370
9,2,7,1,-0.000142425199
9,2,7,4,-0.000030132913
9,2,7,5,-0.000469561468
9,2,7,6,-0.000406758275
9,2,7,9, 0.000306217415
9,2,9,2, 0.000031831412
9,2,9,7, 0.000306217415
9,3,0,3,-0.000697363189
9,3,0,8,-0.000024627370
9,3,1,3,-0.000571305185
9,3,1,8,-0.000142425199
9,3,3,0,-0.000697363189
9,3,3,1,-0.000571305185
9,3,3,4,-0.000452494461
9,3,3,5,-0.000027928494
9,3,3,6,-0.000188241930
9,3,3,9, 0.000031831412
9,3,4,3,-0.000452494461
9,3,4,8,-0.000030132913
9,3,5,3,-0.000027928494
9,3,5,8,-0.000469561468
9,3,6,3,-0.000188241930
9,3,6,8,-0.000406758275
9,3,8,0,-0.000024627370
9,3,8,1,-0.000142425199
9,3,8,4,-0.000030132913
9,3,8,5,-0.000469561468
9,3,8,6,-0.000406758275
9,3,8,9, 0.000306217415
9,3,9,3, 0.000031831412
9,3,9,8, 0.000306217415
9,4,0,0,-0.020705676152
9,4,0,1,-0.013631959342
9,4,0,4,-0.005805441146
9,4,0,5,-0.000861194779
9,4,0,6,-0.004038240159
9,4,0,9, 0.001205088054
9,4,1,0,-0.013631959342
9,4,1,1,-0.017028518075
9,4,1,4,-0.004907548037
9,4,1,5,-0.004038240159
9,4,1,6,-0.008644423855
9,4,1,9, 0.004176915113
9,4,2,2,-0.019293947160
9,4,2,7,-0.000142738241
9,4,3,3,-0.019293947160
9,4,3,8,-0.000142738241
9,4,4,0,-0.005805441146
9,4,4,1,-0.004907548037
9,4,4,4,-0.023140025028
9,4,4,5,-0.001205088054
9,4,4,6,-0.004176915113
9,4,4,9, 0.001738564174
9,4,5,0,-0.000861194779
9,4,5,1,-0.004038240159
9,4,5,4,-0.001205088054
9,4,5,5,-0.020705676152
9,4,5,6,-0.013631959342
9,4,5,9, 0.005805441146
9,4,6,0,-0.004038240159
9,4,6,1,-0.008644423855
9,4,6,4,-0.004176915113
9,4,6,5,-0.013631959342
9,4,6,6,-0.017028518075
9,4,6,9, 0.004907548037
9,4,7,2,-0.000142738241
9,4,7,7,-0.019293947160
9,4,8,3,-0.000142738241
9,4,8,8,-0.019293947160
9,4,9,0, 0.001205088054
9,4,9,1, 0.004176915113
9,4,9,4, 0.001738564174
9,4,9,5, 0.005805441146
9,4,9,6, 0.004907548037
9,4,9,9,-0.023140025028
9,5,0,0,-0.041748597472
9,5,0,1,-0.028400790282
9,5,0,4,-0.013497863160
9,5,0,5,-0.002985811772
9,5,0,6,-0.009751610141
9,5,0,9, 0.004569383531
9,5,1,0,-0.028400790282
9,5,1,1,-0.037399689154
9,5,1,4,-0.012529672476
9,5,1,5,-0.012811983605
9,5,1,6,-0.021759781739
9,5,1,9, 0.025618238321
9,5,2,2,-0.038922301539
9,5,2,7,-0.000469561468
9,5,3,3,-0.038922301539
9,5,3,8,-0.000469561468
9,5,4,0,-0.013497863160
9,5,4,1,-0.012529672476
9,5,4,4,-0.047435299144
9,5,4,5,-0.003726709321
9,5,4,6,-0.010440425552
9,5,4,9, 0.005805441146
9,5,5,0,-0.002985811772
9,5,5,1,-0.012811983605
9,5,5,4,-0.003726709321
9,5,5,9, 0.152608082603
9,5,6,0,-0.009751610141
9,5,6,1,-0.021759781739
9,5,6,4,-0.010440425552
9,5,6,9, 0.101353944495
9,5,7,2,-0.000469561468
9,5,8,3,-0.000469561468
9,5,9,0, 0.004569383531
9,5,9,1, 0.025618238321
9,5,9,4, 0.005805441146
9,5,9,5, 0.152608082603
9,5,9,6, 0.101353944495
9,6,0,0,-0.039081981961
9,6,0,1,-0.026449186260
9,6,0,4,-0.012529672476
9,6,0,5,-0.002474881947
9,6,0,6,-0.008853828997
9,6,0,9, 0.003735142193
9,6,1,0,-0.026449186260
9,6,1,1,-0.034230728075
9,6,1,4,-0.011499262162
9,6,1,5,-0.009790840035
9,6,1,6,-0.018822002617
9,6,1,9, 0.019066923306
9,6,2,2,-0.036490636825
9,6,2,7,-0.000406758275
9,6,3,3,-0.036490636825
9,6,3,8,-0.000406758275
9,6,4,0,-0.012529672476
9,6,4,1,-0.011499262162
9,6,4,4,-0.044263682909
9,6,4,5,-0.003201121472
9,6,4,6,-0.009471194257
9,6,4,9, 0.004907548037
9,6,5,0,-0.002474881947
9,6,5,1,-0.009790840035
9,6,5,4,-0.003201121472
9,6,5,9, 0.101353944495
9,6,6,0,-0.008853828997
9,6,6,1,-0.018822002617
9,6,6,4,-0.009471194257
9,6,6,9, 0.072461555243
9,6,7,2,-0.000406758275
9,6,8,3,-0.000406758275
9,6,9,0, 0.003735142193
9,6,9,1, 0.019066923306
9,6,9,4, 0.004907548037
9,6,9,5, 0.101353944495
9,6,9,6, 0.072461555243
9,7,0,2,-0.002859816115
9,7,0,7,-0.000529990798
9,7,1,2,-0.002669005793
9,7,1,7,-0.003960121043
9,7,2,0,-0.002859816115
9,7,2,1,-0.002669005793
9,7,2,4,-0.001608607716
9,7,2,5,-0.000225635437
9,7,2,6,-0.000998159073
9,7,2,9, 0.000306217415
9,7,4,2,-0.001608607716
9,7,4,7,-0.000452494461
9,7,5,2,-0.000225635437
9,7,6,2,-0.000998159073
9,7,7,0,-0.000529990798
9,7,7,1,-0.003960121043
9,7,7,4,-0.000452494461
9,7,7,9, 0.048105227081
9,7,9,2, 0.000306217415
9,7,9,7, 0.048105227081
9,8,0,3,-0.002859816115
9,8,0,8,-0.000529990798
9,8,1,3,-0.002669005793
9,8,1,8,-0.003960121043
9,8,3,0,-0.002859816115
9,8,3,1,-0.002669005793
9,8,3,4,-0.001608607716
9,8,3,5,-0.000225635437
9,8,3,6,-0.000998159073
9,8,3,9, 0.000306217415
9,8,4,3,-0.001608607716
9,8,4,8,-0.000452494461
9,8,5,3,-0.000225635437
9,8,6,3,-0.000998159073
9,8,8,0,-0.000529990798
9,8,8,1,-0.003960121043
9,8,8,4,-0.000452494461
9,8,8,9, 0.048105227081
9,8,9,3, 0.000306217415
9,8,9,8, 0.048105227081
9,9,0,0, 0.269439727949
9,9,0,1, 0.184191386018
9,9,0,4, 0.047435299144
9,9,0,5, 0.012914593242
9,9,0,6, 0.053483368291
9,9,0,9,-0.018050101733
9,9,1,0, 0.184191386018
9,9,1,1, 0.262030651084
9,9,1,4, 0.044263682909
9,9,1,5, 0.100585326299
9,9,1,6, 0.161692742747
9,9,1,9,-0.074827698793
9,9,2,2, 0.262000931171
9,9,2,7, 0.002089931756
9,9,3,3, 0.262000931171
9,9,3,8, 0.002089931756
9,9,4,0, 0.047435299144
9,9,4,1, 0.044263682909
9,9,4,4, 0.284390012964
9,9,4,5, 0.015709472287
9,9,4,6, 0.049573956161
9,9,4,9,-0.023140025028
9,9,5,0, 0.012914593242
9,9,5,1, 0.100585326299
9,9,5,4, 0.015709472287
9,9,5,5, 0.775037038942
9,9,5,6, 0.462081934851
9,9,6,0, 0.053483368291
9,9,6,1, 0.161692742747
9,9,6,4, 0.049573956161
9,9,6,5, 0.462081934851
9,9,6,6, 0.491073083906
9,9,7,2, 0.002089931756
9,9,7,7, 0.689508254834
9,9,8,3, 0.002089931756
9,9,8,8, 0.689508254834
9,9,9,0,-0.018050101733
9,9,9,1,-0.074827698793
9,9,9,4,-0.023140025028
9,9,9,9, 0.785718708997
