0,0,0,0, 0.897251802255
0,0,0,1, 0.504699283325
0,0,0,5, 0.139709232601
0,0,0,6, 0.274654093721
0,0,0,9,-0.198586071063
0,0,1,0, 0.504699283325
0,0,1,1, 0.507364877272
0,0,1,5, 0.181855628652
0,0,1,6, 0.322719990261
0,0,1,9,-0.144115810462
0,0,2,2, 0.775037038942
0,0,2,7, 0.072141199475
0,0,3,3, 0.775037038942
0,0,3,8, 0.072141199475
0,0,4,4, 0.775037038942
0,0,4,5, 0.166794127444
0,0,4,6, 0.118481012571
0,0,4,9,-0.265571262298
0,0,5,0, 0.139709232601
0,0,5,1, 0.181855628652
0,0,5,4, 0.166794127444
0,0,5,5, 0.408183957691
0,0,5,6, 0.273915954902
0,0,5,9,-0.098920194772
0,0,6,0, 0.274654093721
0,0,6,1, 0.322719990261
0,0,6,4, 0.118481012571
0,0,6,5, 0.273915954902
0,0,6,6, 0.361784232212
0,0,6,9,-0.087817376350
0,0,7,2, 0.072141199475
0,0,7,7, 0.387375795070
0,0,8,3, 0.072141199475
0,0,8,8, 0.387375795070
0,0,9,0,-0.198586071063
0,0,9,1,-0.144115810462
0,0,9,4,-0.265571262298
0,0,9,5,-0.098920194772
0,0,9,6,-0.087817376350
0,0,9,9, 0.446191919034
0,1,0,0, 0.504699283325
0,1,0,1, 0.300015949963
0,1,0,5, 0.085604209978
0,1,0,6, 0.164577715771
0,1,0,9,-0.119441171039
0,1,1,0, 0.300015949963
0,1,1,1, 0.324022459289
0,1,1,5, 0.118583986305
0,1,1,6, 0.208571208179
0,1,1,9,-0.089315285359
0,1,2,2, 0.462081934851
0,1,2,7, 0.045709926359
0,1,3,3, 0.462081934851
0,1,3,8, 0.045709926359
0,1,4,4, 0.462081934851
0,1,4,5, 0.105025538602
0,1,4,6, 0.074303456607
0,1,4,9,-0.164104009831
0,1,5,0, 0.085604209978
0,1,5,1, 0.118583986305
0,1,5,4, 0.105025538602
0,1,5,5, 0.273915954902
0,1,5,6, 0.182536958508
0,1,5,9,-0.059834587132
0,1,6,0, 0.164577715771
0,1,6,1, 0.208571208179
0,1,6,4, 0.074303456607
0,1,6,5, 0.182536958508
0,1,6,6, 0.239982620738
0,1,6,9,-0.052363700657
0,1,7,2, 0.045709926359
0,1,7,7, 0.261914818881
0,1,8,3, 0.045709926359
0,1,8,8, 0.261914818881
0,1,9,0,-0.119441171039
0,1,9,1,-0.089315285359
0,1,9,4,-0.164104009831
0,1,9,5,-0.059834587132
0,1,9,6,-0.052363700657
0,1,9,9, 0.291759434292
0,2,0,2, 0.152608082603
0,2,0,7, 0.012684404599
0,2,1,2, 0.101353944495
0,2,1,7, 0.017477666657
0,2,2,0, 0.152608082603
0,2,2,1, 0.101353944495
0,2,2,5, 0.019034645489
0,2,2,6, 0.052964245511
0,2,2,9,-0.027034353913
0,2,4,7, 0.016227805211
0,2,5,2, 0.019034645489
0,2,5,7, 0.026084309756
0,2,6,2, 0.052964245511
0,2,6,7, 0.023137654664
0,2,7,0, 0.012684404599
0,2,7,1, 0.017477666657
0,2,7,4, 0.016227805211
0,2,7,5, 0.026084309756
0,2,7,6, 0.023137654664
0,2,7,9,-0.015768001381
0,2,9,2,-0.027034353913
0,2,9,7,-0.015768001381
0,3,0,3, 0.152608082603
0,3,0,8, 0.012684404599
0,3,1,3, 0.101353944495
0,3,1,8, 0.017477666657
0,3,3,0, 0.152608082603
0,3,3,1, 0.101353944495
0,3,3,5, 0.019034645489
0,3,3,6, 0.052964245511
0,3,3,9,-0.027034353913
0,3,4,8, 0.016227805211
0,3,5,3, 0.019034645489
0,3,5,8, 0.026084309756
0,3,6,3, 0.052964245511
0,3,6,8, 0.023137654664
0,3,8,0, 0.012684404599
0,3,8,1, 0.017477666657
0,3,8,4, 0.016227805211
0,3,8,5, 0.026084309756
0,3,8,6, 0.023137654664
0,3,8,9,-0.015768001381
0,3,9,3,-0.027034353913
0,3,9,8,-0.015768001381
0,4,0,4, 0.152608082603
0,4,0,5, 0.029772108348
0,4,0,6, 0.021432841684
0,4,0,9,-0.047664796427
0,4,1,4, 0.101353944495
0,4,1,5, 0.039543246346
0,4,1,6, 0.030983896157
0,4,1,9,-0.037811849120
0,4,2,7, 0.016227805211
0,4,3,8, 0.016227805211
0,4,4,0, 0.152608082603
0,4,4,1, 0.101353944495
0,4,4,5, 0.049107051509
0,4,4,6, 0.059915424673
0,4,4,9,-0.079316498933
0,4,5,0, 0.029772108348
0,4,5,1, 0.039543246346
0,4,5,4, 0.049107051509
0,4,5,5, 0.098920194772
0,4,5,6, 0.059834587132
0,4,5,9,-0.040676149692
0,4,6,0, 0.021432841684
0,4,6,1, 0.030983896157
0,4,6,4, 0.059915424673
0,4,6,5, 0.059834587132
0,4,6,6, 0.054198905194
0,4,6,9,-0.030710159670
0,4,7,2, 0.016227805211
0,4,7,7, 0.086212303251
0,4,8,3, 0.016227805211
0,4,8,8, 0.086212303251
0,4,9,0,-0.047664796427
0,4,9,1,-0.037811849120
0,4,9,4,-0.079316498933
0,4,9,5,-0.040676149692
0,4,9,6,-0.030710159670
0,4,9,9, 0.116572299460
0,5,0,0, 0.139709232601
0,5,0,1, 0.085604209978
0,5,0,4, 0.029772108348
0,5,0,5, 0.034801595141
0,5,0,6, 0.053019718559
0,5,0,9,-0.047960227083
0,5,1,0, 0.085604209978
0,5,1,1, 0.096405176336
0,5,1,4, 0.022643567089
0,5,1,5, 0.053019718559
0,5,1,6, 0.073747100977
0,5,1,9,-0.037626055695
0,5,2,2, 0.127134226810
0,5,2,7, 0.018563973217
0,5,3,3, 0.127134226810
0,5,3,8, 0.018563973217
0,5,4,0, 0.029772108348
0,5,4,1, 0.022643567089
0,5,4,4, 0.140075517457
0,5,4,5, 0.047960227083
0,5,4,6, 0.037626055695
0,5,4,9,-0.072457718598
0,5,5,0, 0.034801595141
0,5,5,1, 0.053019718559
0,5,5,4, 0.047960227083
0,5,5,5, 0.139709232601
0,5,5,6, 0.085604209978
0,5,5,9,-0.029772108348
0,5,6,0, 0.053019718559
0,5,6,1, 0.073747100977
0,5,6,4, 0.037626055695
0,5,6,5, 0.085604209978
0,5,6,6, 0.096405176336
0,5,6,9,-0.022643567089
0,5,7,2, 0.018563973217
0,5,7,7, 0.127134226810
0,5,8,3, 0.018563973217
0,5,8,8, 0.127134226810
0,5,9,0,-0.047960227083
0,5,9,1,-0.037626055695
0,5,9,4,-0.072457718598
0,5,9,5,-0.029772108348
0,5,9,6,-0.022643567089
0,5,9,9, 0.140075517457
0,6,0,0, 0.274654093721
0,6,0,1, 0.164577715771
0,6,0,4, 0.021432841684
0,6,0,5, 0.053019718559
0,6,0,6, 0.094317082651
0,6,0,9,-0.073878620930
0,6,1,0, 0.164577715771
0,6,1,1, 0.179949024705
0,6,1,4, 0.016152746145
0,6,1,5, 0.075869769009
0,6,1,6, 0.123505915157
0,6,1,9,-0.056237779339
0,6,2,2, 0.252176344682
0,6,2,7, 0.028562558559
0,6,3,3, 0.252176344682
0,6,3,8, 0.028562558559
0,6,4,0, 0.021432841684
0,6,4,1, 0.016152746145
0,6,4,4, 0.255200560052
0,6,4,5, 0.067777554646
0,6,4,6, 0.051372931456
0,6,4,9,-0.104816346426
0,6,5,0, 0.053019718559
0,6,5,1, 0.075869769009
0,6,5,4, 0.067777554646
0,6,5,5, 0.181855628652
0,6,5,6, 0.118583986305
0,6,5,9,-0.039543246346
0,6,6,0, 0.094317082651
0,6,6,1, 0.123505915157
0,6,6,4, 0.051372931456
0,6,6,5, 0.118583986305
0,6,6,6, 0.148777497890
0,6,6,9,-0.033308430513
0,6,7,2, 0.028562558559
0,6,7,7, 0.172486444117
0,6,8,3, 0.028562558559
0,6,8,8, 0.172486444117
0,6,9,0,-0.073878620930
0,6,9,1,-0.056237779339
0,6,9,4,-0.104816346426
0,6,9,5,-0.039543246346
0,6,9,6,-0.033308430513
0,6,9,9, 0.190740713916
0,7,0,2, 0.012684404599
0,7,0,7, 0.004528776870
0,7,1,2, 0.009805716600
0,7,1,7, 0.008677878307
0,7,2,0, 0.012684404599
0,7,2,1, 0.009805716600
0,7,2,4, 0.006958829229
0,7,2,5, 0.004136375102
0,7,2,6, 0.006748337208
0,7,2,9,-0.006041535234
0,7,4,2, 0.006958829229
0,7,4,7, 0.006750595105
0,7,5,2, 0.004136375102
0,7,5,7, 0.019034645489
0,7,6,2, 0.006748337208
0,7,6,7, 0.013752767597
0,7,7,0, 0.004528776870
0,7,7,1, 0.008677878307
0,7,7,4, 0.006750595105
0,7,7,5, 0.019034645489
0,7,7,6, 0.013752767597
0,7,7,9,-0.007612172321
0,7,9,2,-0.006041535234
0,7,9,7,-0.007612172321
0,8,0,3, 0.012684404599
0,8,0,8, 0.004528776870
0,8,1,3, 0.009805716600
0,8,1,8, 0.008677878307
0,8,3,0, 0.012684404599
0,8,3,1, 0.009805716600
0,8,3,4, 0.006958829229
0,8,3,5, 0.004136375102
0,8,3,6, 0.006748337208
0,8,3,9,-0.006041535234
0,8,4,3, 0.006958829229
0,8,4,8, 0.006750595105
0,8,5,3, 0.004136375102
0,8,5,8, 0.019034645489
0,8,6,3, 0.006748337208
0,8,6,8, 0.013752767597
0,8,8,0, 0.004528776870
0,8,8,1, 0.008677878307
0,8,8,4, 0.006750595105
0,8,8,5, 0.019034645489
0,8,8,6, 0.013752767597
0,8,8,9,-0.007612172321
0,8,9,3,-0.006041535234
0,8,9,8,-0.007612172321
0,9,0,0,-0.198586071063
0,9,0,1,-0.119441171039
0,9,0,4,-0.047664796427
0,9,0,5,-0.047960227083
0,9,0,6,-0.073878620930
0,9,0,9, 0.068732631345
0,9,1,0,-0.119441171039
0,9,1,1,-0.129503457710
0,9,1,4,-0.034410548397
0,9,1,5,-0.067777554646
0,9,1,6,-0.096794403976
0,9,1,9, 0.054226964250
0,9,2,2,-0.177570757718
0,9,2,7,-0.025540448807
0,9,3,3,-0.177570757718
0,9,3,8,-0.025540448807
0,9,4,0,-0.047664796427
0,9,4,1,-0.034410548397
0,9,4,4,-0.199806616188
0,9,4,5,-0.066351980174
0,9,4,6,-0.053467127597
0,9,4,9, 0.103707114193
0,9,5,0,-0.047960227083
0,9,5,1,-0.067777554646
0,9,5,4,-0.066351980174
0,9,5,5,-0.166794127444
0,9,5,6,-0.105025538602
0,9,5,9, 0.049107051509
0,9,6,0,-0.073878620930
0,9,6,1,-0.096794403976
0,9,6,4,-0.053467127597
0,9,6,5,-0.105025538602
0,9,6,6,-0.121226988885
0,9,6,9, 0.037458133391
0,9,7,2,-0.025540448807
0,9,7,7,-0.152792550016
0,9,8,3,-0.025540448807
0,9,8,8,-0.152792550016
0,9,9,0, 0.068732631345
0,9,9,1, 0.054226964250
0,9,9,4, 0.103707114193
0,9,9,5, 0.049107051509
0,9,9,6, 0.037458133391
0,9,9,9,-0.179860295616
1,0,0,0, 0.504699283325
1,0,0,1, 0.300015949963
1,0,0,5, 0.085604209978
1,0,0,6, 0.164577715771
1,0,0,9,-0.119441171039
1,0,1,0, 0.300015949963
1,0,1,1, 0.324022459289
1,0,1,5, 0.118583986305
1,0,1,6, 0.208571208179
1,0,1,9,-0.089315285359
1,0,2,2, 0.462081934851
1,0,2,7, 0.045709926359
1,0,3,3, 0.462081934851
1,0,3,8, 0.045709926359
1,0,4,4, 0.462081934851
1,0,4,5, 0.105025538602
1,0,4,6, 0.074303456607
1,0,4,9,-0.164104009831
1,0,5,0, 0.085604209978
1,0,5,1, 0.118583986305
1,0,5,4, 0.105025538602
1,0,5,5, 0.273915954902
1,0,5,6, 0.182536958508
1,0,5,9,-0.059834587132
1,0,6,0, 0.164577715771
1,0,6,1, 0.208571208179
1,0,6,4, 0.074303456607
1,0,6,5, 0.182536958508
1,0,6,6, 0.239982620738
1,0,6,9,-0.052363700657
1,0,7,2, 0.045709926359
1,0,7,7, 0.261914818881
1,0,8,3, 0.045709926359
1,0,8,8, 0.261914818881
1,0,9,0,-0.119441171039
1,0,9,1,-0.089315285359
1,0,9,4,-0.164104009831
1,0,9,5,-0.059834587132
1,0,9,6,-0.052363700657
1,0,9,9, 0.291759434292
1,1,0,0, 0.507364877272
1,1,0,1, 0.324022459289
1,1,0,5, 0.096405176336
1,1,0,6, 0.179949024705
1,1,0,9,-0.129503457710
1,1,1,0, 0.324022459289
1,1,1,1, 0.394125899248
1,1,1,5, 0.148777497890
1,1,1,6, 0.260158636218
1,1,1,9,-0.098636928540
1,1,2,2, 0.491073083906
1,1,2,7, 0.053190037143
1,1,3,3, 0.491073083906
1,1,3,8, 0.053190037143
1,1,4,4, 0.491073083906
1,1,4,5, 0.121226988885
1,1,4,6, 0.085325478696
1,1,4,9,-0.182853135435
1,1,5,0, 0.096405176336
1,1,5,1, 0.148777497890
1,1,5,4, 0.121226988885
1,1,5,5, 0.361784232212
1,1,5,6, 0.239982620738
1,1,5,9,-0.054198905194
1,1,6,0, 0.179949024705
1,1,6,1, 0.260158636218
1,1,6,4, 0.085325478696
1,1,6,5, 0.239982620738
1,1,6,6, 0.317382652614
1,1,6,9,-0.047560129703
1,1,7,2, 0.053190037143
1,1,7,7, 0.352075511529
1,1,8,3, 0.053190037143
1,1,8,8, 0.352075511529
1,1,9,0,-0.129503457710
1,1,9,1,-0.098636928540
1,1,9,4,-0.182853135435
1,1,9,5,-0.054198905194
1,1,9,6,-0.047560129703
1,1,9,9, 0.367768021439
1,2,0,2, 0.101353944495
1,2,0,7, 0.009805716600
1,2,1,2, 0.072461555243
1,2,1,7, 0.014809446808
1,2,2,0, 0.101353944495
1,2,2,1, 0.072461555243
1,2,2,5, 0.013752767597
1,2,2,6, 0.038112209681
1,2,2,9,-0.019216768406
1,2,4,7, 0.012789762870
1,2,5,2, 0.013752767597
1,2,5,7, 0.023137654664
1,2,6,2, 0.038112209681
1,2,6,7, 0.020301992438
1,2,7,0, 0.009805716600
1,2,7,1, 0.014809446808
1,2,7,4, 0.012789762870
1,2,7,5, 0.023137654664
1,2,7,6, 0.020301992438
1,2,7,9,-0.012779529856
1,2,9,2,-0.019216768406
1,2,9,7,-0.012779529856
1,3,0,3, 0.101353944495
1,3,0,8, 0.009805716600
1,3,1,3, 0.072461555243
1,3,1,8, 0.014809446808
1,3,3,0, 0.101353944495
1,3,3,1, 0.072461555243
1,3,3,5, 0.013752767597
1,3,3,6, 0.038112209681
1,3,3,9,-0.019216768406
1,3,4,8, 0.012789762870
1,3,5,3, 0.013752767597
1,3,5,8, 0.023137654664
1,3,6,3, 0.038112209681
1,3,6,8, 0.020301992438
1,3,8,0, 0.009805716600
1,3,8,1, 0.014809446808
1,3,8,4, 0.012789762870
1,3,8,5, 0.023137654664
1,3,8,6, 0.020301992438
1,3,8,9,-0.012779529856
1,3,9,3,-0.019216768406
1,3,9,8,-0.012779529856
1,4,0,4, 0.101353944495
1,4,0,5, 0.022643567089
1,4,0,6, 0.016152746145
1,4,0,9,-0.034410548397
1,4,1,4, 0.072461555243
1,4,1,5, 0.033308430513
1,4,1,6, 0.026322628741
1,4,1,9,-0.028692069549
1,4,2,7, 0.012789762870
1,4,3,8, 0.012789762870
1,4,4,0, 0.101353944495
1,4,4,1, 0.072461555243
1,4,4,5, 0.037458133391
1,4,4,6, 0.043604176756
1,4,4,9,-0.058360272539
1,4,5,0, 0.022643567089
1,4,5,1, 0.033308430513
1,4,5,4, 0.037458133391
1,4,5,5, 0.087817376350
1,4,5,6, 0.052363700657
1,4,5,9,-0.030710159670
1,4,6,0, 0.016152746145
1,4,6,1, 0.026322628741
1,4,6,4, 0.043604176756
1,4,6,5, 0.052363700657
1,4,6,6, 0.047560129703
1,4,6,9,-0.022509148086
1,4,7,2, 0.012789762870
1,4,7,7, 0.078031715136
1,4,8,3, 0.012789762870
1,4,8,8, 0.078031715136
1,4,9,0,-0.034410548397
1,4,9,1,-0.028692069549
1,4,9,4,-0.058360272539
1,4,9,5,-0.030710159670
1,4,9,6,-0.022509148086
1,4,9,9, 0.096170855933
1,5,0,0, 0.181855628652
1,5,0,1, 0.118583986305
1,5,0,4, 0.039543246346
1,5,0,5, 0.053019718559
1,5,0,6, 0.075869769009
1,5,0,9,-0.067777554646
1,5,1,0, 0.118583986305
1,5,1,1, 0.148777497890
1,5,1,4, 0.033308430513
1,5,1,5, 0.094317082651
1,5,1,6, 0.123505915157
1,5,1,9,-0.051372931456
1,5,2,2, 0.172486444117
1,5,2,7, 0.028562558559
1,5,3,3, 0.172486444117
1,5,3,8, 0.028562558559
1,5,4,0, 0.039543246346
1,5,4,1, 0.033308430513
1,5,4,4, 0.190740713916
1,5,4,5, 0.073878620930
1,5,4,6, 0.056237779339
1,5,4,9,-0.104816346426
1,5,5,0, 0.053019718559
1,5,5,1, 0.094317082651
1,5,5,4, 0.073878620930
1,5,5,5, 0.274654093721
1,5,5,6, 0.164577715771
1,5,5,9,-0.021432841684
1,5,6,0, 0.075869769009
1,5,6,1, 0.123505915157
1,5,6,4, 0.056237779339
1,5,6,5, 0.164577715771
1,5,6,6, 0.179949024705
1,5,6,9,-0.016152746145
1,5,7,2, 0.028562558559
1,5,7,7, 0.252176344682
1,5,8,3, 0.028562558559
1,5,8,8, 0.252176344682
1,5,9,0,-0.067777554646
1,5,9,1,-0.051372931456
1,5,9,4,-0.104816346426
1,5,9,5,-0.021432841684
1,5,9,6,-0.016152746145
1,5,9,9, 0.255200560052
1,6,0,0, 0.322719990261
1,6,0,1, 0.208571208179
1,6,0,4, 0.030983896157
1,6,0,5, 0.073747100977
1,6,0,6, 0.123505915157
1,6,0,9,-0.096794403976
1,6,1,0, 0.208571208179
1,6,1,1, 0.260158636218
1,6,1,4, 0.026322628741
1,6,1,5, 0.123505915157
1,6,1,6, 0.192903410421
1,6,1,9,-0.073048799077
1,6,2,2, 0.312758743896
1,6,2,7, 0.040876329872
1,6,3,3, 0.312758743896
1,6,3,8, 0.040876329872
1,6,4,0, 0.030983896157
1,6,4,1, 0.026322628741
1,6,4,4, 0.317869160127
1,6,4,5, 0.096794403976
1,6,4,6, 0.073048799077
1,6,4,9,-0.141914430782
1,6,5,0, 0.073747100977
1,6,5,1, 0.123505915157
1,6,5,4, 0.096794403976
1,6,5,5, 0.322719990261
1,6,5,6, 0.208571208179
1,6,5,9,-0.030983896157
1,6,6,0, 0.123505915157
1,6,6,1, 0.192903410421
1,6,6,4, 0.073048799077
1,6,6,5, 0.208571208179
1,6,6,6, 0.260158636218
1,6,6,9,-0.026322628741
1,6,7,2, 0.040876329872
1,6,7,7, 0.312758743896
1,6,8,3, 0.040876329872
1,6,8,8, 0.312758743896
1,6,9,0,-0.096794403976
1,6,9,1,-0.073048799077
1,6,9,4,-0.141914430782
1,6,9,5,-0.030983896157
1,6,9,6,-0.026322628741
1,6,9,9, 0.317869160127
1,7,0,2, 0.017477666657
1,7,0,7, 0.008677878307
1,7,1,2, 0.014809446808
1,7,1,7, 0.021315492219
1,7,2,0, 0.017477666657
1,7,2,1, 0.014809446808
1,7,2,4, 0.009559498173
1,7,2,5, 0.006748337208
1,7,2,6, 0.010571347106
1,7,2,9,-0.009150518800
1,7,4,2, 0.009559498173
1,7,4,7, 0.012388412899
1,7,5,2, 0.006748337208
1,7,5,7, 0.052964245511
1,7,6,2, 0.010571347106
1,7,6,7, 0.038112209681
1,7,7,0, 0.008677878307
1,7,7,1, 0.021315492219
1,7,7,4, 0.012388412899
1,7,7,5, 0.052964245511
1,7,7,6, 0.038112209681
1,7,7,9,-0.006939921378
1,7,9,2,-0.009150518800
1,7,9,7,-0.006939921378
1,8,0,3, 0.017477666657
1,8,0,8, 0.008677878307
1,8,1,3, 0.014809446808
1,8,1,8, 0.021315492219
1,8,3,0, 0.017477666657
1,8,3,1, 0.014809446808
1,8,3,4, 0.009559498173
1,8,3,5, 0.006748337208
1,8,3,6, 0.010571347106
1,8,3,9,-0.009150518800
1,8,4,3, 0.009559498173
1,8,4,8, 0.012388412899
1,8,5,3, 0.006748337208
1,8,5,8, 0.052964245511
1,8,6,3, 0.010571347106
1,8,6,8, 0.038112209681
1,8,8,0, 0.008677878307
1,8,8,1, 0.021315492219
1,8,8,4, 0.012388412899
1,8,8,5, 0.052964245511
1,8,8,6, 0.038112209681
1,8,8,9,-0.006939921378
1,8,9,3,-0.009150518800
1,8,9,8,-0.006939921378
1,9,0,0,-0.144115810462
1,9,0,1,-0.089315285359
1,9,0,4,-0.037811849120
1,9,0,5,-0.037626055695
1,9,0,6,-0.056237779339
1,9,0,9, 0.054226964250
1,9,1,0,-0.089315285359
1,9,1,1,-0.098636928540
1,9,1,4,-0.028692069549
1,9,1,5,-0.051372931456
1,9,1,6,-0.073048799077
1,9,1,9, 0.047576979313
1,9,2,2,-0.132305051526
1,9,2,7,-0.020626658548
1,9,3,3,-0.132305051526
1,9,3,8,-0.020626658548
1,9,4,0,-0.037811849120
1,9,4,1,-0.028692069549
1,9,4,4,-0.151007774973
1,9,4,5,-0.053467127597
1,9,4,6,-0.042969683958
1,9,4,9, 0.083296851431
1,9,5,0,-0.037626055695
1,9,5,1,-0.051372931456
1,9,5,4,-0.053467127597
1,9,5,5,-0.118481012571
1,9,5,6,-0.074303456607
1,9,5,9, 0.059915424673
1,9,6,0,-0.056237779339
1,9,6,1,-0.073048799077
1,9,6,4,-0.042969683958
1,9,6,5,-0.074303456607
1,9,6,6,-0.085325478696
1,9,6,9, 0.043604176756
1,9,7,2,-0.020626658548
1,9,7,7,-0.109700562688
1,9,8,3,-0.020626658548
1,9,8,8,-0.109700562688
1,9,9,0, 0.054226964250
1,9,9,1, 0.047576979313
1,9,9,4, 0.083296851431
1,9,9,5, 0.059915424673
1,9,9,6, 0.043604176756
1,9,9,9,-0.124365461424
2,0,0,2, 0.152608082603
2,0,0,7, 0.012684404599
2,0,1,2, 0.101353944495
2,0,1,7, 0.017477666657
2,0,2,0, 0.152608082603
2,0,2,1, 0.101353944495
2,0,2,5, 0.019034645489
2,0,2,6, 0.052964245511
2,0,2,9,-0.027034353913
2,0,4,7, 0.016227805211
2,0,5,2, 0.019034645489
2,0,5,7, 0.026084309756
2,0,6,2, 0.052964245511
2,0,6,7, 0.023137654664
2,0,7,0, 0.012684404599
2,0,7,1, 0.017477666657
2,0,7,4, 0.016227805211
2,0,7,5, 0.026084309756
2,0,7,6, 0.023137654664
2,0,7,9,-0.015768001381
2,0,9,2,-0.027034353913
2,0,9,7,-0.015768001381
2,1,0,2, 0.101353944495
2,1,0,7, 0.009805716600
2,1,1,2, 0.072461555243
2,1,1,7, 0.014809446808
2,1,2,0, 0.101353944495
2,1,2,1, 0.072461555243
2,1,2,5, 0.013752767597
2,1,2,6, 0.038112209681
2,1,2,9,-0.019216768406
2,1,4,7, 0.012789762870
2,1,5,2, 0.013752767597
2,1,5,7, 0.023137654664
2,1,6,2, 0.038112209681
2,1,6,7, 0.020301992438
2,1,7,0, 0.009805716600
2,1,7,1, 0.014809446808
2,1,7,4, 0.012789762870
2,1,7,5, 0.023137654664
2,1,7,6, 0.020301992438
2,1,7,9,-0.012779529856
2,1,9,2,-0.019216768406
2,1,9,7,-0.012779529856
2,2,0,0, 0.775037038942
2,2,0,1, 0.462081934851
2,2,0,5, 0.127134226810
2,2,0,6, 0.252176344682
2,2,0,9,-0.177570757718
2,2,1,0, 0.462081934851
2,2,1,1, 0.491073083906
2,2,1,5, 0.172486444117
2,2,1,6, 0.312758743896
2,2,1,9,-0.132305051526
2,2,2,2, 0.785718708997
2,2,2,7, 0.071399020699
2,2,3,3, 0.689508254834
2,2,3,8, 0.065900269546
2,2,4,4, 0.689508254834
2,2,4,5, 0.152792550016
2,2,4,6, 0.109700562688
2,2,4,9,-0.239772419677
2,2,5,0, 0.127134226810
2,2,5,1, 0.172486444117
2,2,5,4, 0.152792550016
2,2,5,5, 0.387375795070
2,2,5,6, 0.261914818881
2,2,5,9,-0.086212303251
2,2,6,0, 0.252176344682
2,2,6,1, 0.312758743896
2,2,6,4, 0.109700562688
2,2,6,5, 0.261914818881
2,2,6,6, 0.352075511529
2,2,6,9,-0.078031715136
2,2,7,2, 0.071399020699
2,2,7,7, 0.376165736628
2,2,8,3, 0.065900269546
2,2,8,8, 0.368728912494
2,2,9,0,-0.177570757718
2,2,9,1,-0.132305051526
2,2,9,4,-0.239772419677
2,2,9,5,-0.086212303251
2,2,9,6,-0.078031715136
2,2,9,9, 0.416867874027
2,3,2,3, 0.048105227081
2,3,2,8, 0.002749375577
2,3,3,2, 0.048105227081
2,3,3,7, 0.002749375577
2,3,7,3, 0.002749375577
2,3,7,8, 0.003718412067
2,3,8,2, 0.002749375577
2,3,8,7, 0.003718412067
2,4,0,7, 0.006958829229
2,4,1,7, 0.009559498173
2,4,2,4, 0.048105227081
2,4,2,5, 0.007612172321
2,4,2,6, 0.006939921378
2,4,2,9,-0.012831999851
2,4,4,2, 0.048105227081
2,4,4,7, 0.010579498455
2,4,5,2, 0.007612172321
2,4,5,7, 0.015768001381
2,4,6,2, 0.006939921378
2,4,6,7, 0.012779529856
2,4,7,0, 0.006958829229
2,4,7,1, 0.009559498173
2,4,7,4, 0.010579498455
2,4,7,5, 0.015768001381
2,4,7,6, 0.012779529856
2,4,7,9,-0.011468712910
2,4,9,2,-0.012831999851
2,4,9,7,-0.011468712910
2,5,0,2, 0.019034645489
2,5,0,7, 0.004136375102
2,5,1,2, 0.013752767597
2,5,1,7, 0.006748337208
2,5,2,0, 0.019034645489
2,5,2,1, 0.013752767597
2,5,2,4, 0.007612172321
2,5,2,5, 0.004528776870
2,5,2,6, 0.008677878307
2,5,2,9,-0.006750595105
2,5,4,2, 0.007612172321
2,5,4,7, 0.006041535234
2,5,5,2, 0.004528776870
2,5,5,7, 0.012684404599
2,5,6,2, 0.008677878307
2,5,6,7, 0.009805716600
2,5,7,0, 0.004136375102
2,5,7,1, 0.006748337208
2,5,7,4, 0.006041535234
2,5,7,5, 0.012684404599
2,5,7,6, 0.009805716600
2,5,7,9,-0.006958829229
2,5,9,2,-0.006750595105
2,5,9,7,-0.006958829229
2,6,0,2, 0.052964245511
2,6,0,7, 0.006748337208
2,6,1,2, 0.038112209681
2,6,1,7, 0.010571347106
2,6,2,0, 0.052964245511
2,6,2,1, 0.038112209681
2,6,2,4, 0.006939921378
2,6,2,5, 0.008677878307
2,6,2,6, 0.021315492219
2,6,2,9,-0.012388412899
2,6,4,2, 0.006939921378
2,6,4,7, 0.009150518800
2,6,5,2, 0.008677878307
2,6,5,7, 0.017477666657
2,6,6,2, 0.021315492219
2,6,6,7, 0.014809446808
2,6,7,0, 0.006748337208
2,6,7,1, 0.010571347106
2,6,7,4, 0.009150518800
2,6,7,5, 0.017477666657
2,6,7,6, 0.014809446808
2,6,7,9,-0.009559498173
2,6,9,2,-0.012388412899
2,6,9,7,-0.009559498173
2,7,0,0, 0.072141199475
2,7,0,1, 0.045709926359
2,7,0,4, 0.016227805211
2,7,0,5, 0.018563973217
2,7,0,6, 0.028562558559
2,7,0,9,-0.025540448807
2,7,1,0, 0.045709926359
2,7,1,1, 0.053190037143
2,7,1,4, 0.012789762870
2,7,1,5, 0.028562558559
2,7,1,6, 0.040876329872
2,7,1,9,-0.020626658548
2,7,2,2, 0.071399020699
2,7,2,7, 0.011122788834
2,7,3,3, 0.065900269546
2,7,3,8, 0.009760814691
2,7,4,0, 0.016227805211
2,7,4,1, 0.012789762870
2,7,4,4, 0.073730392424
2,7,4,5, 0.025540448807
2,7,4,6, 0.020626658548
2,7,4,9,-0.038562059679
2,7,5,0, 0.018563973217
2,7,5,1, 0.028562558559
2,7,5,4, 0.025540448807
2,7,5,5, 0.072141199475
2,7,5,6, 0.045709926359
2,7,5,9,-0.016227805211
2,7,6,0, 0.028562558559
2,7,6,1, 0.040876329872
2,7,6,4, 0.020626658548
2,7,6,5, 0.045709926359
2,7,6,6, 0.053190037143
2,7,6,9,-0.012789762870
2,7,7,2, 0.011122788834
2,7,7,7, 0.071399020699
2,7,8,3, 0.009760814691
2,7,8,8, 0.065900269546
2,7,9,0,-0.025540448807
2,7,9,1,-0.020626658548
2,7,9,4,-0.038562059679
2,7,9,5,-0.016227805211
2,7,9,6,-0.012789762870
2,7,9,9, 0.073730392424
2,8,2,3, 0.002749375577
2,8,2,8, 0.000680987071
2,8,3,2, 0.002749375577
2,8,3,7, 0.000680987071
2,8,7,3, 0.000680987071
2,8,7,8, 0.002749375577
2,8,8,2, 0.000680987071
2,8,8,7, 0.002749375577
2,9,0,2,-0.027034353913
2,9,0,7,-0.006041535234
2,9,1,2,-0.019216768406
2,9,1,7,-0.009150518800
2,9,2,0,-0.027034353913
2,9,2,1,-0.019216768406
2,9,2,4,-0.012831999851
2,9,2,5,-0.006750595105
2,9,2,6,-0.012388412899
2,9,2,9, 0.010345561945
2,9,4,2,-0.012831999851
2,9,4,7,-0.008983587803
2,9,5,2,-0.006750595105
2,9,5,7,-0.016227805211
2,9,6,2,-0.012388412899
2,9,6,7,-0.012789762870
2,9,7,0,-0.006041535234
2,9,7,1,-0.009150518800
2,9,7,4,-0.008983587803
2,9,7,5,-0.016227805211
2,9,7,6,-0.012789762870
2,9,7,9, 0.010579498455
2,9,9,2, 0.010345561945
2,9,9,7, 0.010579498455
3,0,0,3, 0.152608082603
3,0,0,8, 0.012684404599
3,0,1,3, 0.101353944495
3,0,1,8, 0.017477666657
3,0,3,0, 0.152608082603
3,0,3,1, 0.101353944495
3,0,3,5, 0.019034645489
3,0,3,6, 0.052964245511
3,0,3,9,-0.027034353913
3,0,4,8, 0.016227805211
3,0,5,3, 0.019034645489
3,0,5,8, 0.026084309756
3,0,6,3, 0.052964245511
3,0,6,8, 0.023137654664
3,0,8,0, 0.012684404599
3,0,8,1, 0.017477666657
3,0,8,4, 0.016227805211
3,0,8,5, 0.026084309756
3,0,8,6, 0.023137654664
3,0,8,9,-0.015768001381
3,0,9,3,-0.027034353913
3,0,9,8,-0.015768001381
3,1,0,3, 0.101353944495
3,1,0,8, 0.009805716600
3,1,1,3, 0.072461555243
3,1,1,8, 0.014809446808
3,1,3,0, 0.101353944495
3,1,3,1, 0.072461555243
3,1,3,5, 0.013752767597
3,1,3,6, 0.038112209681
3,1,3,9,-0.019216768406
3,1,4,8, 0.012789762870
3,1,5,3, 0.013752767597
3,1,5,8, 0.023137654664
3,1,6,3, 0.038112209681
3,1,6,8, 0.020301992438
3,1,8,0, 0.009805716600
3,1,8,1, 0.014809446808
3,1,8,4, 0.012789762870
3,1,8,5, 0.023137654664
3,1,8,6, 0.020301992438
3,1,8,9,-0.012779529856
3,1,9,3,-0.019216768406
3,1,9,8,-0.012779529856
3,2,2,3, 0.048105227081
3,2,2,8, 0.002749375577
3,2,3,2, 0.048105227081
3,2,3,7, 0.002749375577
3,2,7,3, 0.002749375577
3,2,7,8, 0.003718412067
3,2,8,2, 0.002749375577
3,2,8,7, 0.003718412067
3,3,0,0, 0.775037038942
3,3,0,1, 0.462081934851
3,3,0,5, 0.127134226810
3,3,0,6, 0.252176344682
3,3,0,9,-0.177570757718
3,3,1,0, 0.462081934851
3,3,1,1, 0.491073083906
3,3,1,5, 0.172486444117
3,3,1,6, 0.312758743896
3,3,1,9,-0.132305051526
3,3,2,2, 0.689508254834
3,3,2,7, 0.065900269546
3,3,3,3, 0.785718708997
3,3,3,8, 0.071399020699
3,3,4,4, 0.689508254834
3,3,4,5, 0.152792550016
3,3,4,6, 0.109700562688
3,3,4,9,-0.239772419677
3,3,5,0, 0.127134226810
3,3,5,1, 0.172486444117
3,3,5,4, 0.152792550016
3,3,5,5, 0.387375795070
3,3,5,6, 0.261914818881
3,3,5,9,-0.086212303251
3,3,6,0, 0.252176344682
3,3,6,1, 0.312758743896
3,3,6,4, 0.109700562688
3,3,6,5, 0.261914818881
3,3,6,6, 0.352075511529
3,3,6,9,-0.078031715136
3,3,7,2, 0.065900269546
3,3,7,7, 0.368728912494
3,3,8,3, 0.071399020699
3,3,8,8, 0.376165736628
3,3,9,0,-0.177570757718
3,3,9,1,-0.132305051526
3,3,9,4,-0.239772419677
3,3,9,5,-0.086212303251
3,3,9,6,-0.078031715136
3,3,9,9, 0.416867874027
3,4,0,8, 0.006958829229
3,4,1,8, 0.009559498173
3,4,3,4, 0.048105227081
3,4,3,5, 0.007612172321
3,4,3,6, 0.006939921378
3,4,3,9,-0.012831999851
3,4,4,3, 0.048105227081
3,4,4,8, 0.010579498455
3,4,5,3, 0.007612172321
3,4,5,8, 0.015768001381
3,4,6,3, 0.006939921378
3,4,6,8, 0.012779529856
3,4,8,0, 0.006958829229
3,4,8,1, 0.009559498173
3,4,8,4, 0.010579498455
3,4,8,5, 0.015768001381
3,4,8,6, 0.012779529856
3,4,8,9,-0.011468712910
3,4,9,3,-0.012831999851
3,4,9,8,-0.011468712910
3,5,0,3, 0.019034645489
3,5,0,8, 0.004136375102
3,5,1,3, 0.013752767597
3,5,1,8, 0.006748337208
3,5,3,0, 0.019034645489
3,5,3,1, 0.013752767597
3,5,3,4, 0.007612172321
3,5,3,5, 0.004528776870
3,5,3,6, 0.008677878307
3,5,3,9,-0.006750595105
3,5,4,3, 0.007612172321
3,5,4,8, 0.006041535234
3,5,5,3, 0.004528776870
3,5,5,8, 0.012684404599
3,5,6,3, 0.008677878307
3,5,6,8, 0.009805716600
3,5,8,0, 0.004136375102
3,5,8,1, 0.006748337208
3,5,8,4, 0.006041535234
3,5,8,5, 0.012684404599
3,5,8,6, 0.009805716600
3,5,8,9,-0.006958829229
3,5,9,3,-0.006750595105
3,5,9,8,-0.006958829229
3,6,0,3, 0.052964245511
3,6,0,8, 0.006748337208
3,6,1,3, 0.038112209681
3,6,1,8, 0.010571347106
3,6,3,0, 0.052964245511
3,6,3,1, 0.038112209681
3,6,3,4, 0.006939921378
3,6,3,5, 0.008677878307
3,6,3,6, 0.021315492219
3,6,3,9,-0.012388412899
3,6,4,3, 0.006939921378
3,6,4,8, 0.009150518800
3,6,5,3, 0.008677878307
3,6,5,8, 0.017477666657
3,6,6,3, 0.021315492219
3,6,6,8, 0.014809446808
3,6,8,0, 0.006748337208
3,6,8,1, 0.010571347106
3,6,8,4, 0.009150518800
3,6,8,5, 0.017477666657
3,6,8,6, 0.014809446808
3,6,8,9,-0.009559498173
3,6,9,3,-0.012388412899
3,6,9,8,-0.009559498173
3,7,2,3, 0.002749375577
3,7,2,8, 0.000680987071
3,7,3,2, 0.002749375577
3,7,3,7, 0.000680987071
3,7,7,3, 0.000680987071
3,7,7,8, 0.002749375577
3,7,8,2, 0.000680987071
3,7,8,7, 0.002749375577
3,8,0,0, 0.072141199475
3,8,0,1, 0.045709926359
3,8,0,4, 0.016227805211
3,8,0,5, 0.018563973217
3,8,0,6, 0.028562558559
3,8,0,9,-0.025540448807
3,8,1,0, 0.045709926359
3,8,1,1, 0.053190037143
3,8,1,4, 0.012789762870
3,8,1,5, 0.028562558559
3,8,1,6, 0.040876329872
3,8,1,9,-0.020626658548
3,8,2,2, 0.065900269546
3,8,2,7, 0.009760814691
3,8,3,3, 0.071399020699
3,8,3,8, 0.011122788834
3,8,4,0, 0.016227805211
3,8,4,1, 0.012789762870
3,8,4,4, 0.073730392424
3,8,4,5, 0.025540448807
3,8,4,6, 0.020626658548
3,8,4,9,-0.038562059679
3,8,5,0, 0.018563973217
3,8,5,1, 0.028562558559
3,8,5,4, 0.025540448807
3,8,5,5, 0.072141199475
3,8,5,6, 0.045709926359
3,8,5,9,-0.016227805211
3,8,6,0, 0.028562558559
3,8,6,1, 0.040876329872
3,8,6,4, 0.020626658548
3,8,6,5, 0.045709926359
3,8,6,6, 0.053190037143
3,8,6,9,-0.012789762870
3,8,7,2, 0.009760814691
3,8,7,7, 0.065900269546
3,8,8,3, 0.011122788834
3,8,8,8, 0.071399020699
3,8,9,0,-0.025540448807
3,8,9,1,-0.020626658548
3,8,9,4,-0.038562059679
3,8,9,5,-0.016227805211
3,8,9,6,-0.012789762870
3,8,9,9, 0.073730392424
3,9,0,3,-0.027034353913
3,9,0,8,-0.006041535234
3,9,1,3,-0.019216768406
3,9,1,8,-0.009150518800
3,9,3,0,-0.027034353913
3,9,3,1,-0.019216768406
3,9,3,4,-0.012831999851
3,9,3,5,-0.006750595105
3,9,3,6,-0.012388412899
3,9,3,9, 0.010345561945
3,9,4,3,-0.012831999851
3,9,4,8,-0.008983587803
3,9,5,3,-0.006750595105
3,9,5,8,-0.016227805211
3,9,6,3,-0.012388412899
3,9,6,8,-0.012789762870
3,9,8,0,-0.006041535234
3,9,8,1,-0.009150518800
3,9,8,4,-0.008983587803
3,9,8,5,-0.016227805211
3,9,8,6,-0.012789762870
3,9,8,9, 0.010579498455
3,9,9,3, 0.010345561945
3,9,9,8, 0.010579498455
4,0,0,4, 0.152608082603
4,0,0,5, 0.029772108348
4,0,0,6, 0.021432841684
4,0,0,9,-0.047664796427
4,0,1,4, 0.101353944495
4,0,1,5, 0.039543246346
4,0,1,6, 0.030983896157
4,0,1,9,-0.037811849120
4,0,2,7, 0.016227805211
4,0,3,8, 0.016227805211
4,0,4,0, 0.152608082603
4,0,4,1, 0.101353944495
4,0,4,5, 0.049107051509
4,0,4,6, 0.059915424673
4,0,4,9,-0.079316498933
4,0,5,0, 0.029772108348
4,0,5,1, 0.039543246346
4,0,5,4, 0.049107051509
4,0,5,5, 0.098920194772
4,0,5,6, 0.059834587132
4,0,5,9,-0.040676149692
4,0,6,0, 0.021432841684
4,0,6,1, 0.030983896157
4,0,6,4, 0.059915424673
4,0,6,5, 0.059834587132
4,0,6,6, 0.054198905194
4,0,6,9,-0.030710159670
4,0,7,2, 0.016227805211
4,0,7,7, 0.086212303251
4,0,8,3, 0.016227805211
4,0,8,8, 0.086212303251
4,0,9,0,-0.047664796427
4,0,9,1,-0.037811849120
4,0,9,4,-0.079316498933
4,0,9,5,-0.040676149692
4,0,9,6,-0.030710159670
4,0,9,9, 0.116572299460
4,1,0,4, 0.101353944495
4,1,0,5, 0.022643567089
4,1,0,6, 0.016152746145
4,1,0,9,-0.034410548397
4,1,1,4, 0.072461555243
4,1,1,5, 0.033308430513
4,1,1,6, 0.026322628741
4,1,1,9,-0.028692069549
4,1,2,7, 0.012789762870
4,1,3,8, 0.012789762870
4,1,4,0, 0.101353944495
4,1,4,1, 0.072461555243
4,1,4,5, 0.037458133391
4,1,4,6, 0.043604176756
4,1,4,9,-0.058360272539
4,1,5,0, 0.022643567089
4,1,5,1, 0.033308430513
4,1,5,4, 0.037458133391
4,1,5,5, 0.087817376350
4,1,5,6, 0.052363700657
4,1,5,9,-0.030710159670
4,1,6,0, 0.016152746145
4,1,6,1, 0.026322628741
4,1,6,4, 0.043604176756
4,1,6,5, 0.052363700657
4,1,6,6, 0.047560129703
4,1,6,9,-0.022509148086
4,1,7,2, 0.012789762870
4,1,7,7, 0.078031715136
4,1,8,3, 0.012789762870
4,1,8,8, 0.078031715136
4,1,9,0,-0.034410548397
4,1,9,1,-0.028692069549
4,1,9,4,-0.058360272539
4,1,9,5,-0.030710159670
4,1,9,6,-0.022509148086
4,1,9,9, 0.096170855933
4,2,0,7, 0.006958829229
4,2,1,7, 0.009559498173
4,2,2,4, 0.048105227081
4,2,2,5, 0.007612172321
4,2,2,6, 0.006939921378
4,2,2,9,-0.012831999851
4,2,4,2, 0.048105227081
4,2,4,7, 0.010579498455
4,2,5,2, 0.007612172321
4,2,5,7, 0.015768001381
4,2,6,2, 0.006939921378
4,2,6,7, 0.012779529856
4,2,7,0, 0.006958829229
4,2,7,1, 0.009559498173
4,2,7,4, 0.010579498455
4,2,7,5, 0.015768001381
4,2,7,6, 0.012779529856
4,2,7,9,-0.011468712910
4,2,9,2,-0.012831999851
4,2,9,7,-0.011468712910
4,3,0,8, 0.006958829229
4,3,1,8, 0.009559498173
4,3,3,4, 0.048105227081
4,3,3,5, 0.007612172321
4,3,3,6, 0.006939921378
4,3,3,9,-0.012831999851
4,3,4,3, 0.048105227081
4,3,4,8, 0.010579498455
4,3,5,3, 0.007612172321
4,3,5,8, 0.015768001381
4,3,6,3, 0.006939921378
4,3,6,8, 0.012779529856
4,3,8,0, 0.006958829229
4,3,8,1, 0.009559498173
4,3,8,4, 0.010579498455
4,3,8,5, 0.015768001381
4,3,8,6, 0.012779529856
4,3,8,9,-0.011468712910
4,3,9,3,-0.012831999851
4,3,9,8,-0.011468712910
4,4,0,0, 0.775037038942
4,4,0,1, 0.462081934851
4,4,0,5, 0.140075517457
4,4,0,6, 0.255200560052
4,4,0,9,-0.199806616188
4,4,1,0, 0.462081934851
4,4,1,1, 0.491073083906
4,4,1,5, 0.190740713916
4,4,1,6, 0.317869160127
4,4,1,9,-0.151007774973
4,4,2,2, 0.689508254834
4,4,2,7, 0.073730392424
4,4,3,3, 0.689508254834
4,4,3,8, 0.073730392424
4,4,4,4, 0.785718708997
4,4,4,5, 0.179860295616
4,4,4,6, 0.124365461424
4,4,4,9,-0.285669031436
4,4,5,0, 0.140075517457
4,4,5,1, 0.190740713916
4,4,5,4, 0.179860295616
4,4,5,5, 0.446191919034
4,4,5,6, 0.291759434292
4,4,5,9,-0.116572299460
4,4,6,0, 0.255200560052
4,4,6,1, 0.317869160127
4,4,6,4, 0.124365461424
4,4,6,5, 0.291759434292
4,4,6,6, 0.367768021439
4,4,6,9,-0.096170855933
4,4,7,2, 0.073730392424
4,4,7,7, 0.416867874027
4,4,8,3, 0.073730392424
4,4,8,8, 0.416867874027
4,4,9,0,-0.199806616188
4,4,9,1,-0.151007774973
4,4,9,4,-0.285669031436
4,4,9,5,-0.116572299460
4,4,9,6,-0.096170855933
4,4,9,9, 0.489011310004
4,5,0,0, 0.166794127444
4,5,0,1, 0.105025538602
4,5,0,4, 0.049107051509
4,5,0,5, 0.047960227083
4,5,0,6, 0.067777554646
4,5,0,9,-0.066351980174
4,5,1,0, 0.105025538602
4,5,1,1, 0.121226988885
4,5,1,4, 0.037458133391
4,5,1,5, 0.073878620930
4,5,1,6, 0.096794403976
4,5,1,9,-0.053467127597
4,5,2,2, 0.152792550016
4,5,2,7, 0.025540448807
4,5,3,3, 0.152792550016
4,5,3,8, 0.025540448807
4,5,4,0, 0.049107051509
4,5,4,1, 0.037458133391
4,5,4,4, 0.179860295616
4,5,4,5, 0.068732631345
4,5,4,6, 0.054226964250
4,5,4,9,-0.103707114193
4,5,5,0, 0.047960227083
4,5,5,1, 0.073878620930
4,5,5,4, 0.068732631345
4,5,5,5, 0.198586071063
4,5,5,6, 0.119441171039
4,5,5,9,-0.047664796427
4,5,6,0, 0.067777554646
4,5,6,1, 0.096794403976
4,5,6,4, 0.054226964250
4,5,6,5, 0.119441171039
4,5,6,6, 0.129503457710
4,5,6,9,-0.034410548397
4,5,7,2, 0.025540448807
4,5,7,7, 0.177570757718
4,5,8,3, 0.025540448807
4,5,8,8, 0.177570757718
4,5,9,0,-0.066351980174
4,5,9,1,-0.053467127597
4,5,9,4,-0.103707114193
4,5,9,5,-0.047664796427
4,5,9,6,-0.034410548397
4,5,9,9, 0.199806616188
4,6,0,0, 0.118481012571
4,6,0,1, 0.074303456607
4,6,0,4, 0.059915424673
4,6,0,5, 0.037626055695
4,6,0,6, 0.051372931456
4,6,0,9,-0.053467127597
4,6,1,0, 0.074303456607
4,6,1,1, 0.085325478696
4,6,1,4, 0.043604176756
4,6,1,5, 0.056237779339
4,6,1,6, 0.073048799077
4,6,1,9,-0.042969683958
4,6,2,2, 0.109700562688
4,6,2,7, 0.020626658548
4,6,3,3, 0.109700562688
4,6,3,8, 0.020626658548
4,6,4,0, 0.059915424673
4,6,4,1, 0.043604176756
4,6,4,4, 0.124365461424
4,6,4,5, 0.054226964250
4,6,4,6, 0.047576979313
4,6,4,9,-0.083296851431
4,6,5,0, 0.037626055695
4,6,5,1, 0.056237779339
4,6,5,4, 0.054226964250
4,6,5,5, 0.144115810462
4,6,5,6, 0.089315285359
4,6,5,9,-0.037811849120
4,6,6,0, 0.051372931456
4,6,6,1, 0.073048799077
4,6,6,4, 0.047576979313
4,6,6,5, 0.089315285359
4,6,6,6, 0.098636928540
4,6,6,9,-0.028692069549
4,6,7,2, 0.020626658548
4,6,7,7, 0.132305051526
4,6,8,3, 0.020626658548
4,6,8,8, 0.132305051526
4,6,9,0,-0.053467127597
4,6,9,1,-0.042969683958
4,6,9,4,-0.083296851431
4,6,9,5,-0.037811849120
4,6,9,6,-0.028692069549
4,6,9,9, 0.151007774973
4,7,0,2, 0.016227805211
4,7,0,7, 0.006750595105
4,7,1,2, 0.012789762870
4,7,1,7, 0.012388412899
4,7,2,0, 0.016227805211
4,7,2,1, 0.012789762870
4,7,2,4, 0.010579498455
4,7,2,5, 0.006041535234
4,7,2,6, 0.009150518800
4,7,2,9,-0.008983587803
4,7,4,2, 0.010579498455
4,7,4,7, 0.010345561945
4,7,5,2, 0.006041535234
4,7,5,7, 0.027034353913
4,7,6,2, 0.009150518800
4,7,6,7, 0.019216768406
4,7,7,0, 0.006750595105
4,7,7,1, 0.012388412899
4,7,7,4, 0.010345561945
4,7,7,5, 0.027034353913
4,7,7,6, 0.019216768406
4,7,7,9,-0.012831999851
4,7,9,2,-0.008983587803
4,7,9,7,-0.012831999851
4,8,0,3, 0.016227805211
4,8,0,8, 0.006750595105
4,8,1,3, 0.012789762870
4,8,1,8, 0.012388412899
4,8,3,0, 0.016227805211
4,8,3,1, 0.012789762870
4,8,3,4, 0.010579498455
4,8,3,5, 0.006041535234
4,8,3,6, 0.009150518800
4,8,3,9,-0.008983587803
4,8,4,3, 0.010579498455
4,8,4,8, 0.010345561945
4,8,5,3, 0.006041535234
4,8,5,8, 0.027034353913
4,8,6,3, 0.009150518800
4,8,6,8, 0.019216768406
4,8,8,0, 0.006750595105
4,8,8,1, 0.012388412899
4,8,8,4, 0.010345561945
4,8,8,5, 0.027034353913
4,8,8,6, 0.019216768406
4,8,8,9,-0.012831999851
4,8,9,3,-0.008983587803
4,8,9,8,-0.012831999851
4,9,0,0,-0.265571262298
4,9,0,1,-0.164104009831
4,9,0,4,-0.079316498933
4,9,0,5,-0.072457718598
4,9,0,6,-0.104816346426
4,9,0,9, 0.103707114193
4,9,1,0,-0.164104009831
4,9,1,1,-0.182853135435
4,9,1,4,-0.058360272539
4,9,1,5,-0.104816346426
4,9,1,6,-0.141914430782
4,9,1,9, 0.083296851431
4,9,2,2,-0.239772419677
4,9,2,7,-0.038562059679
4,9,3,3,-0.239772419677
4,9,3,8,-0.038562059679
4,9,4,0,-0.079316498933
4,9,4,1,-0.058360272539
4,9,4,4,-0.285669031436
4,9,4,5,-0.103707114193
4,9,4,6,-0.083296851431
4,9,4,9, 0.161364566359
4,9,5,0,-0.072457718598
4,9,5,1,-0.104816346426
4,9,5,4,-0.103707114193
4,9,5,5,-0.265571262298
4,9,5,6,-0.164104009831
4,9,5,9, 0.079316498933
4,9,6,0,-0.104816346426
4,9,6,1,-0.141914430782
4,9,6,4,-0.083296851431
4,9,6,5,-0.164104009831
4,9,6,6,-0.182853135435
4,9,6,9, 0.058360272539
4,9,7,2,-0.038562059679
4,9,7,7,-0.239772419677
4,9,8,3,-0.038562059679
4,9,8,8,-0.239772419677
4,9,9,0, 0.103707114193
4,9,9,1, 0.083296851431
4,9,9,4, 0.161364566359
4,9,9,5, 0.079316498933
4,9,9,6, 0.058360272539
4,9,9,9,-0.285669031436
5,0,0,0, 0.139709232601
5,0,0,1, 0.085604209978
5,0,0,4, 0.029772108348
5,0,0,5, 0.034801595141
5,0,0,6, 0.053019718559
5,0,0,9,-0.047960227083
5,0,1,0, 0.085604209978
5,0,1,1, 0.096405176336
5,0,1,4, 0.022643567089
5,0,1,5, 0.053019718559
5,0,1,6, 0.073747100977
5,0,1,9,-0.037626055695
5,0,2,2, 0.127134226810
5,0,2,7, 0.018563973217
5,0,3,3, 0.127134226810
5,0,3,8, 0.018563973217
5,0,4,0, 0.029772108348
5,0,4,1, 0.022643567089
5,0,4,4, 0.140075517457
5,0,4,5, 0.047960227083
5,0,4,6, 0.037626055695
5,0,4,9,-0.072457718598
5,0,5,0, 0.034801595141
5,0,5,1, 0.053019718559
5,0,5,4, 0.047960227083
5,0,5,5, 0.139709232601
5,0,5,6, 0.085604209978
5,0,5,9,-0.029772108348
5,0,6,0, 0.053019718559
5,0,6,1, 0.073747100977
5,0,6,4, 0.037626055695
5,0,6,5, 0.085604209978
5,0,6,6, 0.096405176336
5,0,6,9,-0.022643567089
5,0,7,2, 0.018563973217
5,0,7,7, 0.127134226810
5,0,8,3, 0.018563973217
5,0,8,8, 0.127134226810
5,0,9,0,-0.047960227083
5,0,9,1,-0.037626055695
5,0,9,4,-0.072457718598
5,0,9,5,-0.029772108348
5,0,9,6,-0.022643567089
5,0,9,9, 0.140075517457
5,1,0,0, 0.181855628652
5,1,0,1, 0.118583986305
5,1,0,4, 0.039543246346
5,1,0,5, 0.053019718559
5,1,0,6, 0.075869769009
5,1,0,9,-0.067777554646
5,1,1,0, 0.118583986305
5,1,1,1, 0.148777497890
5,1,1,4, 0.033308430513
5,1,1,5, 0.094317082651
5,1,1,6, 0.123505915157
5,1,1,9,-0.051372931456
5,1,2,2, 0.172486444117
5,1,2,7, 0.028562558559
5,1,3,3, 0.172486444117
5,1,3,8, 0.028562558559
5,1,4,0, 0.039543246346
5,1,4,1, 0.033308430513
5,1,4,4, 0.190740713916
5,1,4,5, 0.073878620930
5,1,4,6, 0.056237779339
5,1,4,9,-0.104816346426
5,1,5,0, 0.053019718559
5,1,5,1, 0.094317082651
5,1,5,4, 0.073878620930
5,1,5,5, 0.274654093721
5,1,5,6, 0.164577715771
5,1,5,9,-0.021432841684
5,1,6,0, 0.075869769009
5,1,6,1, 0.123505915157
5,1,6,4, 0.056237779339
5,1,6,5, 0.164577715771
5,1,6,6, 0.179949024705
5,1,6,9,-0.016152746145
5,1,7,2, 0.028562558559
5,1,7,7, 0.252176344682
5,1,8,3, 0.028562558559
5,1,8,8, 0.252176344682
5,1,9,0,-0.067777554646
5,1,9,1,-0.051372931456
5,1,9,4,-0.104816346426
5,1,9,5,-0.021432841684
5,1,9,6,-0.016152746145
5,1,9,9, 0.255200560052
5,2,0,2, 0.019034645489
5,2,0,7, 0.004136375102
5,2,1,2, 0.013752767597
5,2,1,7, 0.006748337208
5,2,2,0, 0.019034645489
5,2,2,1, 0.013752767597
5,2,2,4, 0.007612172321
5,2,2,5, 0.004528776870
5,2,2,6, 0.008677878307
5,2,2,9,-0.006750595105
5,2,4,2, 0.007612172321
5,2,4,7, 0.006041535234
5,2,5,2, 0.004528776870
5,2,5,7, 0.012684404599
5,2,6,2, 0.008677878307
5,2,6,7, 0.009805716600
5,2,7,0, 0.004136375102
5,2,7,1, 0.006748337208
5,2,7,4, 0.006041535234
5,2,7,5, 0.012684404599
5,2,7,6, 0.009805716600
5,2,7,9,-0.006958829229
5,2,9,2,-0.006750595105
5,2,9,7,-0.006958829229
5,3,0,3, 0.019034645489
5,3,0,8, 0.004136375102
5,3,1,3, 0.013752767597
5,3,1,8, 0.006748337208
5,3,3,0, 0.019034645489
5,3,3,1, 0.013752767597
5,3,3,4, 0.007612172321
5,3,3,5, 0.004528776870
5,3,3,6, 0.008677878307
5,3,3,9,-0.006750595105
5,3,4,3, 0.007612172321
5,3,4,8, 0.006041535234
5,3,5,3, 0.004528776870
5,3,5,8, 0.012684404599
5,3,6,3, 0.008677878307
5,3,6,8, 0.009805716600
5,3,8,0, 0.004136375102
5,3,8,1, 0.006748337208
5,3,8,4, 0.006041535234
5,3,8,5, 0.012684404599
5,3,8,6, 0.009805716600
5,3,8,9,-0.006958829229
5,3,9,3,-0.006750595105
5,3,9,8,-0.006958829229
5,4,0,0, 0.166794127444
5,4,0,1, 0.105025538602
5,4,0,4, 0.049107051509
5,4,0,5, 0.047960227083
5,4,0,6, 0.067777554646
5,4,0,9,-0.066351980174
5,4,1,0, 0.105025538602
5,4,1,1, 0.121226988885
5,4,1,4, 0.037458133391
5,4,1,5, 0.073878620930
5,4,1,6, 0.096794403976
5,4,1,9,-0.053467127597
5,4,2,2, 0.152792550016
5,4,2,7, 0.025540448807
5,4,3,3, 0.152792550016
5,4,3,8, 0.025540448807
5,4,4,0, 0.049107051509
5,4,4,1, 0.037458133391
5,4,4,4, 0.179860295616
5,4,4,5, 0.068732631345
5,4,4,6, 0.054226964250
5,4,4,9,-0.103707114193
5,4,5,0, 0.047960227083
5,4,5,1, 0.073878620930
5,4,5,4, 0.068732631345
5,4,5,5, 0.198586071063
5,4,5,6, 0.119441171039
5,4,5,9,-0.047664796427
5,4,6,0, 0.067777554646
5,4,6,1, 0.096794403976
5,4,6,4, 0.054226964250
5,4,6,5, 0.119441171039
5,4,6,6, 0.129503457710
5,4,6,9,-0.034410548397
5,4,7,2, 0.025540448807
5,4,7,7, 0.177570757718
5,4,8,3, 0.025540448807
5,4,8,8, 0.177570757718
5,4,9,0,-0.066351980174
5,4,9,1,-0.053467127597
5,4,9,4,-0.103707114193
5,4,9,5,-0.047664796427
5,4,9,6,-0.034410548397
5,4,9,9, 0.199806616188
5,5,0,0, 0.408183957691
5,5,0,1, 0.273915954902
5,5,0,4, 0.098920194772
5,5,0,5, 0.139709232601
5,5,0,6, 0.181855628652
5,5,0,9,-0.166794127444
5,5,1,0, 0.273915954902
5,5,1,1, 0.361784232212
5,5,1,4, 0.087817376350
5,5,1,5, 0.274654093721
5,5,1,6, 0.322719990261
5,5,1,9,-0.118481012571
5,5,2,2, 0.387375795070
5,5,2,7, 0.072141199475
5,5,3,3, 0.387375795070
5,5,3,8, 0.072141199475
5,5,4,0, 0.098920194772
5,5,4,1, 0.087817376350
5,5,4,4, 0.446191919034
5,5,4,5, 0.198586071063
5,5,4,6, 0.144115810462
5,5,4,9,-0.265571262298
5,5,5,0, 0.139709232601
5,5,5,1, 0.274654093721
5,5,5,4, 0.198586071063
5,5,5,5, 0.897251802255
5,5,5,6, 0.504699283325
5,5,6,0, 0.181855628652
5,5,6,1, 0.322719990261
5,5,6,4, 0.144115810462
5,5,6,5, 0.504699283325
5,5,6,6, 0.507364877272
5,5,7,2, 0.072141199475
5,5,7,7, 0.775037038942
5,5,8,3, 0.072141199475
5,5,8,8, 0.775037038942
5,5,9,0,-0.166794127444
5,5,9,1,-0.118481012571
5,5,9,4,-0.265571262298
5,5,9,9, 0.775037038942
5,6,0,0, 0.273915954902
5,6,0,1, 0.182536958508
5,6,0,4, 0.059834587132
5,6,0,5, 0.085604209978
5,6,0,6, 0.118583986305
5,6,0,9,-0.105025538602
5,6,1,0, 0.182536958508
5,6,1,1, 0.239982620738
5,6,1,4, 0.052363700657
5,6,1,5, 0.164577715771
5,6,1,6, 0.208571208179
5,6,1,9,-0.074303456607
5,6,2,2, 0.261914818881
5,6,2,7, 0.045709926359
5,6,3,3, 0.261914818881
5,6,3,8, 0.045709926359
5,6,4,0, 0.059834587132
5,6,4,1, 0.052363700657
5,6,4,4, 0.291759434292
5,6,4,5, 0.119441171039
5,6,4,6, 0.089315285359
5,6,4,9,-0.164104009831
5,6,5,0, 0.085604209978
5,6,5,1, 0.164577715771
5,6,5,4, 0.119441171039
5,6,5,5, 0.504699283325
5,6,5,6, 0.300015949963
5,6,6,0, 0.118583986305
5,6,6,1, 0.208571208179
5,6,6,4, 0.089315285359
5,6,6,5, 0.300015949963
5,6,6,6, 0.324022459289
5,6,7,2, 0.045709926359
5,6,7,7, 0.462081934851
5,6,8,3, 0.045709926359
5,6,8,8, 0.462081934851
5,6,9,0,-0.105025538602
5,6,9,1,-0.074303456607
5,6,9,4,-0.164104009831
5,6,9,9, 0.462081934851
5,7,0,2, 0.026084309756
5,7,0,7, 0.019034645489
5,7,1,2, 0.023137654664
5,7,1,7, 0.052964245511
5,7,2,0, 0.026084309756
5,7,2,1, 0.023137654664
5,7,2,4, 0.015768001381
5,7,2,5, 0.012684404599
5,7,2,6, 0.017477666657
5,7,2,9,-0.016227805211
5,7,4,2, 0.015768001381
5,7,4,7, 0.027034353913
5,7,5,2, 0.012684404599
5,7,5,7, 0.152608082603
5,7,6,2, 0.017477666657
5,7,6,7, 0.101353944495
5,7,7,0, 0.019034645489
5,7,7,1, 0.052964245511
5,7,7,4, 0.027034353913
5,7,7,5, 0.152608082603
5,7,7,6, 0.101353944495
5,7,9,2,-0.016227805211
5,8,0,3, 0.026084309756
5,8,0,8, 0.019034645489
5,8,1,3, 0.023137654664
5,8,1,8, 0.052964245511
5,8,3,0, 0.026084309756
5,8,3,1, 0.023137654664
5,8,3,4, 0.015768001381
5,8,3,5, 0.012684404599
5,8,3,6, 0.017477666657
5,8,3,9,-0.016227805211
5,8,4,3, 0.015768001381
5,8,4,8, 0.027034353913
5,8,5,3, 0.012684404599
5,8,5,8, 0.152608082603
5,8,6,3, 0.017477666657
5,8,6,8, 0.101353944495
5,8,8,0, 0.019034645489
5,8,8,1, 0.052964245511
5,8,8,4, 0.027034353913
5,8,8,5, 0.152608082603
5,8,8,6, 0.101353944495
5,8,9,3,-0.016227805211
5,9,0,0,-0.098920194772
5,9,0,1,-0.059834587132
5,9,0,4,-0.040676149692
5,9,0,5,-0.029772108348
5,9,0,6,-0.039543246346
5,9,0,9, 0.049107051509
5,9,1,0,-0.059834587132
5,9,1,1,-0.054198905194
5,9,1,4,-0.030710159670
5,9,1,5,-0.021432841684
5,9,1,6,-0.030983896157
5,9,1,9, 0.059915424673
5,9,2,2,-0.086212303251
5,9,2,7,-0.016227805211
5,9,3,3,-0.086212303251
5,9,3,8,-0.016227805211
5,9,4,0,-0.040676149692
5,9,4,1,-0.030710159670
5,9,4,4,-0.116572299460
5,9,4,5,-0.047664796427
5,9,4,6,-0.037811849120
5,9,4,9, 0.079316498933
5,9,5,0,-0.029772108348
5,9,5,1,-0.021432841684
5,9,5,4,-0.047664796427
5,9,5,9, 0.152608082603
5,9,6,0,-0.039543246346
5,9,6,1,-0.030983896157
5,9,6,4,-0.037811849120
5,9,6,9, 0.101353944495
5,9,7,2,-0.016227805211
5,9,8,3,-0.016227805211
5,9,9,0, 0.049107051509
5,9,9,1, 0.059915424673
5,9,9,4, 0.079316498933
5,9,9,5, 0.152608082603
5,9,9,6, 0.101353944495
6,0,0,0, 0.274654093721
6,0,0,1, 0.164577715771
6,0,0,4, 0.021432841684
6,0,0,5, 0.053019718559
6,0,0,6, 0.094317082651
6,0,0,9,-0.073878620930
6,0,1,0, 0.164577715771
6,0,1,1, 0.179949024705
6,0,1,4, 0.016152746145
6,0,1,5, 0.075869769009
6,0,1,6, 0.123505915157
6,0,1,9,-0.056237779339
6,0,2,2, 0.252176344682
6,0,2,7, 0.028562558559
6,0,3,3, 0.252176344682
6,0,3,8, 0.028562558559
6,0,4,0, 0.021432841684
6,0,4,1, 0.016152746145
6,0,4,4, 0.255200560052
6,0,4,5, 0.067777554646
6,0,4,6, 0.051372931456
6,0,4,9,-0.104816346426
6,0,5,0, 0.053019718559
6,0,5,1, 0.075869769009
6,0,5,4, 0.067777554646
6,0,5,5, 0.181855628652
6,0,5,6, 0.118583986305
6,0,5,9,-0.039543246346
6,0,6,0, 0.094317082651
6,0,6,1, 0.123505915157
6,0,6,4, 0.051372931456
6,0,6,5, 0.118583986305
6,0,6,6, 0.148777497890
6,0,6,9,-0.033308430513
6,0,7,2, 0.028562558559
6,0,7,7, 0.172486444117
6,0,8,3, 0.028562558559
6,0,8,8, 0.172486444117
6,0,9,0,-0.073878620930
6,0,9,1,-0.056237779339
6,0,9,4,-0.104816346426
6,0,9,5,-0.039543246346
6,0,9,6,-0.033308430513
6,0,9,9, 0.190740713916
6,1,0,0, 0.322719990261
6,1,0,1, 0.208571208179
6,1,0,4, 0.030983896157
6,1,0,5, 0.073747100977
6,1,0,6, 0.123505915157
6,1,0,9,-0.096794403976
6,1,1,0, 0.208571208179
6,1,1,1, 0.260158636218
6,1,1,4, 0.026322628741
6,1,1,5, 0.123505915157
6,1,1,6, 0.192903410421
6,1,1,9,-0.073048799077
6,1,2,2, 0.312758743896
6,1,2,7, 0.040876329872
6,1,3,3, 0.312758743896
6,1,3,8, 0.040876329872
6,1,4,0, 0.030983896157
6,1,4,1, 0.026322628741
6,1,4,4, 0.317869160127
6,1,4,5, 0.096794403976
6,1,4,6, 0.073048799077
6,1,4,9,-0.141914430782
6,1,5,0, 0.073747100977
6,1,5,1, 0.123505915157
6,1,5,4, 0.096794403976
6,1,5,5, 0.322719990261
6,1,5,6, 0.208571208179
6,1,5,9,-0.030983896157
6,1,6,0, 0.123505915157
6,1,6,1, 0.192903410421
6,1,6,4, 0.073048799077
6,1,6,5, 0.208571208179
6,1,6,6, 0.260158636218
6,1,6,9,-0.026322628741
6,1,7,2, 0.040876329872
6,1,7,7, 0.312758743896
6,1,8,3, 0.040876329872
6,1,8,8, 0.312758743896
6,1,9,0,-0.096794403976
6,1,9,1,-0.073048799077
6,1,9,4,-0.141914430782
6,1,9,5,-0.030983896157
6,1,9,6,-0.026322628741
6,1,9,9, 0.317869160127
6,2,0,2, 0.052964245511
6,2,0,7, 0.006748337208
6,2,1,2, 0.038112209681
6,2,1,7, 0.010571347106
6,2,2,0, 0.052964245511
6,2,2,1, 0.038112209681
6,2,2,4, 0.006939921378
6,2,2,5, 0.008677878307
6,2,2,6, 0.021315492219
6,2,2,9,-0.012388412899
6,2,4,2, 0.006939921378
6,2,4,7, 0.009150518800
6,2,5,2, 0.008677878307
6,2,5,7, 0.017477666657
6,2,6,2, 0.021315492219
6,2,6,7, 0.014809446808
6,2,7,0, 0.006748337208
6,2,7,1, 0.010571347106
6,2,7,4, 0.009150518800
6,2,7,5, 0.017477666657
6,2,7,6, 0.014809446808
6,2,7,9,-0.009559498173
6,2,9,2,-0.012388412899
6,2,9,7,-0.009559498173
6,3,0,3, 0.052964245511
6,3,0,8, 0.006748337208
6,3,1,3, 0.038112209681
6,3,1,8, 0.010571347106
6,3,3,0, 0.052964245511
6,3,3,1, 0.038112209681
6,3,3,4, 0.006939921378
6,3,3,5, 0.008677878307
6,3,3,6, 0.021315492219
6,3,3,9,-0.012388412899
6,3,4,3, 0.006939921378
6,3,4,8, 0.009150518800
6,3,5,3, 0.008677878307
6,3,5,8, 0.017477666657
6,3,6,3, 0.021315492219
6,3,6,8, 0.014809446808
6,3,8,0, 0.006748337208
6,3,8,1, 0.010571347106
6,3,8,4, 0.009150518800
6,3,8,5, 0.017477666657
6,3,8,6, 0.014809446808
6,3,8,9,-0.009559498173
6,3,9,3,-0.012388412899
6,3,9,8,-0.009559498173
6,4,0,0, 0.118481012571
6,4,0,1, 0.074303456607
6,4,0,4, 0.059915424673
6,4,0,5, 0.037626055695
6,4,0,6, 0.051372931456
6,4,0,9,-0.053467127597
6,4,1,0, 0.074303456607
6,4,1,1, 0.085325478696
6,4,1,4, 0.043604176756
6,4,1,5, 0.056237779339
6,4,1,6, 0.073048799077
6,4,1,9,-0.042969683958
6,4,2,2, 0.109700562688
6,4,2,7, 0.020626658548
6,4,3,3, 0.109700562688
6,4,3,8, 0.020626658548
6,4,4,0, 0.059915424673
6,4,4,1, 0.043604176756
6,4,4,4, 0.124365461424
6,4,4,5, 0.054226964250
6,4,4,6, 0.047576979313
6,4,4,9,-0.083296851431
6,4,5,0, 0.037626055695
6,4,5,1, 0.056237779339
6,4,5,4, 0.054226964250
6,4,5,5, 0.144115810462
6,4,5,6, 0.089315285359
6,4,5,9,-0.037811849120
6,4,6,0, 0.051372931456
6,4,6,1, 0.073048799077
6,4,6,4, 0.047576979313
6,4,6,5, 0.089315285359
6,4,6,6, 0.098636928540
6,4,6,9,-0.028692069549
6,4,7,2, 0.020626658548
6,4,7,7, 0.132305051526
6,4,8,3, 0.020626658548
6,4,8,8, 0.132305051526
6,4,9,0,-0.053467127597
6,4,9,1,-0.042969683958
6,4,9,4,-0.083296851431
6,4,9,5,-0.037811849120
6,4,9,6,-0.028692069549
6,4,9,9, 0.151007774973
6,5,0,0, 0.273915954902
6,5,0,1, 0.182536958508
6,5,0,4, 0.059834587132
6,5,0,5, 0.085604209978
6,5,0,6, 0.118583986305
6,5,0,9,-0.105025538602
6,5,1,0, 0.182536958508
6,5,1,1, 0.239982620738
6,5,1,4, 0.052363700657
6,5,1,5, 0.164577715771
6,5,1,6, 0.208571208179
6,5,1,9,-0.074303456607
6,5,2,2, 0.261914818881
6,5,2,7, 0.045709926359
6,5,3,3, 0.261914818881
6,5,3,8, 0.045709926359
6,5,4,0, 0.059834587132
6,5,4,1, 0.052363700657
6,5,4,4, 0.291759434292
6,5,4,5, 0.119441171039
6,5,4,6, 0.089315285359
6,5,4,9,-0.164104009831
6,5,5,0, 0.085604209978
6,5,5,1, 0.164577715771
6,5,5,4, 0.119441171039
6,5,5,5, 0.504699283325
6,5,5,6, 0.300015949963
6,5,6,0, 0.118583986305
6,5,6,1, 0.208571208179
6,5,6,4, 0.089315285359
6,5,6,5, 0.300015949963
6,5,6,6, 0.324022459289
6,5,7,2, 0.045709926359
6,5,7,7, 0.462081934851
6,5,8,3, 0.045709926359
6,5,8,8, 0.462081934851
6,5,9,0,-0.105025538602
6,5,9,1,-0.074303456607
6,5,9,4,-0.164104009831
6,5,9,9, 0.462081934851
6,6,0,0, 0.361784232212
6,6,0,1, 0.239982620738
6,6,0,4, 0.054198905194
6,6,0,5, 0.096405176336
6,6,0,6, 0.148777497890
6,6,0,9,-0.121226988885
6,6,1,0, 0.239982620738
6,6,1,1, 0.317382652614
6,6,1,4, 0.047560129703
6,6,1,5, 0.179949024705
6,6,1,6, 0.260158636218
6,6,1,9,-0.085325478696
6,6,2,2, 0.352075511529
6,6,2,7, 0.053190037143
6,6,3,3, 0.352075511529
6,6,3,8, 0.053190037143
6,6,4,0, 0.054198905194
6,6,4,1, 0.047560129703
6,6,4,4, 0.367768021439
6,6,4,5, 0.129503457710
6,6,4,6, 0.098636928540
6,6,4,9,-0.182853135435
6,6,5,0, 0.096405176336
6,6,5,1, 0.179949024705
6,6,5,4, 0.129503457710
6,6,5,5, 0.507364877272
6,6,5,6, 0.324022459289
6,6,6,0, 0.148777497890
6,6,6,1, 0.260158636218
6,6,6,4, 0.098636928540
6,6,6,5, 0.324022459289
6,6,6,6, 0.394125899248
6,6,7,2, 0.053190037143
6,6,7,7, 0.491073083906
6,6,8,3, 0.053190037143
6,6,8,8, 0.491073083906
6,6,9,0,-0.121226988885
6,6,9,1,-0.085325478696
6,6,9,4,-0.182853135435
6,6,9,9, 0.491073083906
6,7,0,2, 0.023137654664
6,7,0,7, 0.013752767597
6,7,1,2, 0.020301992438
6,7,1,7, 0.038112209681
6,7,2,0, 0.023137654664
6,7,2,1, 0.020301992438
6,7,2,4, 0.012779529856
6,7,2,5, 0.009805716600
6,7,2,6, 0.014809446808
6,7,2,9,-0.012789762870
6,7,4,2, 0.012779529856
6,7,4,7, 0.019216768406
6,7,5,2, 0.009805716600
6,7,5,7, 0.101353944495
6,7,6,2, 0.014809446808
6,7,6,7, 0.072461555243
6,7,7,0, 0.013752767597
6,7,7,1, 0.038112209681
6,7,7,4, 0.019216768406
6,7,7,5, 0.101353944495
6,7,7,6, 0.072461555243
6,7,9,2,-0.012789762870
6,8,0,3, 0.023137654664
6,8,0,8, 0.013752767597
6,8,1,3, 0.020301992438
6,8,1,8, 0.038112209681
6,8,3,0, 0.023137654664
6,8,3,1, 0.020301992438
6,8,3,4, 0.012779529856
6,8,3,5, 0.009805716600
6,8,3,6, 0.014809446808
6,8,3,9,-0.012789762870
6,8,4,3, 0.012779529856
6,8,4,8, 0.019216768406
6,8,5,3, 0.009805716600
6,8,5,8, 0.101353944495
6,8,6,3, 0.014809446808
6,8,6,8, 0.072461555243
6,8,8,0, 0.013752767597
6,8,8,1, 0.038112209681
6,8,8,4, 0.019216768406
6,8,8,5, 0.101353944495
6,8,8,6, 0.072461555243
6,8,9,3,-0.012789762870
6,9,0,0,-0.087817376350
6,9,0,1,-0.052363700657
6,9,0,4,-0.030710159670
6,9,0,5,-0.022643567089
6,9,0,6,-0.033308430513
6,9,0,9, 0.037458133391
6,9,1,0,-0.052363700657
6,9,1,1,-0.047560129703
6,9,1,4,-0.022509148086
6,9,1,5,-0.016152746145
6,9,1,6,-0.026322628741
6,9,1,9, 0.043604176756
6,9,2,2,-0.078031715136
6,9,2,7,-0.012789762870
6,9,3,3,-0.078031715136
6,9,3,8,-0.012789762870
6,9,4,0,-0.030710159670
6,9,4,1,-0.022509148086
6,9,4,4,-0.096170855933
6,9,4,5,-0.034410548397
6,9,4,6,-0.028692069549
6,9,4,9, 0.058360272539
6,9,5,0,-0.022643567089
6,9,5,1,-0.016152746145
6,9,5,4,-0.034410548397
6,9,5,9, 0.101353944495
6,9,6,0,-0.033308430513
6,9,6,1,-0.026322628741
6,9,6,4,-0.028692069549
6,9,6,9, 0.072461555243
6,9,7,2,-0.012789762870
6,9,8,3,-0.012789762870
6,9,9,0, 0.037458133391
6,9,9,1, 0.043604176756
6,9,9,4, 0.058360272539
6,9,9,5, 0.101353944495
6,9,9,6, 0.072461555243
7,0,0,2, 0.012684404599
7,0,0,7, 0.004528776870
7,0,1,2, 0.009805716600
7,0,1,7, 0.008677878307
7,0,2,0, 0.012684404599
7,0,2,1, 0.009805716600
7,0,2,4, 0.006958829229
7,0,2,5, 0.004136375102
7,0,2,6, 0.006748337208
7,0,2,9,-0.006041535234
7,0,4,2, 0.006958829229
7,0,4,7, 0.006750595105
7,0,5,2, 0.004136375102
7,0,5,7, 0.019034645489
7,0,6,2, 0.006748337208
7,0,6,7, 0.013752767597
7,0,7,0, 0.004528776870
7,0,7,1, 0.008677878307
7,0,7,4, 0.006750595105
7,0,7,5, 0.019034645489
7,0,7,6, 0.013752767597
7,0,7,9,-0.007612172321
7,0,9,2,-0.006041535234
7,0,9,7,-0.007612172321
7,1,0,2, 0.017477666657
7,1,0,7, 0.008677878307
7,1,1,2, 0.014809446808
7,1,1,7, 0.021315492219
7,1,2,0, 0.017477666657
7,1,2,1, 0.014809446808
7,1,2,4, 0.009559498173
7,1,2,5, 0.006748337208
7,1,2,6, 0.010571347106
7,1,2,9,-0.009150518800
7,1,4,2, 0.009559498173
7,1,4,7, 0.012388412899
7,1,5,2, 0.006748337208
7,1,5,7, 0.052964245511
7,1,6,2, 0.010571347106
7,1,6,7, 0.038112209681
7,1,7,0, 0.008677878307
7,1,7,1, 0.021315492219
7,1,7,4, 0.012388412899
7,1,7,5, 0.052964245511
7,1,7,6, 0.038112209681
7,1,7,9,-0.006939921378
7,1,9,2,-0.009150518800
7,1,9,7,-0.006939921378
7,2,0,0, 0.072141199475
7,2,0,1, 0.045709926359
7,2,0,4, 0.016227805211
7,2,0,5, 0.018563973217
7,2,0,6, 0.028562558559
7,2,0,9,-0.025540448807
7,2,1,0, 0.045709926359
7,2,1,1, 0.053190037143
7,2,1,4, 0.012789762870
7,2,1,5, 0.028562558559
7,2,1,6, 0.040876329872
7,2,1,9,-0.020626658548
7,2,2,2, 0.071399020699
7,2,2,7, 0.011122788834
7,2,3,3, 0.065900269546
7,2,3,8, 0.009760814691
7,2,4,0, 0.016227805211
7,2,4,1, 0.012789762870
7,2,4,4, 0.073730392424
7,2,4,5, 0.025540448807
7,2,4,6, 0.020626658548
7,2,4,9,-0.038562059679
7,2,5,0, 0.018563973217
7,2,5,1, 0.028562558559
7,2,5,4, 0.025540448807
7,2,5,5, 0.072141199475
7,2,5,6, 0.045709926359
7,2,5,9,-0.016227805211
7,2,6,0, 0.028562558559
7,2,6,1, 0.040876329872
7,2,6,4, 0.020626658548
7,2,6,5, 0.045709926359
7,2,6,6, 0.053190037143
7,2,6,9,-0.012789762870
7,2,7,2, 0.011122788834
7,2,7,7, 0.071399020699
7,2,8,3, 0.009760814691
7,2,8,8, 0.065900269546
7,2,9,0,-0.025540448807
7,2,9,1,-0.020626658548
7,2,9,4,-0.038562059679
7,2,9,5,-0.016227805211
7,2,9,6,-0.012789762870
7,2,9,9, 0.073730392424
7,3,2,3, 0.002749375577
7,3,2,8, 0.000680987071
7,3,3,2, 0.002749375577
7,3,3,7, 0.000680987071
7,3,7,3, 0.000680987071
7,3,7,8, 0.002749375577
7,3,8,2, 0.000680987071
7,3,8,7, 0.002749375577
7,4,0,2, 0.016227805211
7,4,0,7, 0.006750595105
7,4,1,2, 0.012789762870
7,4,1,7, 0.012388412899
7,4,2,0, 0.016227805211
7,4,2,1, 0.012789762870
7,4,2,4, 0.010579498455
7,4,2,5, 0.006041535234
7,4,2,6, 0.009150518800
7,4,2,9,-0.008983587803
7,4,4,2, 0.010579498455
7,4,4,7, 0.010345561945
7,4,5,2, 0.006041535234
7,4,5,7, 0.027034353913
7,4,6,2, 0.009150518800
7,4,6,7, 0.019216768406
7,4,7,0, 0.006750595105
7,4,7,1, 0.012388412899
7,4,7,4, 0.010345561945
7,4,7,5, 0.027034353913
7,4,7,6, 0.019216768406
7,4,7,9,-0.012831999851
7,4,9,2,-0.008983587803
7,4,9,7,-0.012831999851
7,5,0,2, 0.026084309756
7,5,0,7, 0.019034645489
7,5,1,2, 0.023137654664
7,5,1,7, 0.052964245511
7,5,2,0, 0.026084309756
7,5,2,1, 0.023137654664
7,5,2,4, 0.015768001381
7,5,2,5, 0.012684404599
7,5,2,6, 0.017477666657
7,5,2,9,-0.016227805211
7,5,4,2, 0.015768001381
7,5,4,7, 0.027034353913
7,5,5,2, 0.012684404599
7,5,5,7, 0.152608082603
7,5,6,2, 0.017477666657
7,5,6,7, 0.101353944495
7,5,7,0, 0.019034645489
7,5,7,1, 0.052964245511
7,5,7,4, 0.027034353913
7,5,7,5, 0.152608082603
7,5,7,6, 0.101353944495
7,5,9,2,-0.016227805211
7,6,0,2, 0.023137654664
7,6,0,7, 0.013752767597
7,6,1,2, 0.020301992438
7,6,1,7, 0.038112209681
7,6,2,0, 0.023137654664
7,6,2,1, 0.020301992438
7,6,2,4, 0.012779529856
7,6,2,5, 0.009805716600
7,6,2,6, 0.014809446808
7,6,2,9,-0.012789762870
7,6,4,2, 0.012779529856
7,6,4,7, 0.019216768406
7,6,5,2, 0.009805716600
7,6,5,7, 0.101353944495
7,6,6,2, 0.014809446808
7,6,6,7, 0.072461555243
7,6,7,0, 0.013752767597
7,6,7,1, 0.038112209681
7,6,7,4, 0.019216768406
7,6,7,5, 0.101353944495
7,6,7,6, 0.072461555243
7,6,9,2,-0.012789762870
7,7,0,0, 0.387375795070
7,7,0,1, 0.261914818881
7,7,0,4, 0.086212303251
7,7,0,5, 0.127134226810
7,7,0,6, 0.172486444117
7,7,0,9,-0.152792550016
7,7,1,0, 0.261914818881
7,7,1,1, 0.352075511529
7,7,1,4, 0.078031715136
7,7,1,5, 0.252176344682
7,7,1,6, 0.312758743896
7,7,1,9,-0.109700562688
7,7,2,2, 0.376165736628
7,7,2,7, 0.071399020699
7,7,3,3, 0.368728912494
7,7,3,8, 0.065900269546
7,7,4,0, 0.086212303251
7,7,4,1, 0.078031715136
7,7,4,4, 0.416867874027
7,7,4,5, 0.177570757718
7,7,4,6, 0.132305051526
7,7,4,9,-0.239772419677
7,7,5,0, 0.127134226810
7,7,5,1, 0.252176344682
7,7,5,4, 0.177570757718
7,7,5,5, 0.775037038942
7,7,5,6, 0.462081934851
7,7,6,0, 0.172486444117
7,7,6,1, 0.312758743896
7,7,6,4, 0.132305051526
7,7,6,5, 0.462081934851
7,7,6,6, 0.491073083906
7,7,7,2, 0.071399020699
7,7,7,7, 0.785718708997
7,7,8,3, 0.065900269546
7,7,8,8, 0.689508254834
7,7,9,0,-0.152792550016
7,7,9,1,-0.109700562688
7,7,9,4,-0.239772419677
7,7,9,9, 0.689508254834
7,8,2,3, 0.003718412067
7,8,2,8, 0.002749375577
7,8,3,2, 0.003718412067
7,8,3,7, 0.002749375577
7,8,7,3, 0.002749375577
7,8,7,8, 0.048105227081
7,8,8,2, 0.002749375577
7,8,8,7, 0.048105227081
7,9,0,2,-0.015768001381
7,9,0,7,-0.007612172321
7,9,1,2,-0.012779529856
7,9,1,7,-0.006939921378
7,9,2,0,-0.015768001381
7,9,2,1,-0.012779529856
7,9,2,4,-0.011468712910
7,9,2,5,-0.006958829229
7,9,2,6,-0.009559498173
7,9,2,9, 0.010579498455
7,9,4,2,-0.011468712910
7,9,4,7,-0.012831999851
7,9,5,2,-0.006958829229
7,9,6,2,-0.009559498173
7,9,7,0,-0.007612172321
7,9,7,1,-0.006939921378
7,9,7,4,-0.012831999851
7,9,7,9, 0.048105227081
7,9,9,2, 0.010579498455
7,9,9,7, 0.048105227081
8,0,0,3, 0.012684404599
8,0,0,8, 0.004528776870
8,0,1,3, 0.009805716600
8,0,1,8, 0.008677878307
8,0,3,0, 0.012684404599
8,0,3,1, 0.009805716600
8,0,3,4, 0.006958829229
8,0,3,5, 0.004136375102
8,0,3,6, 0.006748337208
8,0,3,9,-0.006041535234
8,0,4,3, 0.006958829229
8,0,4,8, 0.006750595105
8,0,5,3, 0.004136375102
8,0,5,8, 0.019034645489
8,0,6,3, 0.006748337208
8,0,6,8, 0.013752767597
8,0,8,0, 0.004528776870
8,0,8,1, 0.008677878307
8,0,8,4, 0.006750595105
8,0,8,5, 0.019034645489
8,0,8,6, 0.013752767597
8,0,8,9,-0.007612172321
8,0,9,3,-0.006041535234
8,0,9,8,-0.007612172321
8,1,0,3, 0.017477666657
8,1,0,8, 0.008677878307
8,1,1,3, 0.014809446808
8,1,1,8, 0.021315492219
8,1,3,0, 0.017477666657
8,1,3,1, 0.014809446808
8,1,3,4, 0.009559498173
8,1,3,5, 0.006748337208
8,1,3,6, 0.010571347106
8,1,3,9,-0.009150518800
8,1,4,3, 0.009559498173
8,1,4,8, 0.012388412899
8,1,5,3, 0.006748337208
8,1,5,8, 0.052964245511
8,1,6,3, 0.010571347106
8,1,6,8, 0.038112209681
8,1,8,0, 0.008677878307
8,1,8,1, 0.021315492219
8,1,8,4, 0.012388412899
8,1,8,5, 0.052964245511
8,1,8,6, 0.038112209681
8,1,8,9,-0.006939921378
8,1,9,3,-0.009150518800
8,1,9,8,-0.006939921378
8,2,2,3, 0.002749375577
8,2,2,8, 0.000680987071
8,2,3,2, 0.002749375577
8,2,3,7, 0.000680987071
8,2,7,3, 0.000680987071
8,2,7,8, 0.002749375577
8,2,8,2, 0.000680987071
8,2,8,7, 0.002749375577
8,3,0,0, 0.072141199475
8,3,0,1, 0.045709926359
8,3,0,4, 0.016227805211
8,3,0,5, 0.018563973217
8,3,0,6, 0.028562558559
8,3,0,9,-0.025540448807
8,3,1,0, 0.045709926359
8,3,1,1, 0.053190037143
8,3,1,4, 0.012789762870
8,3,1,5, 0.028562558559
8,3,1,6, 0.040876329872
8,3,1,9,-0.020626658548
8,3,2,2, 0.065900269546
8,3,2,7, 0.009760814691
8,3,3,3, 0.071399020699
8,3,3,8, 0.011122788834
8,3,4,0, 0.016227805211
8,3,4,1, 0.012789762870
8,3,4,4, 0.073730392424
8,3,4,5, 0.025540448807
8,3,4,6, 0.020626658548
8,3,4,9,-0.038562059679
8,3,5,0, 0.018563973217
8,3,5,1, 0.028562558559
8,3,5,4, 0.025540448807
8,3,5,5, 0.072141199475
8,3,5,6, 0.045709926359
8,3,5,9,-0.016227805211
8,3,6,0, 0.028562558559
8,3,6,1, 0.040876329872
8,3,6,4, 0.020626658548
8,3,6,5, 0.045709926359
8,3,6,6, 0.053190037143
8,3,6,9,-0.012789762870
8,3,7,2, 0.009760814691
8,3,7,7, 0.065900269546
8,3,8,3, 0.011122788834
8,3,8,8, 0.071399020699
8,3,9,0,-0.025540448807
8,3,9,1,-0.020626658548
8,3,9,4,-0.038562059679
8,3,9,5,-0.016227805211
8,3,9,6,-0.012789762870
8,3,9,9, 0.073730392424
8,4,0,3, 0.016227805211
8,4,0,8, 0.006750595105
8,4,1,3, 0.012789762870
8,4,1,8, 0.012388412899
8,4,3,0, 0.016227805211
8,4,3,1, 0.012789762870
8,4,3,4, 0.010579498455
8,4,3,5, 0.006041535234
8,4,3,6, 0.009150518800
8,4,3,9,-0.008983587803
8,4,4,3, 0.010579498455
8,4,4,8, 0.010345561945
8,4,5,3, 0.006041535234
8,4,5,8, 0.027034353913
8,4,6,3, 0.009150518800
8,4,6,8, 0.019216768406
8,4,8,0, 0.006750595105
8,4,8,1, 0.012388412899
8,4,8,4, 0.010345561945
8,4,8,5, 0.027034353913
8,4,8,6, 0.019216768406
8,4,8,9,-0.012831999851
8,4,9,3,-0.008983587803
8,4,9,8,-0.012831999851
8,5,0,3, 0.026084309756
8,5,0,8, 0.019034645489
8,5,1,3, 0.023137654664
8,5,1,8, 0.052964245511
8,5,3,0, 0.026084309756
8,5,3,1, 0.023137654664
8,5,3,4, 0.015768001381
8,5,3,5, 0.012684404599
8,5,3,6, 0.017477666657
8,5,3,9,-0.016227805211
8,5,4,3, 0.015768001381
8,5,4,8, 0.027034353913
8,5,5,3, 0.012684404599
8,5,5,8, 0.152608082603
8,5,6,3, 0.017477666657
8,5,6,8, 0.101353944495
8,5,8,0, 0.019034645489
8,5,8,1, 0.052964245511
8,5,8,4, 0.027034353913
8,5,8,5, 0.152608082603
8,5,8,6, 0.101353944495
8,5,9,3,-0.016227805211
8,6,0,3, 0.023137654664
8,6,0,8, 0.013752767597
8,6,1,3, 0.020301992438
8,6,1,8, 0.038112209681
8,6,3,0, 0.023137654664
8,6,3,1, 0.020301992438
8,6,3,4, 0.012779529856
8,6,3,5, 0.009805716600
8,6,3,6, 0.014809446808
8,6,3,9,-0.012789762870
8,6,4,3, 0.012779529856
8,6,4,8, 0.019216768406
8,6,5,3, 0.009805716600
8,6,5,8, 0.101353944495
8,6,6,3, 0.014809446808
8,6,6,8, 0.072461555243
8,6,8,0, 0.013752767597
8,6,8,1, 0.038112209681
8,6,8,4, 0.019216768406
8,6,8,5, 0.101353944495
8,6,8,6, 0.072461555243
8,6,9,3,-0.012789762870
8,7,2,3, 0.003718412067
8,7,2,8, 0.002749375577
8,7,3,2, 0.003718412067
8,7,3,7, 0.002749375577
8,7,7,3, 0.002749375577
8,7,7,8, 0.048105227081
8,7,8,2, 0.002749375577
8,7,8,7, 0.048105227081
8,8,0,0, 0.387375795070
8,8,0,1, 0.261914818881
8,8,0,4, 0.086212303251
8,8,0,5, 0.127134226810
8,8,0,6, 0.172486444117
8,8,0,9,-0.152792550016
8,8,1,0, 0.261914818881
8,8,1,1, 0.352075511529
8,8,1,4, 0.078031715136
8,8,1,5, 0.252176344682
8,8,1,6, 0.312758743896
8,8,1,9,-0.109700562688
8,8,2,2, 0.368728912494
8,8,2,7, 0.065900269546
8,8,3,3, 0.376165736628
8,8,3,8, 0.071399020699
8,8,4,0, 0.086212303251
8,8,4,1, 0.078031715136
8,8,4,4, 0.416867874027
8,8,4,5, 0.177570757718
8,8,4,6, 0.132305051526
8,8,4,9,-0.239772419677
8,8,5,0, 0.127134226810
8,8,5,1, 0.252176344682
8,8,5,4, 0.177570757718
8,8,5,5, 0.775037038942
8,8,5,6, 0.462081934851
8,8,6,0, 0.172486444117
8,8,6,1, 0.312758743896
8,8,6,4, 0.132305051526
8,8,6,5, 0.462081934851
8,8,6,6, 0.491073083906
8,8,7,2, 0.065900269546
8,8,7,7, 0.689508254834
8,8,8,3, 0.071399020699
8,8,8,8, 0.785718708997
8,8,9,0,-0.152792550016
8,8,9,1,-0.109700562688
8,8,9,4,-0.239772419677
8,8,9,9, 0.689508254834
8,9,0,3,-0.015768001381
8,9,0,8,-0.007612172321
8,9,1,3,-0.012779529856
8,9,1,8,-0.006939921378
8,9,3,0,-0.015768001381
8,9,3,1,-0.012779529856
8,9,3,4,-0.011468712910
8,9,3,5,-0.006958829229
8,9,3,6,-0.009559498173
8,9,3,9, 0.010579498455
8,9,4,3,-0.011468712910
8,9,4,8,-0.012831999851
8,9,5,3,-0.006958829229
8,9,6,3,-0.009559498173
8,9,8,0,-0.007612172321
8,9,8,1,-0.006939921378
8,9,8,4,-0.012831999851
8,9,8,9, 0.048105227081
8,9,9,3, 0.010579498455
8,9,9,8, 0.048105227081
9,0,0,0,-0.198586071063
9,0,0,1,-0.119441171039
9,0,0,4,-0.047664796427
9,0,0,5,-0.047960227083
9,0,0,6,-0.073878620930
9,0,0,9, 0.068732631345
9,0,1,0,-0.119441171039
9,0,1,1,-0.129503457710
9,0,1,4,-0.034410548397
9,0,1,5,-0.067777554646
9,0,1,6,-0.096794403976
9,0,1,9, 0.054226964250
9,0,2,2,-0.177570757718
9,0,2,7,-0.025540448807
9,0,3,3,-0.177570757718
9,0,3,8,-0.025540448807
9,0,4,0,-0.047664796427
9,0,4,1,-0.034410548397
9,0,4,4,-0.199806616188
9,0,4,5,-0.066351980174
9,0,4,6,-0.053467127597
9,0,4,9, 0.103707114193
9,0,5,0,-0.047960227083
9,0,5,1,-0.067777554646
9,0,5,4,-0.066351980174
9,0,5,5,-0.166794127444
9,0,5,6,-0.105025538602
9,0,5,9, 0.049107051509
9,0,6,0,-0.073878620930
9,0,6,1,-0.096794403976
9,0,6,4,-0.053467127597
9,0,6,5,-0.105025538602
9,0,6,6,-0.121226988885
9,0,6,9, 0.037458133391
9,0,7,2,-0.025540448807
9,0,7,7,-0.152792550016
9,0,8,3,-0.025540448807
9,0,8,8,-0.152792550016
9,0,9,0, 0.068732631345
9,0,9,1, 0.054226964250
9,0,9,4, 0.103707114193
9,0,9,5, 0.049107051509
9,0,9,6, 0.037458133391
9,0,9,9,-0.179860295616
9,1,0,0,-0.144115810462
9,1,0,1,-0.089315285359
9,1,0,4,-0.037811849120
9,1,0,5,-0.037626055695
9,1,0,6,-0.056237779339
9,1,0,9, 0.054226964250
9,1,1,0,-0.089315285359
9,1,1,1,-0.098636928540
9,1,1,4,-0.028692069549
9,1,1,5,-0.051372931456
9,1,1,6,-0.073048799077
9,1,1,9, 0.047576979313
9,1,2,2,-0.132305051526
9,1,2,7,-0.020626658548
9,1,3,3,-0.132305051526
9,1,3,8,-0.020626658548
9,1,4,0,-0.037811849120
9,1,4,1,-0.028692069549
9,1,4,4,-0.151007774973
9,1,4,5,-0.053467127597
9,1,4,6,-0.042969683958
9,1,4,9, 0.083296851431
9,1,5,0,-0.037626055695
9,1,5,1,-0.051372931456
9,1,5,4,-0.053467127597
9,1,5,5,-0.118481012571
9,1,5,6,-0.074303456607
9,1,5,9, 0.059915424673
9,1,6,0,-0.056237779339
9,1,6,1,-0.073048799077
9,1,6,4,-0.042969683958
9,1,6,5,-0.074303456607
9,1,6,6,-0.085325478696
9,1,6,9, 0.043604176756
9,1,7,2,-0.020626658548
9,1,7,7,-0.109700562688
9,1,8,3,-0.020626658548
9,1,8,8,-0.109700562688
9,1,9,0, 0.054226964250
9,1,9,1, 0.047576979313
9,1,9,4, 0.083296851431
9,1,9,5, 0.059915424673
9,1,9,6, 0.043604176756
9,1,9,9,-0.124365461424
9,2,0,2,-0.027034353913
9,2,0,7,-0.006041535234
9,2,1,2,-0.019216768406
9,2,1,7,-0.009150518800
9,2,2,0,-0.027034353913
9,2,2,1,-0.019216768406
9,2,2,4,-0.012831999851
9,2,2,5,-0.006750595105
9,2,2,6,-0.012388412899
9,2,2,9, 0.010345561945
9,2,4,2,-0.012831999851
9,2,4,7,-0.008983587803
9,2,5,2,-0.006750595105
9,2,5,7,-0.016227805211
9,2,6,2,-0.012388412899
9,2,6,7,-0.012789762870
9,2,7,0,-0.006041535234
9,2,7,1,-0.009150518800
9,2,7,4,-0.008983587803
9,2,7,5,-0.016227805211
9,2,7,6,-0.012789762870
9,2,7,9, 0.010579498455
9,2,9,2, 0.010345561945
9,2,9,7, 0.010579498455
9,3,0,3,-0.027034353913
9,3,0,8,-0.006041535234
9,3,1,3,-0.019216768406
9,3,1,8,-0.009150518800
9,3,3,0,-0.027034353913
9,3,3,1,-0.019216768406
9,3,3,4,-0.012831999851
9,3,3,5,-0.006750595105
9,3,3,6,-0.012388412899
9,3,3,9, 0.010345561945
9,3,4,3,-0.012831999851
9,3,4,8,-0.008983587803
9,3,5,3,-0.006750595105
9,3,5,8,-0.016227805211
9,3,6,3,-0.012388412899
9,3,6,8,-0.012789762870
9,3,8,0,-0.006041535234
9,3,8,1,-0.009150518800
9,3,8,4,-0.008983587803
9,3,8,5,-0.016227805211
9,3,8,6,-0.012789762870
9,3,8,9, 0.010579498455
9,3,9,3, 0.010345561945
9,3,9,8, 0.010579498455
9,4,0,0,-0.265571262298
9,4,0,1,-0.164104009831
9,4,0,4,-0.079316498933
9,4,0,5,-0.072457718598
9,4,0,6,-0.104816346426
9,4,0,9, 0.103707114193
9,4,1,0,-0.164104009831
9,4,1,1,-0.182853135435
9,4,1,4,-0.058360272539
9,4,1,5,-0.104816346426
9,4,1,6,-0.141914430782
9,4,1,9, 0.083296851431
9,4,2,2,-0.239772419677
9,4,2,7,-0.038562059679
9,4,3,3,-0.239772419677
9,4,3,8,-0.038562059679
9,4,4,0,-0.079316498933
9,4,4,1,-0.058360272539
9,4,4,4,-0.285669031436
9,4,4,5,-0.103707114193
9,4,4,6,-0.083296851431
9,4,4,9, 0.161364566359
9,4,5,0,-0.072457718598
9,4,5,1,-0.104816346426
9,4,5,4,-0.103707114193
9,4,5,5,-0.265571262298
9,4,5,6,-0.164104009831
9,4,5,9, 0.079316498933
9,4,6,0,-0.104816346426
9,4,6,1,-0.141914430782
9,4,6,4,-0.083296851431
9,4,6,5,-0.164104009831
9,4,6,6,-0.182853135435
9,4,6,9, 0.058360272539
9,4,7,2,-0.038562059679
9,4,7,7,-0.239772419677
9,4,8,3,-0.038562059679
9,4,8,8,-0.239772419677
9,4,9,0, 0.103707114193
9,4,9,1, 0.083296851431
9,4,9,4, 0.161364566359
9,4,9,5, 0.079316498933
9,4,9,6, 0.058360272539
9,4,9,9,-0.285669031436
9,5,0,0,-0.098920194772
9,5,0,1,-0.059834587132
9,5,0,4,-0.040676149692
9,5,0,5,-0.029772108348
9,5,0,6,-0.039543246346
9,5,0,9, 0.049107051509
9,5,1,0,-0.059834587132
9,5,1,1,-0.054198905194
9,5,1,4,-0.030710159670
9,5,1,5,-0.021432841684
9,5,1,6,-0.030983896157
9,5,1,9, 0.059915424673
9,5,2,2,-0.086212303251
9,5,2,7,-0.016227805211
9,5,3,3,-0.086212303251
9,5,3,8,-0.016227805211
9,5,4,0,-0.040676149692
9,5,4,1,-0.030710159670
9,5,4,4,-0.116572299460
9,5,4,5,-0.047664796427
9,5,4,6,-0.037811849120
9,5,4,9, 0.079316498933
9,5,5,0,-0.029772108348
9,5,5,1,-0.021432841684
9,5,5,4,-0.047664796427
9,5,5,9, 0.152608082603
9,5,6,0,-0.039543246346
9,5,6,1,-0.030983896157
9,5,6,4,-0.037811849120
9,5,6,9, 0.101353944495
9,5,7,2,-0.016227805211
9,5,8,3,-0.016227805211
9,5,9,0, 0.049107051509
9,5,9,1, 0.059915424673
9,5,9,4, 0.079316498933
9,5,9,5, 0.152608082603
9,5,9,6, 0.101353944495
9,6,0,0,-0.087817376350
9,6,0,1,-0.052363700657
9,6,0,4,-0.030710159670
9,6,0,5,-0.022643567089
9,6,0,6,-0.033308430513
9,6,0,9, 0.037458133391
9,6,1,0,-0.052363700657
9,6,1,1,-0.047560129703
9,6,1,4,-0.022509148086
9,6,1,5,-0.016152746145
9,6,1,6,-0.026322628741
9,6,1,9, 0.043604176756
9,6,2,2,-0.078031715136
9,6,2,7,-0.012789762870
9,6,3,3,-0.078031715136
9,6,3,8,-0.012789762870
9,6,4,0,-0.030710159670
9,6,4,1,-0.022509148086
9,6,4,4,-0.096170855933
9,6,4,5,-0.034410548397
9,6,4,6,-0.028692069549
9,6,4,9, 0.058360272539
9,6,5,0,-0.022643567089
9,6,5,1,-0.016152746145
9,6,5,4,-0.034410548397
9,6,5,9, 0.101353944495
9,6,6,0,-0.033308430513
9,6,6,1,-0.026322628741
9,6,6,4,-0.028692069549
9,6,6,9, 0.072461555243
9,6,7,2,-0.012789762870
9,6,8,3,-0.012789762870
9,6,9,0, 0.037458133391
9,6,9,1, 0.043604176756
9,6,9,4, 0.058360272539
9,6,9,5, 0.101353944495
9,6,9,6, 0.072461555243
9,7,0,2,-0.015768001381
9,7,0,7,-0.007612172321
9,7,1,2,-0.012779529856
9,7,1,7,-0.006939921378
9,7,2,0,-0.015768001381
9,7,2,1,-0.012779529856
9,7,2,4,-0.011468712910
9,7,2,5,-0.006958829229
9,7,2,6,-0.009559498173
9,7,2,9, 0.010579498455
9,7,4,2,-0.011468712910
9,7,4,7,-0.012831999851
9,7,5,2,-0.006958829229
9,7,6,2,-0.009559498173
9,7,7,0,-0.007612172321
9,7,7,1,-0.006939921378
9,7,7,4,-0.012831999851
9,7,7,9, 0.048105227081
9,7,9,2, 0.010579498455
9,7,9,7, 0.048105227081
9,8,0,3,-0.015768001381
9,8,0,8,-0.007612172321
9,8,1,3,-0.012779529856
9,8,1,8,-0.006939921378
9,8,3,0,-0.015768001381
9,8,3,1,-0.012779529856
9,8,3,4,-0.011468712910
9,8,3,5,-0.006958829229
9,8,3,6,-0.009559498173
9,8,3,9, 0.010579498455
9,8,4,3,-0.011468712910
9,8,4,8,-0.012831999851
9,8,5,3,-0.006958829229
9,8,6,3,-0.009559498173
9,8,8,0,-0.007612172321
9,8,8,1,-0.006939921378
9,8,8,4,-0.012831999851
9,8,8,9, 0.048105227081
9,8,9,3, 0.010579498455
9,8,9,8, 0.048105227081
9,9,0,0, 0.446191919034
9,9,0,1, 0.291759434292
9,9,0,4, 0.116572299460
9,9,0,5, 0.140075517457
9,9,0,6, 0.190740713916
9,9,0,9,-0.179860295616
9,9,1,0, 0.291759434292
9,9,1,1, 0.367768021439
9,9,1,4, 0.096170855933
9,9,1,5, 0.255200560052
9,9,1,6, 0.317869160127
9,9,1,9,-0.124365461424
9,9,2,2, 0.416867874027
9,9,2,7, 0.073730392424
9,9,3,3, 0.416867874027
9,9,3,8, 0.073730392424
9,9,4,0, 0.116572299460
9,9,4,1, 0.096170855933
9,9,4,4, 0.489011310004
9,9,4,5, 0.199806616188
9,9,4,6, 0.151007774973
9,9,4,9,-0.285669031436
9,9,5,0, 0.140075517457
9,9,5,1, 0.255200560052
9,9,5,4, 0.199806616188
9,9,5,5, 0.775037038942
9,9,5,6, 0.462081934851
9,9,6,0, 0.190740713916
9,9,6,1, 0.317869160127
9,9,6,4, 0.151007774973
9,9,6,5, 0.462081934851
9,9,6,6, 0.491073083906
9,9,7,2, 0.073730392424
9,9,7,7, 0.689508254834
9,9,8,3, 0.073730392424
9,9,8,8, 0.689508254834
9,9,9,0,-0.179860295616
9,9,9,1,-0.124365461424
9,9,9,4,-0.285669031436
9,9,9,9, 0.785718708997
