0,0,0,0, 0.897251802255
0,0,0,1, 0.504699283325
0,0,0,5, 0.026731280737
0,0,0,6, 0.145778348818
0,0,0,9,-0.034287504191
0,0,1,0, 0.504699283325
0,0,1,1, 0.507364877272
0,0,1,5, 0.075738176314
0,0,1,6, 0.202816179010
0,0,1,9,-0.066439649403
0,0,2,2, 0.775037038942
0,0,2,7, 0.006441190467
0,0,3,3, 0.775037038942
0,0,3,8, 0.006441190467
0,0,4,4, 0.775037038942
0,0,4,5, 0.036447629207
0,0,4,6, 0.087965457666
0,0,4,9,-0.053865445276
0,0,5,0, 0.026731280737
0,0,5,1, 0.075738176314
0,0,5,4, 0.036447629207
0,0,5,5, 0.288868756724
0,0,5,6, 0.197422392966
0,0,5,9,-0.052323416222
0,0,6,0, 0.145778348818
0,0,6,1, 0.202816179010
0,0,6,4, 0.087965457666
0,0,6,5, 0.197422392966
0,0,6,6, 0.280830655086
0,0,6,9,-0.048765745800
0,0,7,2, 0.006441190467
0,0,7,7, 0.280685206377
0,0,8,3, 0.006441190467
0,0,8,8, 0.280685206377
0,0,9,0,-0.034287504191
0,0,9,1,-0.066439649403
0,0,9,4,-0.053865445276
0,0,9,5,-0.052323416222
0,0,9,6,-0.048765745800
0,0,9,9, 0.305232662890
0,1,0,0, 0.504699283325
0,1,0,1, 0.300015949963
0,1,0,5, 0.017088568180
0,1,0,6, 0.088058212367
0,1,0,9,-0.022256532404
0,1,1,0, 0.300015949963
0,1,1,1, 0.324022459289
0,1,1,5, 0.050952473950
0,1,1,6, 0.132473826687
0,1,1,9,-0.044383706263
0,1,2,2, 0.462081934851
0,1,2,7, 0.004230300338
0,1,3,3, 0.462081934851
0,1,3,8, 0.004230300338
0,1,4,4, 0.462081934851
0,1,4,5, 0.023438314190
0,1,4,6, 0.055349062524
0,1,4,9,-0.034943382164
0,1,5,0, 0.017088568180
0,1,5,1, 0.050952473950
0,1,5,4, 0.023438314190
0,1,5,5, 0.197422392966
0,1,5,6, 0.134551285467
0,1,5,9,-0.035168016036
0,1,6,0, 0.088058212367
0,1,6,1, 0.132473826687
0,1,6,4, 0.055349062524
0,1,6,5, 0.134551285467
0,1,6,6, 0.189847882306
0,1,6,9,-0.032458112376
0,1,7,2, 0.004230300338
0,1,7,7, 0.192042760130
0,1,8,3, 0.004230300338
0,1,8,8, 0.192042760130
0,1,9,0,-0.022256532404
0,1,9,1,-0.044383706263
0,1,9,4,-0.034943382164
0,1,9,5,-0.035168016036
0,1,9,6,-0.032458112376
0,1,9,9, 0.207855162017
0,2,0,2, 0.152608082603
0,2,0,7, 0.001170858343
0,2,1,2, 0.101353944495
0,2,1,7, 0.003956537857
0,2,2,0, 0.152608082603
0,2,2,1, 0.101353944495
0,2,2,5, 0.002588686528
0,2,2,6, 0.026903042992
0,2,2,9,-0.002430947560
0,2,4,7, 0.001578848923
0,2,5,2, 0.002588686528
0,2,5,7, 0.009532752860
0,2,6,2, 0.026903042992
0,2,6,7, 0.008896330566
0,2,7,0, 0.001170858343
0,2,7,1, 0.003956537857
0,2,7,4, 0.001578848923
0,2,7,5, 0.009532752860
0,2,7,6, 0.008896330566
0,2,7,9,-0.004494517384
0,2,9,2,-0.002430947560
0,2,9,7,-0.004494517384
0,3,0,3, 0.152608082603
0,3,0,8, 0.001170858343
0,3,1,3, 0.101353944495
0,3,1,8, 0.003956537857
0,3,3,0, 0.152608082603
0,3,3,1, 0.101353944495
0,3,3,5, 0.002588686528
0,3,3,6, 0.026903042992
0,3,3,9,-0.002430947560
0,3,4,8, 0.001578848923
0,3,5,3, 0.002588686528
0,3,5,8, 0.009532752860
0,3,6,3, 0.026903042992
0,3,6,8, 0.008896330566
0,3,8,0, 0.001170858343
0,3,8,1, 0.003956537857
0,3,8,4, 0.001578848923
0,3,8,5, 0.009532752860
0,3,8,6, 0.008896330566
0,3,8,9,-0.004494517384
0,3,9,3,-0.002430947560
0,3,9,8,-0.004494517384
0,4,0,4, 0.152608082603
0,4,0,5, 0.006539234520
0,4,0,6, 0.015898198234
0,4,0,9,-0.009330633490
0,4,1,4, 0.101353944495
0,4,1,5, 0.015557939279
0,4,1,6, 0.025543932263
0,4,1,9,-0.016776282765
0,4,2,7, 0.001578848923
0,4,3,8, 0.001578848923
0,4,4,0, 0.152608082603
0,4,4,1, 0.101353944495
0,4,4,5, 0.010287726024
0,4,4,6, 0.034153492792
0,4,4,9,-0.015656635219
0,4,5,0, 0.006539234520
0,4,5,1, 0.015557939279
0,4,5,4, 0.010287726024
0,4,5,5, 0.052323416222
0,4,5,6, 0.035168016036
0,4,5,9,-0.018766834275
0,4,6,0, 0.015898198234
0,4,6,1, 0.025543932263
0,4,6,4, 0.034153492792
0,4,6,5, 0.035168016036
0,4,6,6, 0.043062163702
0,4,6,9,-0.017055363449
0,4,7,2, 0.001578848923
0,4,7,7, 0.047989874212
0,4,8,3, 0.001578848923
0,4,8,8, 0.047989874212
0,4,9,0,-0.009330633490
0,4,9,1,-0.016776282765
0,4,9,4,-0.015656635219
0,4,9,5,-0.018766834275
0,4,9,6,-0.017055363449
0,4,9,9, 0.061033361557
0,5,0,0, 0.026731280737
0,5,0,1, 0.017088568180
0,5,0,4, 0.006539234520
0,5,0,5, 0.001850817621
0,5,0,6, 0.006324504694
0,5,0,9,-0.002640517826
0,5,1,0, 0.017088568180
0,5,1,1, 0.020607448925
0,5,1,4, 0.005281106473
0,5,1,5, 0.006324504694
0,5,1,6, 0.011818350527
0,5,1,9,-0.005818811486
0,5,2,2, 0.024821484753
0,5,2,7, 0.000466012007
0,5,3,3, 0.024821484753
0,5,3,8, 0.000466012007
0,5,4,0, 0.006539234520
0,5,4,1, 0.005281106473
0,5,4,4, 0.028224152012
0,5,4,5, 0.002640517826
0,5,4,6, 0.005818811486
0,5,4,9,-0.004180711009
0,5,5,0, 0.001850817621
0,5,5,1, 0.006324504694
0,5,5,4, 0.002640517826
0,5,5,5, 0.026731280737
0,5,5,6, 0.017088568180
0,5,5,9,-0.006539234520
0,5,6,0, 0.006324504694
0,5,6,1, 0.011818350527
0,5,6,4, 0.005818811486
0,5,6,5, 0.017088568180
0,5,6,6, 0.020607448925
0,5,6,9,-0.005281106473
0,5,7,2, 0.000466012007
0,5,7,7, 0.024821484753
0,5,8,3, 0.000466012007
0,5,8,8, 0.024821484753
0,5,9,0,-0.002640517826
0,5,9,1,-0.005818811486
0,5,9,4,-0.004180711009
0,5,9,5,-0.006539234520
0,5,9,6,-0.005281106473
0,5,9,9, 0.028224152012
0,6,0,0, 0.145778348818
0,6,0,1, 0.088058212367
0,6,0,4, 0.015898198234
0,6,0,5, 0.006324504694
0,6,0,6, 0.028292110558
0,6,0,9,-0.008504013481
0,6,1,0, 0.088058212367
0,6,1,1, 0.097496604492
0,6,1,4, 0.012093511226
0,6,1,5, 0.019364597944
0,6,1,6, 0.045295201710
0,6,1,9,-0.017366151172
0,6,2,2, 0.134230868908
0,6,2,7, 0.001587466374
0,6,3,3, 0.134230868908
0,6,3,8, 0.001587466374
0,6,4,0, 0.015898198234
0,6,4,1, 0.012093511226
0,6,4,4, 0.137395553523
0,6,4,5, 0.008860471817
0,6,4,6, 0.021240691090
0,6,4,9,-0.013447392280
0,6,5,0, 0.006324504694
0,6,5,1, 0.019364597944
0,6,5,4, 0.008860471817
0,6,5,5, 0.075738176314
0,6,5,6, 0.050952473950
0,6,5,9,-0.015557939279
0,6,6,0, 0.028292110558
0,6,6,1, 0.045295201710
0,6,6,4, 0.021240691090
0,6,6,5, 0.050952473950
0,6,6,6, 0.068871446170
0,6,6,9,-0.013885157719
0,6,7,2, 0.001587466374
0,6,7,7, 0.072919402967
0,6,8,3, 0.001587466374
0,6,8,8, 0.072919402967
0,6,9,0,-0.008504013481
0,6,9,1,-0.017366151172
0,6,9,4,-0.013447392280
0,6,9,5,-0.015557939279
0,6,9,6,-0.013885157719
0,6,9,9, 0.080410496654
0,7,0,2, 0.001170858343
0,7,0,7, 0.000147569360
0,7,1,2, 0.001000485635
0,7,1,7, 0.000755753931
0,7,2,0, 0.001170858343
0,7,2,1, 0.001000485635
0,7,2,4, 0.000715055349
0,7,2,5, 0.000117555829
0,7,2,6, 0.000442610999
0,7,2,9,-0.000161140149
0,7,4,2, 0.000715055349
0,7,4,7, 0.000182482128
0,7,5,2, 0.000117555829
0,7,5,7, 0.002588686528
0,7,6,2, 0.000442610999
0,7,6,7, 0.001971808083
0,7,7,0, 0.000147569360
0,7,7,1, 0.000755753931
0,7,7,4, 0.000182482128
0,7,7,5, 0.002588686528
0,7,7,6, 0.001971808083
0,7,7,9,-0.001336554013
0,7,9,2,-0.000161140149
0,7,9,7,-0.001336554013
0,8,0,3, 0.001170858343
0,8,0,8, 0.000147569360
0,8,1,3, 0.001000485635
0,8,1,8, 0.000755753931
0,8,3,0, 0.001170858343
0,8,3,1, 0.001000485635
0,8,3,4, 0.000715055349
0,8,3,5, 0.000117555829
0,8,3,6, 0.000442610999
0,8,3,9,-0.000161140149
0,8,4,3, 0.000715055349
0,8,4,8, 0.000182482128
0,8,5,3, 0.000117555829
0,8,5,8, 0.002588686528
0,8,6,3, 0.000442610999
0,8,6,8, 0.001971808083
0,8,8,0, 0.000147569360
0,8,8,1, 0.000755753931
0,8,8,4, 0.000182482128
0,8,8,5, 0.002588686528
0,8,8,6, 0.001971808083
0,8,8,9,-0.001336554013
0,8,9,3,-0.000161140149
0,8,9,8,-0.001336554013
0,9,0,0,-0.034287504191
0,9,0,1,-0.022256532404
0,9,0,4,-0.009330633490
0,9,0,5,-0.002640517826
0,9,0,6,-0.008504013481
0,9,0,9, 0.003848832466
0,9,1,0,-0.022256532404
0,9,1,1,-0.027251543506
0,9,1,4,-0.007686855804
0,9,1,5,-0.008860471817
0,9,1,6,-0.016113469406
0,9,1,9, 0.008508254278
0,9,2,2,-0.031832936369
0,9,2,7,-0.000662896692
0,9,3,3,-0.031832936369
0,9,3,8,-0.000662896692
0,9,4,0,-0.009330633490
0,9,4,1,-0.007686855804
0,9,4,4,-0.037553149300
0,9,4,5,-0.003818418596
0,9,4,6,-0.008171903025
0,9,4,9, 0.006139193199
0,9,5,0,-0.002640517826
0,9,5,1,-0.008860471817
0,9,5,4,-0.003818418596
0,9,5,5,-0.036447629207
0,9,5,6,-0.023438314190
0,9,5,9, 0.010287726024
0,9,6,0,-0.008504013481
0,9,6,1,-0.016113469406
0,9,6,4,-0.008171903025
0,9,6,5,-0.023438314190
0,9,6,6,-0.028086236530
0,9,6,9, 0.008239288902
0,9,7,2,-0.000662896692
0,9,7,7,-0.033731396355
0,9,8,3,-0.000662896692
0,9,8,8,-0.033731396355
0,9,9,0, 0.003848832466
0,9,9,1, 0.008508254278
0,9,9,4, 0.006139193199
0,9,9,5, 0.010287726024
0,9,9,6, 0.008239288902
0,9,9,9,-0.039904940378
1,0,0,0, 0.504699283325
1,0,0,1, 0.300015949963
1,0,0,5, 0.017088568180
1,0,0,6, 0.088058212367
1,0,0,9,-0.022256532404
1,0,1,0, 0.300015949963
1,0,1,1, 0.324022459289
1,0,1,5, 0.050952473950
1,0,1,6, 0.132473826687
1,0,1,9,-0.044383706263
1,0,2,2, 0.462081934851
1,0,2,7, 0.004230300338
1,0,3,3, 0.462081934851
1,0,3,8, 0.004230300338
1,0,4,4, 0.462081934851
1,0,4,5, 0.023438314190
1,0,4,6, 0.055349062524
1,0,4,9,-0.034943382164
1,0,5,0, 0.017088568180
1,0,5,1, 0.050952473950
1,0,5,4, 0.023438314190
1,0,5,5, 0.197422392966
1,0,5,6, 0.134551285467
1,0,5,9,-0.035168016036
1,0,6,0, 0.088058212367
1,0,6,1, 0.132473826687
1,0,6,4, 0.055349062524
1,0,6,5, 0.134551285467
1,0,6,6, 0.189847882306
1,0,6,9,-0.032458112376
1,0,7,2, 0.004230300338
1,0,7,7, 0.192042760130
1,0,8,3, 0.004230300338
1,0,8,8, 0.192042760130
1,0,9,0,-0.022256532404
1,0,9,1,-0.044383706263
1,0,9,4,-0.034943382164
1,0,9,5,-0.035168016036
1,0,9,6,-0.032458112376
1,0,9,9, 0.207855162017
1,1,0,0, 0.507364877272
1,1,0,1, 0.324022459289
1,1,0,5, 0.020607448925
1,1,0,6, 0.097496604492
1,1,0,9,-0.027251543506
1,1,1,0, 0.324022459289
1,1,1,1, 0.394125899248
1,1,1,5, 0.068871446170
1,1,1,6, 0.169097427550
1,1,1,9,-0.057497327244
1,1,2,2, 0.491073083906
1,1,2,7, 0.005264315751
1,1,3,3, 0.491073083906
1,1,3,8, 0.005264315751
1,1,4,4, 0.491073083906
1,1,4,5, 0.028086236530
1,1,4,6, 0.063926391207
1,1,4,9,-0.042328590637
1,1,5,0, 0.020607448925
1,1,5,1, 0.068871446170
1,1,5,4, 0.028086236530
1,1,5,5, 0.280830655086
1,1,5,6, 0.189847882306
1,1,5,9,-0.043062163702
1,1,6,0, 0.097496604492
1,1,6,1, 0.169097427550
1,1,6,4, 0.063926391207
1,1,6,5, 0.189847882306
1,1,6,6, 0.263748598514
1,1,6,9,-0.038996553988
1,1,7,2, 0.005264315751
1,1,7,7, 0.274825412248
1,1,8,3, 0.005264315751
1,1,8,8, 0.274825412248
1,1,9,0,-0.027251543506
1,1,9,1,-0.057497327244
1,1,9,4,-0.042328590637
1,1,9,5,-0.043062163702
1,1,9,6,-0.038996553988
1,1,9,9, 0.289381322847
1,2,0,2, 0.101353944495
1,2,0,7, 0.001000485635
1,2,1,2, 0.072461555243
1,2,1,7, 0.003608717751
1,2,2,0, 0.101353944495
1,2,2,1, 0.072461555243
1,2,2,5, 0.001971808083
1,2,2,6, 0.019488281307
1,2,2,9,-0.001915464442
1,2,4,7, 0.001333731344
1,2,5,2, 0.001971808083
1,2,5,7, 0.008896330566
1,2,6,2, 0.019488281307
1,2,6,7, 0.008263307518
1,2,7,0, 0.001000485635
1,2,7,1, 0.003608717751
1,2,7,4, 0.001333731344
1,2,7,5, 0.008896330566
1,2,7,6, 0.008263307518
1,2,7,9,-0.004141876760
1,2,9,2,-0.001915464442
1,2,9,7,-0.004141876760
1,3,0,3, 0.101353944495
1,3,0,8, 0.001000485635
1,3,1,3, 0.072461555243
1,3,1,8, 0.003608717751
1,3,3,0, 0.101353944495
1,3,3,1, 0.072461555243
1,3,3,5, 0.001971808083
1,3,3,6, 0.019488281307
1,3,3,9,-0.001915464442
1,3,4,8, 0.001333731344
1,3,5,3, 0.001971808083
1,3,5,8, 0.008896330566
1,3,6,3, 0.019488281307
1,3,6,8, 0.008263307518
1,3,8,0, 0.001000485635
1,3,8,1, 0.003608717751
1,3,8,4, 0.001333731344
1,3,8,5, 0.008896330566
1,3,8,6, 0.008263307518
1,3,8,9,-0.004141876760
1,3,9,3,-0.001915464442
1,3,9,8,-0.004141876760
1,4,0,4, 0.101353944495
1,4,0,5, 0.005281106473
1,4,0,6, 0.012093511226
1,4,0,9,-0.007686855804
1,4,1,4, 0.072461555243
1,4,1,5, 0.013885157719
1,4,1,6, 0.021968014917
1,4,1,9,-0.014745186082
1,4,2,7, 0.001333731344
1,4,3,8, 0.001333731344
1,4,4,0, 0.101353944495
1,4,4,1, 0.072461555243
1,4,4,5, 0.008239288902
1,4,4,6, 0.025244036565
1,4,4,9,-0.012796598607
1,4,5,0, 0.005281106473
1,4,5,1, 0.013885157719
1,4,5,4, 0.008239288902
1,4,5,5, 0.048765745800
1,4,5,6, 0.032458112376
1,4,5,9,-0.017055363449
1,4,6,0, 0.012093511226
1,4,6,1, 0.021968014917
1,4,6,4, 0.025244036565
1,4,6,5, 0.032458112376
1,4,6,6, 0.038996553988
1,4,6,9,-0.015177128418
1,4,7,2, 0.001333731344
1,4,7,7, 0.044907134300
1,4,8,3, 0.001333731344
1,4,8,8, 0.044907134300
1,4,9,0,-0.007686855804
1,4,9,1,-0.014745186082
1,4,9,4,-0.012796598607
1,4,9,5,-0.017055363449
1,4,9,6,-0.015177128418
1,4,9,9, 0.056243711852
1,5,0,0, 0.075738176314
1,5,0,1, 0.050952473950
1,5,0,4, 0.015557939279
1,5,0,5, 0.006324504694
1,5,0,6, 0.019364597944
1,5,0,9,-0.008860471817
1,5,1,0, 0.050952473950
1,5,1,1, 0.068871446170
1,5,1,4, 0.013885157719
1,5,1,5, 0.028292110558
1,5,1,6, 0.045295201710
1,5,1,9,-0.021240691090
1,5,2,2, 0.072919402967
1,5,2,7, 0.001587466374
1,5,3,3, 0.072919402967
1,5,3,8, 0.001587466374
1,5,4,0, 0.015557939279
1,5,4,1, 0.013885157719
1,5,4,4, 0.080410496654
1,5,4,5, 0.008504013481
1,5,4,6, 0.017366151172
1,5,4,9,-0.013447392280
1,5,5,0, 0.006324504694
1,5,5,1, 0.028292110558
1,5,5,4, 0.008504013481
1,5,5,5, 0.145778348818
1,5,5,6, 0.088058212367
1,5,5,9,-0.015898198234
1,5,6,0, 0.019364597944
1,5,6,1, 0.045295201710
1,5,6,4, 0.017366151172
1,5,6,5, 0.088058212367
1,5,6,6, 0.097496604492
1,5,6,9,-0.012093511226
1,5,7,2, 0.001587466374
1,5,7,7, 0.134230868908
1,5,8,3, 0.001587466374
1,5,8,8, 0.134230868908
1,5,9,0,-0.008860471817
1,5,9,1,-0.021240691090
1,5,9,4,-0.013447392280
1,5,9,5,-0.015898198234
1,5,9,6,-0.012093511226
1,5,9,9, 0.137395553523
1,6,0,0, 0.202816179010
1,6,0,1, 0.132473826687
1,6,0,4, 0.025543932263
1,6,0,5, 0.011818350527
1,6,0,6, 0.045295201710
1,6,0,9,-0.016113469406
1,6,1,0, 0.132473826687
1,6,1,1, 0.169097427550
1,6,1,4, 0.021968014917
1,6,1,5, 0.045295201710
1,6,1,6, 0.091481356689
1,6,1,9,-0.036037090901
1,6,2,2, 0.196833890051
1,6,2,7, 0.003048497248
1,6,3,3, 0.196833890051
1,6,3,8, 0.003048497248
1,6,4,0, 0.025543932263
1,6,4,1, 0.021968014917
1,6,4,4, 0.202600540609
1,6,4,5, 0.016113469406
1,6,4,6, 0.036037090901
1,6,4,9,-0.024818464267
1,6,5,0, 0.011818350527
1,6,5,1, 0.045295201710
1,6,5,4, 0.016113469406
1,6,5,5, 0.202816179010
1,6,5,6, 0.132473826687
1,6,5,9,-0.025543932263
1,6,6,0, 0.045295201710
1,6,6,1, 0.091481356689
1,6,6,4, 0.036037090901
1,6,6,5, 0.132473826687
1,6,6,6, 0.169097427550
1,6,6,9,-0.021968014917
1,6,7,2, 0.003048497248
1,6,7,7, 0.196833890051
1,6,8,3, 0.003048497248
1,6,8,8, 0.196833890051
1,6,9,0,-0.016113469406
1,6,9,1,-0.036037090901
1,6,9,4,-0.024818464267
1,6,9,5,-0.025543932263
1,6,9,6,-0.021968014917
1,6,9,9, 0.202600540609
1,7,0,2, 0.003956537857
1,7,0,7, 0.000755753931
1,7,1,2, 0.003608717751
1,7,1,7, 0.005940177959
1,7,2,0, 0.003956537857
1,7,2,1, 0.003608717751
1,7,2,4, 0.002050049864
1,7,2,5, 0.000442610999
1,7,2,6, 0.001599334545
1,7,2,9,-0.000598553342
1,7,4,2, 0.002050049864
1,7,4,7, 0.000797536818
1,7,5,2, 0.000442610999
1,7,5,7, 0.026903042992
1,7,6,2, 0.001599334545
1,7,6,7, 0.019488281307
1,7,7,0, 0.000755753931
1,7,7,1, 0.005940177959
1,7,7,4, 0.000797536818
1,7,7,5, 0.026903042992
1,7,7,6, 0.019488281307
1,7,7,9,-0.004992330016
1,7,9,2,-0.000598553342
1,7,9,7,-0.004992330016
1,8,0,3, 0.003956537857
1,8,0,8, 0.000755753931
1,8,1,3, 0.003608717751
1,8,1,8, 0.005940177959
1,8,3,0, 0.003956537857
1,8,3,1, 0.003608717751
1,8,3,4, 0.002050049864
1,8,3,5, 0.000442610999
1,8,3,6, 0.001599334545
1,8,3,9,-0.000598553342
1,8,4,3, 0.002050049864
1,8,4,8, 0.000797536818
1,8,5,3, 0.000442610999
1,8,5,8, 0.026903042992
1,8,6,3, 0.001599334545
1,8,6,8, 0.019488281307
1,8,8,0, 0.000755753931
1,8,8,1, 0.005940177959
1,8,8,4, 0.000797536818
1,8,8,5, 0.026903042992
1,8,8,6, 0.019488281307
1,8,8,9,-0.004992330016
1,8,9,3,-0.000598553342
1,8,9,8,-0.004992330016
1,9,0,0,-0.066439649403
1,9,0,1,-0.044383706263
1,9,0,4,-0.016776282765
1,9,0,5,-0.005818811486
1,9,0,6,-0.017366151172
1,9,0,9, 0.008508254278
1,9,1,0,-0.044383706263
1,9,1,1,-0.057497327244
1,9,1,4,-0.014745186082
1,9,1,5,-0.021240691090
1,9,1,6,-0.036037090901
1,9,1,9, 0.020900635323
1,9,2,2,-0.062934175572
1,9,2,7,-0.001470894635
1,9,3,3,-0.062934175572
1,9,3,8,-0.001470894635
1,9,4,0,-0.016776282765
1,9,4,1,-0.014745186082
1,9,4,4,-0.072733350809
1,9,4,5,-0.008171903025
1,9,4,6,-0.016570087646
1,9,4,9, 0.013202258783
1,9,5,0,-0.005818811486
1,9,5,1,-0.021240691090
1,9,5,4,-0.008171903025
1,9,5,5,-0.087965457666
1,9,5,6,-0.055349062524
1,9,5,9, 0.034153492792
1,9,6,0,-0.017366151172
1,9,6,1,-0.036037090901
1,9,6,4,-0.016570087646
1,9,6,5,-0.055349062524
1,9,6,6,-0.063926391207
1,9,6,9, 0.025244036565
1,9,7,2,-0.001470894635
1,9,7,7,-0.081532832490
1,9,8,3,-0.001470894635
1,9,8,8,-0.081532832490
1,9,9,0, 0.008508254278
1,9,9,1, 0.020900635323
1,9,9,4, 0.013202258783
1,9,9,5, 0.034153492792
1,9,9,6, 0.025244036565
1,9,9,9,-0.092676054472
2,0,0,2, 0.152608082603
2,0,0,7, 0.001170858343
2,0,1,2, 0.101353944495
2,0,1,7, 0.003956537857
2,0,2,0, 0.152608082603
2,0,2,1, 0.101353944495
2,0,2,5, 0.002588686528
2,0,2,6, 0.026903042992
2,0,2,9,-0.002430947560
2,0,4,7, 0.001578848923
2,0,5,2, 0.002588686528
2,0,5,7, 0.009532752860
2,0,6,2, 0.026903042992
2,0,6,7, 0.008896330566
2,0,7,0, 0.001170858343
2,0,7,1, 0.003956537857
2,0,7,4, 0.001578848923
2,0,7,5, 0.009532752860
2,0,7,6, 0.008896330566
2,0,7,9,-0.004494517384
2,0,9,2,-0.002430947560
2,0,9,7,-0.004494517384
2,1,0,2, 0.101353944495
2,1,0,7, 0.001000485635
2,1,1,2, 0.072461555243
2,1,1,7, 0.003608717751
2,1,2,0, 0.101353944495
2,1,2,1, 0.072461555243
2,1,2,5, 0.001971808083
2,1,2,6, 0.019488281307
2,1,2,9,-0.001915464442
2,1,4,7, 0.001333731344
2,1,5,2, 0.001971808083
2,1,5,7, 0.008896330566
2,1,6,2, 0.019488281307
2,1,6,7, 0.008263307518
2,1,7,0, 0.001000485635
2,1,7,1, 0.003608717751
2,1,7,4, 0.001333731344
2,1,7,5, 0.008896330566
2,1,7,6, 0.008263307518
2,1,7,9,-0.004141876760
2,1,9,2,-0.001915464442
2,1,9,7,-0.004141876760
2,2,0,0, 0.775037038942
2,2,0,1, 0.462081934851
2,2,0,5, 0.024821484753
2,2,0,6, 0.134230868908
2,2,0,9,-0.031832936369
2,2,1,0, 0.462081934851
2,2,1,1, 0.491073083906
2,2,1,5, 0.072919402967
2,2,1,6, 0.196833890051
2,2,1,9,-0.062934175572
2,2,2,2, 0.785718708997
2,2,2,7, 0.006290316664
2,2,3,3, 0.689508254834
2,2,3,8, 0.005995319013
2,2,4,4, 0.689508254834
2,2,4,5, 0.033731396355
2,2,4,6, 0.081532832490
2,2,4,9,-0.049767786927
2,2,5,0, 0.024821484753
2,2,5,1, 0.072919402967
2,2,5,4, 0.033731396355
2,2,5,5, 0.280685206377
2,2,5,6, 0.192042760130
2,2,5,9,-0.047989874212
2,2,6,0, 0.134230868908
2,2,6,1, 0.196833890051
2,2,6,4, 0.081532832490
2,2,6,5, 0.192042760130
2,2,6,6, 0.274825412248
2,2,6,9,-0.044907134300
2,2,7,2, 0.006290316664
2,2,7,7, 0.274552586369
2,2,8,3, 0.005995319013
2,2,8,8, 0.273127198744
2,2,9,0,-0.031832936369
2,2,9,1,-0.062934175572
2,2,9,4,-0.049767786927
2,2,9,5,-0.047989874212
2,2,9,6,-0.044907134300
2,2,9,9, 0.294414967681
2,3,2,3, 0.048105227081
2,3,2,8, 0.000147498825
2,3,3,2, 0.048105227081
2,3,3,7, 0.000147498825
2,3,7,3, 0.000147498825
2,3,7,8, 0.000712693812
2,3,8,2, 0.000147498825
2,3,8,7, 0.000712693812
2,4,0,7, 0.000715055349
2,4,1,7, 0.002050049864
2,4,2,4, 0.048105227081
2,4,2,5, 0.001336554013
2,4,2,6, 0.004992330016
2,4,2,9,-0.001521927460
2,4,4,2, 0.048105227081
2,4,4,7, 0.001045541290
2,4,5,2, 0.001336554013
2,4,5,7, 0.004494517384
2,4,6,2, 0.004992330016
2,4,6,7, 0.004141876760
2,4,7,0, 0.000715055349
2,4,7,1, 0.002050049864
2,4,7,4, 0.001045541290
2,4,7,5, 0.004494517384
2,4,7,6, 0.004141876760
2,4,7,9,-0.002810841140
2,4,9,2,-0.001521927460
2,4,9,7,-0.002810841140
2,5,0,2, 0.002588686528
2,5,0,7, 0.000117555829
2,5,1,2, 0.001971808083
2,5,1,7, 0.000442610999
2,5,2,0, 0.002588686528
2,5,2,1, 0.001971808083
2,5,2,4, 0.001336554013
2,5,2,5, 0.000147569360
2,5,2,6, 0.000755753931
2,5,2,9,-0.000182482128
2,5,4,2, 0.001336554013
2,5,4,7, 0.000161140149
2,5,5,2, 0.000147569360
2,5,5,7, 0.001170858343
2,5,6,2, 0.000755753931
2,5,6,7, 0.001000485635
2,5,7,0, 0.000117555829
2,5,7,1, 0.000442610999
2,5,7,4, 0.000161140149
2,5,7,5, 0.001170858343
2,5,7,6, 0.001000485635
2,5,7,9,-0.000715055349
2,5,9,2,-0.000182482128
2,5,9,7,-0.000715055349
2,6,0,2, 0.026903042992
2,6,0,7, 0.000442610999
2,6,1,2, 0.019488281307
2,6,1,7, 0.001599334545
2,6,2,0, 0.026903042992
2,6,2,1, 0.019488281307
2,6,2,4, 0.004992330016
2,6,2,5, 0.000755753931
2,6,2,6, 0.005940177959
2,6,2,9,-0.000797536818
2,6,4,2, 0.004992330016
2,6,4,7, 0.000598553342
2,6,5,2, 0.000755753931
2,6,5,7, 0.003956537857
2,6,6,2, 0.005940177959
2,6,6,7, 0.003608717751
2,6,7,0, 0.000442610999
2,6,7,1, 0.001599334545
2,6,7,4, 0.000598553342
2,6,7,5, 0.003956537857
2,6,7,6, 0.003608717751
2,6,7,9,-0.002050049864
2,6,9,2,-0.000797536818
2,6,9,7,-0.002050049864
2,7,0,0, 0.006441190467
2,7,0,1, 0.004230300338
2,7,0,4, 0.001578848923
2,7,0,5, 0.000466012007
2,7,0,6, 0.001587466374
2,7,0,9,-0.000662896692
2,7,1,0, 0.004230300338
2,7,1,1, 0.005264315751
2,7,1,4, 0.001333731344
2,7,1,5, 0.001587466374
2,7,1,6, 0.003048497248
2,7,1,9,-0.001470894635
2,7,2,2, 0.006290316664
2,7,2,7, 0.000130451424
2,7,3,3, 0.005995319013
2,7,3,8, 0.000114477781
2,7,4,0, 0.001578848923
2,7,4,1, 0.001333731344
2,7,4,4, 0.006893361478
2,7,4,5, 0.000662896692
2,7,4,6, 0.001470894635
2,7,4,9,-0.001044057752
2,7,5,0, 0.000466012007
2,7,5,1, 0.001587466374
2,7,5,4, 0.000662896692
2,7,5,5, 0.006441190467
2,7,5,6, 0.004230300338
2,7,5,9,-0.001578848923
2,7,6,0, 0.001587466374
2,7,6,1, 0.003048497248
2,7,6,4, 0.001470894635
2,7,6,5, 0.004230300338
2,7,6,6, 0.005264315751
2,7,6,9,-0.001333731344
2,7,7,2, 0.000130451424
2,7,7,7, 0.006290316664
2,7,8,3, 0.000114477781
2,7,8,8, 0.005995319013
2,7,9,0,-0.000662896692
2,7,9,1,-0.001470894635
2,7,9,4,-0.001044057752
2,7,9,5,-0.001578848923
2,7,9,6,-0.001333731344
2,7,9,9, 0.006893361478
2,8,2,3, 0.000147498825
2,8,2,8, 0.000007986822
2,8,3,2, 0.000147498825
2,8,3,7, 0.000007986822
2,8,7,3, 0.000007986822
2,8,7,8, 0.000147498825
2,8,8,2, 0.000007986822
2,8,8,7, 0.000147498825
2,9,0,2,-0.002430947560
2,9,0,7,-0.000161140149
2,9,1,2,-0.001915464442
2,9,1,7,-0.000598553342
2,9,2,0,-0.002430947560
2,9,2,1,-0.001915464442
2,9,2,4,-0.001521927460
2,9,2,5,-0.000182482128
2,9,2,6,-0.000797536818
2,9,2,9, 0.000239693928
2,9,4,2,-0.001521927460
2,9,4,7,-0.000223720285
2,9,5,2,-0.000182482128
2,9,5,7,-0.001578848923
2,9,6,2,-0.000797536818
2,9,6,7,-0.001333731344
2,9,7,0,-0.000161140149
2,9,7,1,-0.000598553342
2,9,7,4,-0.000223720285
2,9,7,5,-0.001578848923
2,9,7,6,-0.001333731344
2,9,7,9, 0.001045541290
2,9,9,2, 0.000239693928
2,9,9,7, 0.001045541290
3,0,0,3, 0.152608082603
3,0,0,8, 0.001170858343
3,0,1,3, 0.101353944495
3,0,1,8, 0.003956537857
3,0,3,0, 0.152608082603
3,0,3,1, 0.101353944495
3,0,3,5, 0.002588686528
3,0,3,6, 0.026903042992
3,0,3,9,-0.002430947560
3,0,4,8, 0.001578848923
3,0,5,3, 0.002588686528
3,0,5,8, 0.009532752860
3,0,6,3, 0.026903042992
3,0,6,8, 0.008896330566
3,0,8,0, 0.001170858343
3,0,8,1, 0.003956537857
3,0,8,4, 0.001578848923
3,0,8,5, 0.009532752860
3,0,8,6, 0.008896330566
3,0,8,9,-0.004494517384
3,0,9,3,-0.002430947560
3,0,9,8,-0.004494517384
3,1,0,3, 0.101353944495
3,1,0,8, 0.001000485635
3,1,1,3, 0.072461555243
3,1,1,8, 0.003608717751
3,1,3,0, 0.101353944495
3,1,3,1, 0.072461555243
3,1,3,5, 0.001971808083
3,1,3,6, 0.019488281307
3,1,3,9,-0.001915464442
3,1,4,8, 0.001333731344
3,1,5,3, 0.001971808083
3,1,5,8, 0.008896330566
3,1,6,3, 0.019488281307
3,1,6,8, 0.008263307518
3,1,8,0, 0.001000485635
3,1,8,1, 0.003608717751
3,1,8,4, 0.001333731344
3,1,8,5, 0.008896330566
3,1,8,6, 0.008263307518
3,1,8,9,-0.004141876760
3,1,9,3,-0.001915464442
3,1,9,8,-0.004141876760
3,2,2,3, 0.048105227081
3,2,2,8, 0.000147498825
3,2,3,2, 0.048105227081
3,2,3,7, 0.000147498825
3,2,7,3, 0.000147498825
3,2,7,8, 0.000712693812
3,2,8,2, 0.000147498825
3,2,8,7, 0.000712693812
3,3,0,0, 0.775037038942
3,3,0,1, 0.462081934851
3,3,0,5, 0.024821484753
3,3,0,6, 0.134230868908
3,3,0,9,-0.031832936369
3,3,1,0, 0.462081934851
3,3,1,1, 0.491073083906
3,3,1,5, 0.072919402967
3,3,1,6, 0.196833890051
3,3,1,9,-0.062934175572
3,3,2,2, 0.689508254834
3,3,2,7, 0.005995319013
3,3,3,3, 0.785718708997
3,3,3,8, 0.006290316664
3,3,4,4, 0.689508254834
3,3,4,5, 0.033731396355
3,3,4,6, 0.081532832490
3,3,4,9,-0.049767786927
3,3,5,0, 0.024821484753
3,3,5,1, 0.072919402967
3,3,5,4, 0.033731396355
3,3,5,5, 0.280685206377
3,3,5,6, 0.192042760130
3,3,5,9,-0.047989874212
3,3,6,0, 0.134230868908
3,3,6,1, 0.196833890051
3,3,6,4, 0.081532832490
3,3,6,5, 0.192042760130
3,3,6,6, 0.274825412248
3,3,6,9,-0.044907134300
3,3,7,2, 0.005995319013
3,3,7,7, 0.273127198744
3,3,8,3, 0.006290316664
3,3,8,8, 0.274552586369
3,3,9,0,-0.031832936369
3,3,9,1,-0.062934175572
3,3,9,4,-0.049767786927
3,3,9,5,-0.047989874212
3,3,9,6,-0.044907134300
3,3,9,9, 0.294414967681
3,4,0,8, 0.000715055349
3,4,1,8, 0.002050049864
3,4,3,4, 0.048105227081
3,4,3,5, 0.001336554013
3,4,3,6, 0.004992330016
3,4,3,9,-0.001521927460
3,4,4,3, 0.048105227081
3,4,4,8, 0.001045541290
3,4,5,3, 0.001336554013
3,4,5,8, 0.004494517384
3,4,6,3, 0.004992330016
3,4,6,8, 0.004141876760
3,4,8,0, 0.000715055349
3,4,8,1, 0.002050049864
3,4,8,4, 0.001045541290
3,4,8,5, 0.004494517384
3,4,8,6, 0.004141876760
3,4,8,9,-0.002810841140
3,4,9,3,-0.001521927460
3,4,9,8,-0.002810841140
3,5,0,3, 0.002588686528
3,5,0,8, 0.000117555829
3,5,1,3, 0.001971808083
3,5,1,8, 0.000442610999
3,5,3,0, 0.002588686528
3,5,3,1, 0.001971808083
3,5,3,4, 0.001336554013
3,5,3,5, 0.000147569360
3,5,3,6, 0.000755753931
3,5,3,9,-0.000182482128
3,5,4,3, 0.001336554013
3,5,4,8, 0.000161140149
3,5,5,3, 0.000147569360
3,5,5,8, 0.001170858343
3,5,6,3, 0.000755753931
3,5,6,8, 0.001000485635
3,5,8,0, 0.000117555829
3,5,8,1, 0.000442610999
3,5,8,4, 0.000161140149
3,5,8,5, 0.001170858343
3,5,8,6, 0.001000485635
3,5,8,9,-0.000715055349
3,5,9,3,-0.000182482128
3,5,9,8,-0.000715055349
3,6,0,3, 0.026903042992
3,6,0,8, 0.000442610999
3,6,1,3, 0.019488281307
3,6,1,8, 0.001599334545
3,6,3,0, 0.026903042992
3,6,3,1, 0.019488281307
3,6,3,4, 0.004992330016
3,6,3,5, 0.000755753931
3,6,3,6, 0.005940177959
3,6,3,9,-0.000797536818
3,6,4,3, 0.004992330016
3,6,4,8, 0.000598553342
3,6,5,3, 0.000755753931
3,6,5,8, 0.003956537857
3,6,6,3, 0.005940177959
3,6,6,8, 0.003608717751
3,6,8,0, 0.000442610999
3,6,8,1, 0.001599334545
3,6,8,4, 0.000598553342
3,6,8,5, 0.003956537857
3,6,8,6, 0.003608717751
3,6,8,9,-0.002050049864
3,6,9,3,-0.000797536818
3,6,9,8,-0.002050049864
3,7,2,3, 0.000147498825
3,7,2,8, 0.000007986822
3,7,3,2, 0.000147498825
3,7,3,7, 0.000007986822
3,7,7,3, 0.000007986822
3,7,7,8, 0.000147498825
3,7,8,2, 0.000007986822
3,7,8,7, 0.000147498825
3,8,0,0, 0.006441190467
3,8,0,1, 0.004230300338
3,8,0,4, 0.001578848923
3,8,0,5, 0.000466012007
3,8,0,6, 0.001587466374
3,8,0,9,-0.000662896692
3,8,1,0, 0.004230300338
3,8,1,1, 0.005264315751
3,8,1,4, 0.001333731344
3,8,1,5, 0.001587466374
3,8,1,6, 0.003048497248
3,8,1,9,-0.001470894635
3,8,2,2, 0.005995319013
3,8,2,7, 0.000114477781
3,8,3,3, 0.006290316664
3,8,3,8, 0.000130451424
3,8,4,0, 0.001578848923
3,8,4,1, 0.001333731344
3,8,4,4, 0.006893361478
3,8,4,5, 0.000662896692
3,8,4,6, 0.001470894635
3,8,4,9,-0.001044057752
3,8,5,0, 0.000466012007
3,8,5,1, 0.001587466374
3,8,5,4, 0.000662896692
3,8,5,5, 0.006441190467
3,8,5,6, 0.004230300338
3,8,5,9,-0.001578848923
3,8,6,0, 0.001587466374
3,8,6,1, 0.003048497248
3,8,6,4, 0.001470894635
3,8,6,5, 0.004230300338
3,8,6,6, 0.005264315751
3,8,6,9,-0.001333731344
3,8,7,2, 0.000114477781
3,8,7,7, 0.005995319013
3,8,8,3, 0.000130451424
3,8,8,8, 0.006290316664
3,8,9,0,-0.000662896692
3,8,9,1,-0.001470894635
3,8,9,4,-0.001044057752
3,8,9,5,-0.001578848923
3,8,9,6,-0.001333731344
3,8,9,9, 0.006893361478
3,9,0,3,-0.002430947560
3,9,0,8,-0.000161140149
3,9,1,3,-0.001915464442
3,9,1,8,-0.000598553342
3,9,3,0,-0.002430947560
3,9,3,1,-0.001915464442
3,9,3,4,-0.001521927460
3,9,3,5,-0.000182482128
3,9,3,6,-0.000797536818
3,9,3,9, 0.000239693928
3,9,4,3,-0.001521927460
3,9,4,8,-0.000223720285
3,9,5,3,-0.000182482128
3,9,5,8,-0.001578848923
3,9,6,3,-0.000797536818
3,9,6,8,-0.001333731344
3,9,8,0,-0.000161140149
3,9,8,1,-0.000598553342
3,9,8,4,-0.000223720285
3,9,8,5,-0.001578848923
3,9,8,6,-0.001333731344
3,9,8,9, 0.001045541290
3,9,9,3, 0.000239693928
3,9,9,8, 0.001045541290
4,0,0,4, 0.152608082603
4,0,0,5, 0.006539234520
4,0,0,6, 0.015898198234
4,0,0,9,-0.009330633490
4,0,1,4, 0.101353944495
4,0,1,5, 0.015557939279
4,0,1,6, 0.025543932263
4,0,1,9,-0.016776282765
4,0,2,7, 0.001578848923
4,0,3,8, 0.001578848923
4,0,4,0, 0.152608082603
4,0,4,1, 0.101353944495
4,0,4,5, 0.010287726024
4,0,4,6, 0.034153492792
4,0,4,9,-0.015656635219
4,0,5,0, 0.006539234520
4,0,5,1, 0.015557939279
4,0,5,4, 0.010287726024
4,0,5,5, 0.052323416222
4,0,5,6, 0.035168016036
4,0,5,9,-0.018766834275
4,0,6,0, 0.015898198234
4,0,6,1, 0.025543932263
4,0,6,4, 0.034153492792
4,0,6,5, 0.035168016036
4,0,6,6, 0.043062163702
4,0,6,9,-0.017055363449
4,0,7,2, 0.001578848923
4,0,7,7, 0.047989874212
4,0,8,3, 0.001578848923
4,0,8,8, 0.047989874212
4,0,9,0,-0.009330633490
4,0,9,1,-0.016776282765
4,0,9,4,-0.015656635219
4,0,9,5,-0.018766834275
4,0,9,6,-0.017055363449
4,0,9,9, 0.061033361557
4,1,0,4, 0.101353944495
4,1,0,5, 0.005281106473
4,1,0,6, 0.012093511226
4,1,0,9,-0.007686855804
4,1,1,4, 0.072461555243
4,1,1,5, 0.013885157719
4,1,1,6, 0.021968014917
4,1,1,9,-0.014745186082
4,1,2,7, 0.001333731344
4,1,3,8, 0.001333731344
4,1,4,0, 0.101353944495
4,1,4,1, 0.072461555243
4,1,4,5, 0.008239288902
4,1,4,6, 0.025244036565
4,1,4,9,-0.012796598607
4,1,5,0, 0.005281106473
4,1,5,1, 0.013885157719
4,1,5,4, 0.008239288902
4,1,5,5, 0.048765745800
4,1,5,6, 0.032458112376
4,1,5,9,-0.017055363449
4,1,6,0, 0.012093511226
4,1,6,1, 0.021968014917
4,1,6,4, 0.025244036565
4,1,6,5, 0.032458112376
4,1,6,6, 0.038996553988
4,1,6,9,-0.015177128418
4,1,7,2, 0.001333731344
4,1,7,7, 0.044907134300
4,1,8,3, 0.001333731344
4,1,8,8, 0.044907134300
4,1,9,0,-0.007686855804
4,1,9,1,-0.014745186082
4,1,9,4,-0.012796598607
4,1,9,5,-0.017055363449
4,1,9,6,-0.015177128418
4,1,9,9, 0.056243711852
4,2,0,7, 0.000715055349
4,2,1,7, 0.002050049864
4,2,2,4, 0.048105227081
4,2,2,5, 0.001336554013
4,2,2,6, 0.004992330016
4,2,2,9,-0.001521927460
4,2,4,2, 0.048105227081
4,2,4,7, 0.001045541290
4,2,5,2, 0.001336554013
4,2,5,7, 0.004494517384
4,2,6,2, 0.004992330016
4,2,6,7, 0.004141876760
4,2,7,0, 0.000715055349
4,2,7,1, 0.002050049864
4,2,7,4, 0.001045541290
4,2,7,5, 0.004494517384
4,2,7,6, 0.004141876760
4,2,7,9,-0.002810841140
4,2,9,2,-0.001521927460
4,2,9,7,-0.002810841140
4,3,0,8, 0.000715055349
4,3,1,8, 0.002050049864
4,3,3,4, 0.048105227081
4,3,3,5, 0.001336554013
4,3,3,6, 0.004992330016
4,3,3,9,-0.001521927460
4,3,4,3, 0.048105227081
4,3,4,8, 0.001045541290
4,3,5,3, 0.001336554013
4,3,5,8, 0.004494517384
4,3,6,3, 0.004992330016
4,3,6,8, 0.004141876760
4,3,8,0, 0.000715055349
4,3,8,1, 0.002050049864
4,3,8,4, 0.001045541290
4,3,8,5, 0.004494517384
4,3,8,6, 0.004141876760
4,3,8,9,-0.002810841140
4,3,9,3,-0.001521927460
4,3,9,8,-0.002810841140
4,4,0,0, 0.775037038942
4,4,0,1, 0.462081934851
4,4,0,5, 0.028224152012
4,4,0,6, 0.137395553523
4,4,0,9,-0.037553149300
4,4,1,0, 0.462081934851
4,4,1,1, 0.491073083906
4,4,1,5, 0.080410496654
4,4,1,6, 0.202600540609
4,4,1,9,-0.072733350809
4,4,2,2, 0.689508254834
4,4,2,7, 0.006893361478
4,4,3,3, 0.689508254834
4,4,3,8, 0.006893361478
4,4,4,4, 0.785718708997
4,4,4,5, 0.039904940378
4,4,4,6, 0.092676054472
4,4,4,9,-0.060121394234
4,4,5,0, 0.028224152012
4,4,5,1, 0.080410496654
4,4,5,4, 0.039904940378
4,4,5,5, 0.305232662890
4,4,5,6, 0.207855162017
4,4,5,9,-0.061033361557
4,4,6,0, 0.137395553523
4,4,6,1, 0.202600540609
4,4,6,4, 0.092676054472
4,4,6,5, 0.207855162017
4,4,6,6, 0.289381322847
4,4,6,9,-0.056243711852
4,4,7,2, 0.006893361478
4,4,7,7, 0.294414967681
4,4,8,3, 0.006893361478
4,4,8,8, 0.294414967681
4,4,9,0,-0.037553149300
4,4,9,1,-0.072733350809
4,4,9,4,-0.060121394234
4,4,9,5,-0.061033361557
4,4,9,6,-0.056243711852
4,4,9,9, 0.327003607781
4,5,0,0, 0.036447629207
4,5,0,1, 0.023438314190
4,5,0,4, 0.010287726024
4,5,0,5, 0.002640517826
4,5,0,6, 0.008860471817
4,5,0,9,-0.003818418596
4,5,1,0, 0.023438314190
4,5,1,1, 0.028086236530
4,5,1,4, 0.008239288902
4,5,1,5, 0.008504013481
4,5,1,6, 0.016113469406
4,5,1,9,-0.008171903025
4,5,2,2, 0.033731396355
4,5,2,7, 0.000662896692
4,5,3,3, 0.033731396355
4,5,3,8, 0.000662896692
4,5,4,0, 0.010287726024
4,5,4,1, 0.008239288902
4,5,4,4, 0.039904940378
4,5,4,5, 0.003848832466
4,5,4,6, 0.008508254278
4,5,4,9,-0.006139193199
4,5,5,0, 0.002640517826
4,5,5,1, 0.008504013481
4,5,5,4, 0.003848832466
4,5,5,5, 0.034287504191
4,5,5,6, 0.022256532404
4,5,5,9,-0.009330633490
4,5,6,0, 0.008860471817
4,5,6,1, 0.016113469406
4,5,6,4, 0.008508254278
4,5,6,5, 0.022256532404
4,5,6,6, 0.027251543506
4,5,6,9,-0.007686855804
4,5,7,2, 0.000662896692
4,5,7,7, 0.031832936369
4,5,8,3, 0.000662896692
4,5,8,8, 0.031832936369
4,5,9,0,-0.003818418596
4,5,9,1,-0.008171903025
4,5,9,4,-0.006139193199
4,5,9,5,-0.009330633490
4,5,9,6,-0.007686855804
4,5,9,9, 0.037553149300
4,6,0,0, 0.087965457666
4,6,0,1, 0.055349062524
4,6,0,4, 0.034153492792
4,6,0,5, 0.005818811486
4,6,0,6, 0.021240691090
4,6,0,9,-0.008171903025
4,6,1,0, 0.055349062524
4,6,1,1, 0.063926391207
4,6,1,4, 0.025244036565
4,6,1,5, 0.017366151172
4,6,1,6, 0.036037090901
4,6,1,9,-0.016570087646
4,6,2,2, 0.081532832490
4,6,2,7, 0.001470894635
4,6,3,3, 0.081532832490
4,6,3,8, 0.001470894635
4,6,4,0, 0.034153492792
4,6,4,1, 0.025244036565
4,6,4,4, 0.092676054472
4,6,4,5, 0.008508254278
4,6,4,6, 0.020900635323
4,6,4,9,-0.013202258783
4,6,5,0, 0.005818811486
4,6,5,1, 0.017366151172
4,6,5,4, 0.008508254278
4,6,5,5, 0.066439649403
4,6,5,6, 0.044383706263
4,6,5,9,-0.016776282765
4,6,6,0, 0.021240691090
4,6,6,1, 0.036037090901
4,6,6,4, 0.020900635323
4,6,6,5, 0.044383706263
4,6,6,6, 0.057497327244
4,6,6,9,-0.014745186082
4,6,7,2, 0.001470894635
4,6,7,7, 0.062934175572
4,6,8,3, 0.001470894635
4,6,8,8, 0.062934175572
4,6,9,0,-0.008171903025
4,6,9,1,-0.016570087646
4,6,9,4,-0.013202258783
4,6,9,5,-0.016776282765
4,6,9,6,-0.014745186082
4,6,9,9, 0.072733350809
4,7,0,2, 0.001578848923
4,7,0,7, 0.000182482128
4,7,1,2, 0.001333731344
4,7,1,7, 0.000797536818
4,7,2,0, 0.001578848923
4,7,2,1, 0.001333731344
4,7,2,4, 0.001045541290
4,7,2,5, 0.000161140149
4,7,2,6, 0.000598553342
4,7,2,9,-0.000223720285
4,7,4,2, 0.001045541290
4,7,4,7, 0.000239693928
4,7,5,2, 0.000161140149
4,7,5,7, 0.002430947560
4,7,6,2, 0.000598553342
4,7,6,7, 0.001915464442
4,7,7,0, 0.000182482128
4,7,7,1, 0.000797536818
4,7,7,4, 0.000239693928
4,7,7,5, 0.002430947560
4,7,7,6, 0.001915464442
4,7,7,9,-0.001521927460
4,7,9,2,-0.000223720285
4,7,9,7,-0.001521927460
4,8,0,3, 0.001578848923
4,8,0,8, 0.000182482128
4,8,1,3, 0.001333731344
4,8,1,8, 0.000797536818
4,8,3,0, 0.001578848923
4,8,3,1, 0.001333731344
4,8,3,4, 0.001045541290
4,8,3,5, 0.000161140149
4,8,3,6, 0.000598553342
4,8,3,9,-0.000223720285
4,8,4,3, 0.001045541290
4,8,4,8, 0.000239693928
4,8,5,3, 0.000161140149
4,8,5,8, 0.002430947560
4,8,6,3, 0.000598553342
4,8,6,8, 0.001915464442
4,8,8,0, 0.000182482128
4,8,8,1, 0.000797536818
4,8,8,4, 0.000239693928
4,8,8,5, 0.002430947560
4,8,8,6, 0.001915464442
4,8,8,9,-0.001521927460
4,8,9,3,-0.000223720285
4,8,9,8,-0.001521927460
4,9,0,0,-0.053865445276
4,9,0,1,-0.034943382164
4,9,0,4,-0.015656635219
4,9,0,5,-0.004180711009
4,9,0,6,-0.013447392280
4,9,0,9, 0.006139193199
4,9,1,0,-0.034943382164
4,9,1,1,-0.042328590637
4,9,1,4,-0.012796598607
4,9,1,5,-0.013447392280
4,9,1,6,-0.024818464267
4,9,1,9, 0.013202258783
4,9,2,2,-0.049767786927
4,9,2,7,-0.001044057752
4,9,3,3,-0.049767786927
4,9,3,8,-0.001044057752
4,9,4,0,-0.015656635219
4,9,4,1,-0.012796598607
4,9,4,4,-0.060121394234
4,9,4,5,-0.006139193199
4,9,4,6,-0.013202258783
4,9,4,9, 0.009913153083
4,9,5,0,-0.004180711009
4,9,5,1,-0.013447392280
4,9,5,4,-0.006139193199
4,9,5,5,-0.053865445276
4,9,5,6,-0.034943382164
4,9,5,9, 0.015656635219
4,9,6,0,-0.013447392280
4,9,6,1,-0.024818464267
4,9,6,4,-0.013202258783
4,9,6,5,-0.034943382164
4,9,6,6,-0.042328590637
4,9,6,9, 0.012796598607
4,9,7,2,-0.001044057752
4,9,7,7,-0.049767786927
4,9,8,3,-0.001044057752
4,9,8,8,-0.049767786927
4,9,9,0, 0.006139193199
4,9,9,1, 0.013202258783
4,9,9,4, 0.009913153083
4,9,9,5, 0.015656635219
4,9,9,6, 0.012796598607
4,9,9,9,-0.060121394234
5,0,0,0, 0.026731280737
5,0,0,1, 0.017088568180
5,0,0,4, 0.006539234520
5,0,0,5, 0.001850817621
5,0,0,6, 0.006324504694
5,0,0,9,-0.002640517826
5,0,1,0, 0.017088568180
5,0,1,1, 0.020607448925
5,0,1,4, 0.005281106473
5,0,1,5, 0.006324504694
5,0,1,6, 0.011818350527
5,0,1,9,-0.005818811486
5,0,2,2, 0.024821484753
5,0,2,7, 0.000466012007
5,0,3,3, 0.024821484753
5,0,3,8, 0.000466012007
5,0,4,0, 0.006539234520
5,0,4,1, 0.005281106473
5,0,4,4, 0.028224152012
5,0,4,5, 0.002640517826
5,0,4,6, 0.005818811486
5,0,4,9,-0.004180711009
5,0,5,0, 0.001850817621
5,0,5,1, 0.006324504694
5,0,5,4, 0.002640517826
5,0,5,5, 0.026731280737
5,0,5,6, 0.017088568180
5,0,5,9,-0.006539234520
5,0,6,0, 0.006324504694
5,0,6,1, 0.011818350527
5,0,6,4, 0.005818811486
5,0,6,5, 0.017088568180
5,0,6,6, 0.020607448925
5,0,6,9,-0.005281106473
5,0,7,2, 0.000466012007
5,0,7,7, 0.024821484753
5,0,8,3, 0.000466012007
5,0,8,8, 0.024821484753
5,0,9,0,-0.002640517826
5,0,9,1,-0.005818811486
5,0,9,4,-0.004180711009
5,0,9,5,-0.006539234520
5,0,9,6,-0.005281106473
5,0,9,9, 0.028224152012
5,1,0,0, 0.075738176314
5,1,0,1, 0.050952473950
5,1,0,4, 0.015557939279
5,1,0,5, 0.006324504694
5,1,0,6, 0.019364597944
5,1,0,9,-0.008860471817
5,1,1,0, 0.050952473950
5,1,1,1, 0.068871446170
5,1,1,4, 0.013885157719
5,1,1,5, 0.028292110558
5,1,1,6, 0.045295201710
5,1,1,9,-0.021240691090
5,1,2,2, 0.072919402967
5,1,2,7, 0.001587466374
5,1,3,3, 0.072919402967
5,1,3,8, 0.001587466374
5,1,4,0, 0.015557939279
5,1,4,1, 0.013885157719
5,1,4,4, 0.080410496654
5,1,4,5, 0.008504013481
5,1,4,6, 0.017366151172
5,1,4,9,-0.013447392280
5,1,5,0, 0.006324504694
5,1,5,1, 0.028292110558
5,1,5,4, 0.008504013481
5,1,5,5, 0.145778348818
5,1,5,6, 0.088058212367
5,1,5,9,-0.015898198234
5,1,6,0, 0.019364597944
5,1,6,1, 0.045295201710
5,1,6,4, 0.017366151172
5,1,6,5, 0.088058212367
5,1,6,6, 0.097496604492
5,1,6,9,-0.012093511226
5,1,7,2, 0.001587466374
5,1,7,7, 0.134230868908
5,1,8,3, 0.001587466374
5,1,8,8, 0.134230868908
5,1,9,0,-0.008860471817
5,1,9,1,-0.021240691090
5,1,9,4,-0.013447392280
5,1,9,5,-0.015898198234
5,1,9,6,-0.012093511226
5,1,9,9, 0.137395553523
5,2,0,2, 0.002588686528
5,2,0,7, 0.000117555829
5,2,1,2, 0.001971808083
5,2,1,7, 0.000442610999
5,2,2,0, 0.002588686528
5,2,2,1, 0.001971808083
5,2,2,4, 0.001336554013
5,2,2,5, 0.000147569360
5,2,2,6, 0.000755753931
5,2,2,9,-0.000182482128
5,2,4,2, 0.001336554013
5,2,4,7, 0.000161140149
5,2,5,2, 0.000147569360
5,2,5,7, 0.001170858343
5,2,6,2, 0.000755753931
5,2,6,7, 0.001000485635
5,2,7,0, 0.000117555829
5,2,7,1, 0.000442610999
5,2,7,4, 0.000161140149
5,2,7,5, 0.001170858343
5,2,7,6, 0.001000485635
5,2,7,9,-0.000715055349
5,2,9,2,-0.000182482128
5,2,9,7,-0.000715055349
5,3,0,3, 0.002588686528
5,3,0,8, 0.000117555829
5,3,1,3, 0.001971808083
5,3,1,8, 0.000442610999
5,3,3,0, 0.002588686528
5,3,3,1, 0.001971808083
5,3,3,4, 0.001336554013
5,3,3,5, 0.000147569360
5,3,3,6, 0.000755753931
5,3,3,9,-0.000182482128
5,3,4,3, 0.001336554013
5,3,4,8, 0.000161140149
5,3,5,3, 0.000147569360
5,3,5,8, 0.001170858343
5,3,6,3, 0.000755753931
5,3,6,8, 0.001000485635
5,3,8,0, 0.000117555829
5,3,8,1, 0.000442610999
5,3,8,4, 0.000161140149
5,3,8,5, 0.001170858343
5,3,8,6, 0.001000485635
5,3,8,9,-0.000715055349
5,3,9,3,-0.000182482128
5,3,9,8,-0.000715055349
5,4,0,0, 0.036447629207
5,4,0,1, 0.023438314190
5,4,0,4, 0.010287726024
5,4,0,5, 0.002640517826
5,4,0,6, 0.008860471817
5,4,0,9,-0.003818418596
5,4,1,0, 0.023438314190
5,4,1,1, 0.028086236530
5,4,1,4, 0.008239288902
5,4,1,5, 0.008504013481
5,4,1,6, 0.016113469406
5,4,1,9,-0.008171903025
5,4,2,2, 0.033731396355
5,4,2,7, 0.000662896692
5,4,3,3, 0.033731396355
5,4,3,8, 0.000662896692
5,4,4,0, 0.010287726024
5,4,4,1, 0.008239288902
5,4,4,4, 0.039904940378
5,4,4,5, 0.003848832466
5,4,4,6, 0.008508254278
5,4,4,9,-0.006139193199
5,4,5,0, 0.002640517826
5,4,5,1, 0.008504013481
5,4,5,4, 0.003848832466
5,4,5,5, 0.034287504191
5,4,5,6, 0.022256532404
5,4,5,9,-0.009330633490
5,4,6,0, 0.008860471817
5,4,6,1, 0.016113469406
5,4,6,4, 0.008508254278
5,4,6,5, 0.022256532404
5,4,6,6, 0.027251543506
5,4,6,9,-0.007686855804
5,4,7,2, 0.000662896692
5,4,7,7, 0.031832936369
5,4,8,3, 0.000662896692
5,4,8,8, 0.031832936369
5,4,9,0,-0.003818418596
5,4,9,1,-0.008171903025
5,4,9,4,-0.006139193199
5,4,9,5,-0.009330633490
5,4,9,6,-0.007686855804
5,4,9,9, 0.037553149300
5,5,0,0, 0.288868756724
5,5,0,1, 0.197422392966
5,5,0,4, 0.052323416222
5,5,0,5, 0.026731280737
5,5,0,6, 0.075738176314
5,5,0,9,-0.036447629207
5,5,1,0, 0.197422392966
5,5,1,1, 0.280830655086
5,5,1,4, 0.048765745800
5,5,1,5, 0.145778348818
5,5,1,6, 0.202816179010
5,5,1,9,-0.087965457666
5,5,2,2, 0.280685206377
5,5,2,7, 0.006441190467
5,5,3,3, 0.280685206377
5,5,3,8, 0.006441190467
5,5,4,0, 0.052323416222
5,5,4,1, 0.048765745800
5,5,4,4, 0.305232662890
5,5,4,5, 0.034287504191
5,5,4,6, 0.066439649403
5,5,4,9,-0.053865445276
5,5,5,0, 0.026731280737
5,5,5,1, 0.145778348818
5,5,5,4, 0.034287504191
5,5,5,5, 0.897251802255
5,5,5,6, 0.504699283325
5,5,6,0, 0.075738176314
5,5,6,1, 0.202816179010
5,5,6,4, 0.066439649403
5,5,6,5, 0.504699283325
5,5,6,6, 0.507364877272
5,5,7,2, 0.006441190467
5,5,7,7, 0.775037038942
5,5,8,3, 0.006441190467
5,5,8,8, 0.775037038942
5,5,9,0,-0.036447629207
5,5,9,1,-0.087965457666
5,5,9,4,-0.053865445276
5,5,9,9, 0.775037038942
5,6,0,0, 0.197422392966
5,6,0,1, 0.134551285467
5,6,0,4, 0.035168016036
5,6,0,5, 0.017088568180
5,6,0,6, 0.050952473950
5,6,0,9,-0.023438314190
5,6,1,0, 0.134551285467
5,6,1,1, 0.189847882306
5,6,1,4, 0.032458112376
5,6,1,5, 0.088058212367
5,6,1,6, 0.132473826687
5,6,1,9,-0.055349062524
5,6,2,2, 0.192042760130
5,6,2,7, 0.004230300338
5,6,3,3, 0.192042760130
5,6,3,8, 0.004230300338
5,6,4,0, 0.035168016036
5,6,4,1, 0.032458112376
5,6,4,4, 0.207855162017
5,6,4,5, 0.022256532404
5,6,4,6, 0.044383706263
5,6,4,9,-0.034943382164
5,6,5,0, 0.017088568180
5,6,5,1, 0.088058212367
5,6,5,4, 0.022256532404
5,6,5,5, 0.504699283325
5,6,5,6, 0.300015949963
5,6,6,0, 0.050952473950
5,6,6,1, 0.132473826687
5,6,6,4, 0.044383706263
5,6,6,5, 0.300015949963
5,6,6,6, 0.324022459289
5,6,7,2, 0.004230300338
5,6,7,7, 0.462081934851
5,6,8,3, 0.004230300338
5,6,8,8, 0.462081934851
5,6,9,0,-0.023438314190
5,6,9,1,-0.055349062524
5,6,9,4,-0.034943382164
5,6,9,9, 0.462081934851
5,7,0,2, 0.009532752860
5,7,0,7, 0.002588686528
5,7,1,2, 0.008896330566
5,7,1,7, 0.026903042992
5,7,2,0, 0.009532752860
5,7,2,1, 0.008896330566
5,7,2,4, 0.004494517384
5,7,2,5, 0.001170858343
5,7,2,6, 0.003956537857
5,7,2,9,-0.001578848923
5,7,4,2, 0.004494517384
5,7,4,7, 0.002430947560
5,7,5,2, 0.001170858343
5,7,5,7, 0.152608082603
5,7,6,2, 0.003956537857
5,7,6,7, 0.101353944495
5,7,7,0, 0.002588686528
5,7,7,1, 0.026903042992
5,7,7,4, 0.002430947560
5,7,7,5, 0.152608082603
5,7,7,6, 0.101353944495
5,7,9,2,-0.001578848923
5,8,0,3, 0.009532752860
5,8,0,8, 0.002588686528
5,8,1,3, 0.008896330566
5,8,1,8, 0.026903042992
5,8,3,0, 0.009532752860
5,8,3,1, 0.008896330566
5,8,3,4, 0.004494517384
5,8,3,5, 0.001170858343
5,8,3,6, 0.003956537857
5,8,3,9,-0.001578848923
5,8,4,3, 0.004494517384
5,8,4,8, 0.002430947560
5,8,5,3, 0.001170858343
5,8,5,8, 0.152608082603
5,8,6,3, 0.003956537857
5,8,6,8, 0.101353944495
5,8,8,0, 0.002588686528
5,8,8,1, 0.026903042992
5,8,8,4, 0.002430947560
5,8,8,5, 0.152608082603
5,8,8,6, 0.101353944495
5,8,9,3,-0.001578848923
5,9,0,0,-0.052323416222
5,9,0,1,-0.035168016036
5,9,0,4,-0.018766834275
5,9,0,5,-0.006539234520
5,9,0,6,-0.015557939279
5,9,0,9, 0.010287726024
5,9,1,0,-0.035168016036
5,9,1,1,-0.043062163702
5,9,1,4,-0.017055363449
5,9,1,5,-0.015898198234
5,9,1,6,-0.025543932263
5,9,1,9, 0.034153492792
5,9,2,2,-0.047989874212
5,9,2,7,-0.001578848923
5,9,3,3,-0.047989874212
5,9,3,8,-0.001578848923
5,9,4,0,-0.018766834275
5,9,4,1,-0.017055363449
5,9,4,4,-0.061033361557
5,9,4,5,-0.009330633490
5,9,4,6,-0.016776282765
5,9,4,9, 0.015656635219
5,9,5,0,-0.006539234520
5,9,5,1,-0.015898198234
5,9,5,4,-0.009330633490
5,9,5,9, 0.152608082603
5,9,6,0,-0.015557939279
5,9,6,1,-0.025543932263
5,9,6,4,-0.016776282765
5,9,6,9, 0.101353944495
5,9,7,2,-0.001578848923
5,9,8,3,-0.001578848923
5,9,9,0, 0.010287726024
5,9,9,1, 0.034153492792
5,9,9,4, 0.015656635219
5,9,9,5, 0.152608082603
5,9,9,6, 0.101353944495
6,0,0,0, 0.145778348818
6,0,0,1, 0.088058212367
6,0,0,4, 0.015898198234
6,0,0,5, 0.006324504694
6,0,0,6, 0.028292110558
6,0,0,9,-0.008504013481
6,0,1,0, 0.088058212367
6,0,1,1, 0.097496604492
6,0,1,4, 0.012093511226
6,0,1,5, 0.019364597944
6,0,1,6, 0.045295201710
6,0,1,9,-0.017366151172
6,0,2,2, 0.134230868908
6,0,2,7, 0.001587466374
6,0,3,3, 0.134230868908
6,0,3,8, 0.001587466374
6,0,4,0, 0.015898198234
6,0,4,1, 0.012093511226
6,0,4,4, 0.137395553523
6,0,4,5, 0.008860471817
6,0,4,6, 0.021240691090
6,0,4,9,-0.013447392280
6,0,5,0, 0.006324504694
6,0,5,1, 0.019364597944
6,0,5,4, 0.008860471817
6,0,5,5, 0.075738176314
6,0,5,6, 0.050952473950
6,0,5,9,-0.015557939279
6,0,6,0, 0.028292110558
6,0,6,1, 0.045295201710
6,0,6,4, 0.021240691090
6,0,6,5, 0.050952473950
6,0,6,6, 0.068871446170
6,0,6,9,-0.013885157719
6,0,7,2, 0.001587466374
6,0,7,7, 0.072919402967
6,0,8,3, 0.001587466374
6,0,8,8, 0.072919402967
6,0,9,0,-0.008504013481
6,0,9,1,-0.017366151172
6,0,9,4,-0.013447392280
6,0,9,5,-0.015557939279
6,0,9,6,-0.013885157719
6,0,9,9, 0.080410496654
6,1,0,0, 0.202816179010
6,1,0,1, 0.132473826687
6,1,0,4, 0.025543932263
6,1,0,5, 0.011818350527
6,1,0,6, 0.045295201710
6,1,0,9,-0.016113469406
6,1,1,0, 0.132473826687
6,1,1,1, 0.169097427550
6,1,1,4, 0.021968014917
6,1,1,5, 0.045295201710
6,1,1,6, 0.091481356689
6,1,1,9,-0.036037090901
6,1,2,2, 0.196833890051
6,1,2,7, 0.003048497248
6,1,3,3, 0.196833890051
6,1,3,8, 0.003048497248
6,1,4,0, 0.025543932263
6,1,4,1, 0.021968014917
6,1,4,4, 0.202600540609
6,1,4,5, 0.016113469406
6,1,4,6, 0.036037090901
6,1,4,9,-0.024818464267
6,1,5,0, 0.011818350527
6,1,5,1, 0.045295201710
6,1,5,4, 0.016113469406
6,1,5,5, 0.202816179010
6,1,5,6, 0.132473826687
6,1,5,9,-0.025543932263
6,1,6,0, 0.045295201710
6,1,6,1, 0.091481356689
6,1,6,4, 0.036037090901
6,1,6,5, 0.132473826687
6,1,6,6, 0.169097427550
6,1,6,9,-0.021968014917
6,1,7,2, 0.003048497248
6,1,7,7, 0.196833890051
6,1,8,3, 0.003048497248
6,1,8,8, 0.196833890051
6,1,9,0,-0.016113469406
6,1,9,1,-0.036037090901
6,1,9,4,-0.024818464267
6,1,9,5,-0.025543932263
6,1,9,6,-0.021968014917
6,1,9,9, 0.202600540609
6,2,0,2, 0.026903042992
6,2,0,7, 0.000442610999
6,2,1,2, 0.019488281307
6,2,1,7, 0.001599334545
6,2,2,0, 0.026903042992
6,2,2,1, 0.019488281307
6,2,2,4, 0.004992330016
6,2,2,5, 0.000755753931
6,2,2,6, 0.005940177959
6,2,2,9,-0.000797536818
6,2,4,2, 0.004992330016
6,2,4,7, 0.000598553342
6,2,5,2, 0.000755753931
6,2,5,7, 0.003956537857
6,2,6,2, 0.005940177959
6,2,6,7, 0.003608717751
6,2,7,0, 0.000442610999
6,2,7,1, 0.001599334545
6,2,7,4, 0.000598553342
6,2,7,5, 0.003956537857
6,2,7,6, 0.003608717751
6,2,7,9,-0.002050049864
6,2,9,2,-0.000797536818
6,2,9,7,-0.002050049864
6,3,0,3, 0.026903042992
6,3,0,8, 0.000442610999
6,3,1,3, 0.019488281307
6,3,1,8, 0.001599334545
6,3,3,0, 0.026903042992
6,3,3,1, 0.019488281307
6,3,3,4, 0.004992330016
6,3,3,5, 0.000755753931
6,3,3,6, 0.005940177959
6,3,3,9,-0.000797536818
6,3,4,3, 0.004992330016
6,3,4,8, 0.000598553342
6,3,5,3, 0.000755753931
6,3,5,8, 0.003956537857
6,3,6,3, 0.005940177959
6,3,6,8, 0.003608717751
6,3,8,0, 0.000442610999
6,3,8,1, 0.001599334545
6,3,8,4, 0.000598553342
6,3,8,5, 0.003956537857
6,3,8,6, 0.003608717751
6,3,8,9,-0.002050049864
6,3,9,3,-0.000797536818
6,3,9,8,-0.002050049864
6,4,0,0, 0.087965457666
6,4,0,1, 0.055349062524
6,4,0,4, 0.034153492792
6,4,0,5, 0.005818811486
6,4,0,6, 0.021240691090
6,4,0,9,-0.008171903025
6,4,1,0, 0.055349062524
6,4,1,1, 0.063926391207
6,4,1,4, 0.025244036565
6,4,1,5, 0.017366151172
6,4,1,6, 0.036037090901
6,4,1,9,-0.016570087646
6,4,2,2, 0.081532832490
6,4,2,7, 0.001470894635
6,4,3,3, 0.081532832490
6,4,3,8, 0.001470894635
6,4,4,0, 0.034153492792
6,4,4,1, 0.025244036565
6,4,4,4, 0.092676054472
6,4,4,5, 0.008508254278
6,4,4,6, 0.020900635323
6,4,4,9,-0.013202258783
6,4,5,0, 0.005818811486
6,4,5,1, 0.017366151172
6,4,5,4, 0.008508254278
6,4,5,5, 0.066439649403
6,4,5,6, 0.044383706263
6,4,5,9,-0.016776282765
6,4,6,0, 0.021240691090
6,4,6,1, 0.036037090901
6,4,6,4, 0.020900635323
6,4,6,5, 0.044383706263
6,4,6,6, 0.057497327244
6,4,6,9,-0.014745186082
6,4,7,2, 0.001470894635
6,4,7,7, 0.062934175572
6,4,8,3, 0.001470894635
6,4,8,8, 0.062934175572
6,4,9,0,-0.008171903025
6,4,9,1,-0.016570087646
6,4,9,4,-0.013202258783
6,4,9,5,-0.016776282765
6,4,9,6,-0.014745186082
6,4,9,9, 0.072733350809
6,5,0,0, 0.197422392966
6,5,0,1, 0.134551285467
6,5,0,4, 0.035168016036
6,5,0,5, 0.017088568180
6,5,0,6, 0.050952473950
6,5,0,9,-0.023438314190
6,5,1,0, 0.134551285467
6,5,1,1, 0.189847882306
6,5,1,4, 0.032458112376
6,5,1,5, 0.088058212367
6,5,1,6, 0.132473826687
6,5,1,9,-0.055349062524
6,5,2,2, 0.192042760130
6,5,2,7, 0.004230300338
6,5,3,3, 0.192042760130
6,5,3,8, 0.004230300338
6,5,4,0, 0.035168016036
6,5,4,1, 0.032458112376
6,5,4,4, 0.207855162017
6,5,4,5, 0.022256532404
6,5,4,6, 0.044383706263
6,5,4,9,-0.034943382164
6,5,5,0, 0.017088568180
6,5,5,1, 0.088058212367
6,5,5,4, 0.022256532404
6,5,5,5, 0.504699283325
6,5,5,6, 0.300015949963
6,5,6,0, 0.050952473950
6,5,6,1, 0.132473826687
6,5,6,4, 0.044383706263
6,5,6,5, 0.300015949963
6,5,6,6, 0.324022459289
6,5,7,2, 0.004230300338
6,5,7,7, 0.462081934851
6,5,8,3, 0.004230300338
6,5,8,8, 0.462081934851
6,5,9,0,-0.023438314190
6,5,9,1,-0.055349062524
6,5,9,4,-0.034943382164
6,5,9,9, 0.462081934851
6,6,0,0, 0.280830655086
6,6,0,1, 0.189847882306
6,6,0,4, 0.043062163702
6,6,0,5, 0.020607448925
6,6,0,6, 0.068871446170
6,6,0,9,-0.028086236530
6,6,1,0, 0.189847882306
6,6,1,1, 0.263748598514
6,6,1,4, 0.038996553988
6,6,1,5, 0.097496604492
6,6,1,6, 0.169097427550
6,6,1,9,-0.063926391207
6,6,2,2, 0.274825412248
6,6,2,7, 0.005264315751
6,6,3,3, 0.274825412248
6,6,3,8, 0.005264315751
6,6,4,0, 0.043062163702
6,6,4,1, 0.038996553988
6,6,4,4, 0.289381322847
6,6,4,5, 0.027251543506
6,6,4,6, 0.057497327244
6,6,4,9,-0.042328590637
6,6,5,0, 0.020607448925
6,6,5,1, 0.097496604492
6,6,5,4, 0.027251543506
6,6,5,5, 0.507364877272
6,6,5,6, 0.324022459289
6,6,6,0, 0.068871446170
6,6,6,1, 0.169097427550
6,6,6,4, 0.057497327244
6,6,6,5, 0.324022459289
6,6,6,6, 0.394125899248
6,6,7,2, 0.005264315751
6,6,7,7, 0.491073083906
6,6,8,3, 0.005264315751
6,6,8,8, 0.491073083906
6,6,9,0,-0.028086236530
6,6,9,1,-0.063926391207
6,6,9,4,-0.042328590637
6,6,9,9, 0.491073083906
6,7,0,2, 0.008896330566
6,7,0,7, 0.001971808083
6,7,1,2, 0.008263307518
6,7,1,7, 0.019488281307
6,7,2,0, 0.008896330566
6,7,2,1, 0.008263307518
6,7,2,4, 0.004141876760
6,7,2,5, 0.001000485635
6,7,2,6, 0.003608717751
6,7,2,9,-0.001333731344
6,7,4,2, 0.004141876760
6,7,4,7, 0.001915464442
6,7,5,2, 0.001000485635
6,7,5,7, 0.101353944495
6,7,6,2, 0.003608717751
6,7,6,7, 0.072461555243
6,7,7,0, 0.001971808083
6,7,7,1, 0.019488281307
6,7,7,4, 0.001915464442
6,7,7,5, 0.101353944495
6,7,7,6, 0.072461555243
6,7,9,2,-0.001333731344
6,8,0,3, 0.008896330566
6,8,0,8, 0.001971808083
6,8,1,3, 0.008263307518
6,8,1,8, 0.019488281307
6,8,3,0, 0.008896330566
6,8,3,1, 0.008263307518
6,8,3,4, 0.004141876760
6,8,3,5, 0.001000485635
6,8,3,6, 0.003608717751
6,8,3,9,-0.001333731344
6,8,4,3, 0.004141876760
6,8,4,8, 0.001915464442
6,8,5,3, 0.001000485635
6,8,5,8, 0.101353944495
6,8,6,3, 0.003608717751
6,8,6,8, 0.072461555243
6,8,8,0, 0.001971808083
6,8,8,1, 0.019488281307
6,8,8,4, 0.001915464442
6,8,8,5, 0.101353944495
6,8,8,6, 0.072461555243
6,8,9,3,-0.001333731344
6,9,0,0,-0.048765745800
6,9,0,1,-0.032458112376
6,9,0,4,-0.017055363449
6,9,0,5,-0.005281106473
6,9,0,6,-0.013885157719
6,9,0,9, 0.008239288902
6,9,1,0,-0.032458112376
6,9,1,1,-0.038996553988
6,9,1,4,-0.015177128418
6,9,1,5,-0.012093511226
6,9,1,6,-0.021968014917
6,9,1,9, 0.025244036565
6,9,2,2,-0.044907134300
6,9,2,7,-0.001333731344
6,9,3,3,-0.044907134300
6,9,3,8,-0.001333731344
6,9,4,0,-0.017055363449
6,9,4,1,-0.015177128418
6,9,4,4,-0.056243711852
6,9,4,5,-0.007686855804
6,9,4,6,-0.014745186082
6,9,4,9, 0.012796598607
6,9,5,0,-0.005281106473
6,9,5,1,-0.012093511226
6,9,5,4,-0.007686855804
6,9,5,9, 0.101353944495
6,9,6,0,-0.013885157719
6,9,6,1,-0.021968014917
6,9,6,4,-0.014745186082
6,9,6,9, 0.072461555243
6,9,7,2,-0.001333731344
6,9,8,3,-0.001333731344
6,9,9,0, 0.008239288902
6,9,9,1, 0.025244036565
6,9,9,4, 0.012796598607
6,9,9,5, 0.101353944495
6,9,9,6, 0.072461555243
7,0,0,2, 0.001170858343
7,0,0,7, 0.000147569360
7,0,1,2, 0.001000485635
7,0,1,7, 0.000755753931
7,0,2,0, 0.001170858343
7,0,2,1, 0.001000485635
7,0,2,4, 0.000715055349
7,0,2,5, 0.000117555829
7,0,2,6, 0.000442610999
7,0,2,9,-0.000161140149
7,0,4,2, 0.000715055349
7,0,4,7, 0.000182482128
7,0,5,2, 0.000117555829
7,0,5,7, 0.002588686528
7,0,6,2, 0.000442610999
7,0,6,7, 0.001971808083
7,0,7,0, 0.000147569360
7,0,7,1, 0.000755753931
7,0,7,4, 0.000182482128
7,0,7,5, 0.002588686528
7,0,7,6, 0.001971808083
7,0,7,9,-0.001336554013
7,0,9,2,-0.000161140149
7,0,9,7,-0.001336554013
7,1,0,2, 0.003956537857
7,1,0,7, 0.000755753931
7,1,1,2, 0.003608717751
7,1,1,7, 0.005940177959
7,1,2,0, 0.003956537857
7,1,2,1, 0.003608717751
7,1,2,4, 0.002050049864
7,1,2,5, 0.000442610999
7,1,2,6, 0.001599334545
7,1,2,9,-0.000598553342
7,1,4,2, 0.002050049864
7,1,4,7, 0.000797536818
7,1,5,2, 0.000442610999
7,1,5,7, 0.026903042992
7,1,6,2, 0.001599334545
7,1,6,7, 0.019488281307
7,1,7,0, 0.000755753931
7,1,7,1, 0.005940177959
7,1,7,4, 0.000797536818
7,1,7,5, 0.026903042992
7,1,7,6, 0.019488281307
7,1,7,9,-0.004992330016
7,1,9,2,-0.000598553342
7,1,9,7,-0.004992330016
7,2,0,0, 0.006441190467
7,2,0,1, 0.004230300338
7,2,0,4, 0.001578848923
7,2,0,5, 0.000466012007
7,2,0,6, 0.001587466374
7,2,0,9,-0.000662896692
7,2,1,0, 0.004230300338
7,2,1,1, 0.005264315751
7,2,1,4, 0.001333731344
7,2,1,5, 0.001587466374
7,2,1,6, 0.003048497248
7,2,1,9,-0.001470894635
7,2,2,2, 0.006290316664
7,2,2,7, 0.000130451424
7,2,3,3, 0.005995319013
7,2,3,8, 0.000114477781
7,2,4,0, 0.001578848923
7,2,4,1, 0.001333731344
7,2,4,4, 0.006893361478
7,2,4,5, 0.000662896692
7,2,4,6, 0.001470894635
7,2,4,9,-0.001044057752
7,2,5,0, 0.000466012007
7,2,5,1, 0.001587466374
7,2,5,4, 0.000662896692
7,2,5,5, 0.006441190467
7,2,5,6, 0.004230300338
7,2,5,9,-0.001578848923
7,2,6,0, 0.001587466374
7,2,6,1, 0.003048497248
7,2,6,4, 0.001470894635
7,2,6,5, 0.004230300338
7,2,6,6, 0.005264315751
7,2,6,9,-0.001333731344
7,2,7,2, 0.000130451424
7,2,7,7, 0.006290316664
7,2,8,3, 0.000114477781
7,2,8,8, 0.005995319013
7,2,9,0,-0.000662896692
7,2,9,1,-0.001470894635
7,2,9,4,-0.001044057752
7,2,9,5,-0.001578848923
7,2,9,6,-0.001333731344
7,2,9,9, 0.006893361478
7,3,2,3, 0.000147498825
7,3,2,8, 0.000007986822
7,3,3,2, 0.000147498825
7,3,3,7, 0.000007986822
7,3,7,3, 0.000007986822
7,3,7,8, 0.000147498825
7,3,8,2, 0.000007986822
7,3,8,7, 0.000147498825
7,4,0,2, 0.001578848923
7,4,0,7, 0.000182482128
7,4,1,2, 0.001333731344
7,4,1,7, 0.000797536818
7,4,2,0, 0.001578848923
7,4,2,1, 0.001333731344
7,4,2,4, 0.001045541290
7,4,2,5, 0.000161140149
7,4,2,6, 0.000598553342
7,4,2,9,-0.000223720285
7,4,4,2, 0.001045541290
7,4,4,7, 0.000239693928
7,4,5,2, 0.000161140149
7,4,5,7, 0.002430947560
7,4,6,2, 0.000598553342
7,4,6,7, 0.001915464442
7,4,7,0, 0.000182482128
7,4,7,1, 0.000797536818
7,4,7,4, 0.000239693928
7,4,7,5, 0.002430947560
7,4,7,6, 0.001915464442
7,4,7,9,-0.001521927460
7,4,9,2,-0.000223720285
7,4,9,7,-0.001521927460
7,5,0,2, 0.009532752860
7,5,0,7, 0.002588686528
7,5,1,2, 0.008896330566
7,5,1,7, 0.026903042992
7,5,2,0, 0.009532752860
7,5,2,1, 0.008896330566
7,5,2,4, 0.004494517384
7,5,2,5, 0.001170858343
7,5,2,6, 0.003956537857
7,5,2,9,-0.001578848923
7,5,4,2, 0.004494517384
7,5,4,7, 0.002430947560
7,5,5,2, 0.001170858343
7,5,5,7, 0.152608082603
7,5,6,2, 0.003956537857
7,5,6,7, 0.101353944495
7,5,7,0, 0.002588686528
7,5,7,1, 0.026903042992
7,5,7,4, 0.002430947560
7,5,7,5, 0.152608082603
7,5,7,6, 0.101353944495
7,5,9,2,-0.001578848923
7,6,0,2, 0.008896330566
7,6,0,7, 0.001971808083
7,6,1,2, 0.008263307518
7,6,1,7, 0.019488281307
7,6,2,0, 0.008896330566
7,6,2,1, 0.008263307518
7,6,2,4, 0.004141876760
7,6,2,5, 0.001000485635
7,6,2,6, 0.003608717751
7,6,2,9,-0.001333731344
7,6,4,2, 0.004141876760
7,6,4,7, 0.001915464442
7,6,5,2, 0.001000485635
7,6,5,7, 0.101353944495
7,6,6,2, 0.003608717751
7,6,6,7, 0.072461555243
7,6,7,0, 0.001971808083
7,6,7,1, 0.019488281307
7,6,7,4, 0.001915464442
7,6,7,5, 0.101353944495
7,6,7,6, 0.072461555243
7,6,9,2,-0.001333731344
7,7,0,0, 0.280685206377
7,7,0,1, 0.192042760130
7,7,0,4, 0.047989874212
7,7,0,5, 0.024821484753
7,7,0,6, 0.072919402967
7,7,0,9,-0.033731396355
7,7,1,0, 0.192042760130
7,7,1,1, 0.274825412248
7,7,1,4, 0.044907134300
7,7,1,5, 0.134230868908
7,7,1,6, 0.196833890051
7,7,1,9,-0.081532832490
7,7,2,2, 0.274552586369
7,7,2,7, 0.006290316664
7,7,3,3, 0.273127198744
7,7,3,8, 0.005995319013
7,7,4,0, 0.047989874212
7,7,4,1, 0.044907134300
7,7,4,4, 0.294414967681
7,7,4,5, 0.031832936369
7,7,4,6, 0.062934175572
7,7,4,9,-0.049767786927
7,7,5,0, 0.024821484753
7,7,5,1, 0.134230868908
7,7,5,4, 0.031832936369
7,7,5,5, 0.775037038942
7,7,5,6, 0.462081934851
7,7,6,0, 0.072919402967
7,7,6,1, 0.196833890051
7,7,6,4, 0.062934175572
7,7,6,5, 0.462081934851
7,7,6,6, 0.491073083906
7,7,7,2, 0.006290316664
7,7,7,7, 0.785718708997
7,7,8,3, 0.005995319013
7,7,8,8, 0.689508254834
7,7,9,0,-0.033731396355
7,7,9,1,-0.081532832490
7,7,9,4,-0.049767786927
7,7,9,9, 0.689508254834
7,8,2,3, 0.000712693812
7,8,2,8, 0.000147498825
7,8,3,2, 0.000712693812
7,8,3,7, 0.000147498825
7,8,7,3, 0.000147498825
7,8,7,8, 0.048105227081
7,8,8,2, 0.000147498825
7,8,8,7, 0.048105227081
7,9,0,2,-0.004494517384
7,9,0,7,-0.001336554013
7,9,1,2,-0.004141876760
7,9,1,7,-0.004992330016
7,9,2,0,-0.004494517384
7,9,2,1,-0.004141876760
7,9,2,4,-0.002810841140
7,9,2,5,-0.000715055349
7,9,2,6,-0.002050049864
7,9,2,9, 0.001045541290
7,9,4,2,-0.002810841140
7,9,4,7,-0.001521927460
7,9,5,2,-0.000715055349
7,9,6,2,-0.002050049864
7,9,7,0,-0.001336554013
7,9,7,1,-0.004992330016
7,9,7,4,-0.001521927460
7,9,7,9, 0.048105227081
7,9,9,2, 0.001045541290
7,9,9,7, 0.048105227081
8,0,0,3, 0.001170858343
8,0,0,8, 0.000147569360
8,0,1,3, 0.001000485635
8,0,1,8, 0.000755753931
8,0,3,0, 0.001170858343
8,0,3,1, 0.001000485635
8,0,3,4, 0.000715055349
8,0,3,5, 0.000117555829
8,0,3,6, 0.000442610999
8,0,3,9,-0.000161140149
8,0,4,3, 0.000715055349
8,0,4,8, 0.000182482128
8,0,5,3, 0.000117555829
8,0,5,8, 0.002588686528
8,0,6,3, 0.000442610999
8,0,6,8, 0.001971808083
8,0,8,0, 0.000147569360
8,0,8,1, 0.000755753931
8,0,8,4, 0.000182482128
8,0,8,5, 0.002588686528
8,0,8,6, 0.001971808083
8,0,8,9,-0.001336554013
8,0,9,3,-0.000161140149
8,0,9,8,-0.001336554013
8,1,0,3, 0.003956537857
8,1,0,8, 0.000755753931
8,1,1,3, 0.003608717751
8,1,1,8, 0.005940177959
8,1,3,0, 0.003956537857
8,1,3,1, 0.003608717751
8,1,3,4, 0.002050049864
8,1,3,5, 0.000442610999
8,1,3,6, 0.001599334545
8,1,3,9,-0.000598553342
8,1,4,3, 0.002050049864
8,1,4,8, 0.000797536818
8,1,5,3, 0.000442610999
8,1,5,8, 0.026903042992
8,1,6,3, 0.001599334545
8,1,6,8, 0.019488281307
8,1,8,0, 0.000755753931
8,1,8,1, 0.005940177959
8,1,8,4, 0.000797536818
8,1,8,5, 0.026903042992
8,1,8,6, 0.019488281307
8,1,8,9,-0.004992330016
8,1,9,3,-0.000598553342
8,1,9,8,-0.004992330016
8,2,2,3, 0.000147498825
8,2,2,8, 0.000007986822
8,2,3,2, 0.000147498825
8,2,3,7, 0.000007986822
8,2,7,3, 0.000007986822
8,2,7,8, 0.000147498825
8,2,8,2, 0.000007986822
8,2,8,7, 0.000147498825
8,3,0,0, 0.006441190467
8,3,0,1, 0.004230300338
8,3,0,4, 0.001578848923
8,3,0,5, 0.000466012007
8,3,0,6, 0.001587466374
8,3,0,9,-0.000662896692
8,3,1,0, 0.004230300338
8,3,1,1, 0.005264315751
8,3,1,4, 0.001333731344
8,3,1,5, 0.001587466374
8,3,1,6, 0.003048497248
8,3,1,9,-0.001470894635
8,3,2,2, 0.005995319013
8,3,2,7, 0.000114477781
8,3,3,3, 0.006290316664
8,3,3,8, 0.000130451424
8,3,4,0, 0.001578848923
8,3,4,1, 0.001333731344
8,3,4,4, 0.006893361478
8,3,4,5, 0.000662896692
8,3,4,6, 0.001470894635
8,3,4,9,-0.001044057752
8,3,5,0, 0.000466012007
8,3,5,1, 0.001587466374
8,3,5,4, 0.000662896692
8,3,5,5, 0.006441190467
8,3,5,6, 0.004230300338
8,3,5,9,-0.001578848923
8,3,6,0, 0.001587466374
8,3,6,1, 0.003048497248
8,3,6,4, 0.001470894635
8,3,6,5, 0.004230300338
8,3,6,6, 0.005264315751
8,3,6,9,-0.001333731344
8,3,7,2, 0.000114477781
8,3,7,7, 0.005995319013
8,3,8,3, 0.000130451424
8,3,8,8, 0.006290316664
8,3,9,0,-0.000662896692
8,3,9,1,-0.001470894635
8,3,9,4,-0.001044057752
8,3,9,5,-0.001578848923
8,3,9,6,-0.001333731344
8,3,9,9, 0.006893361478
8,4,0,3, 0.001578848923
8,4,0,8, 0.000182482128
8,4,1,3, 0.001333731344
8,4,1,8, 0.000797536818
8,4,3,0, 0.001578848923
8,4,3,1, 0.001333731344
8,4,3,4, 0.001045541290
8,4,3,5, 0.000161140149
8,4,3,6, 0.000598553342
8,4,3,9,-0.000223720285
8,4,4,3, 0.001045541290
8,4,4,8, 0.000239693928
8,4,5,3, 0.000161140149
8,4,5,8, 0.002430947560
8,4,6,3, 0.000598553342
8,4,6,8, 0.001915464442
8,4,8,0, 0.000182482128
8,4,8,1, 0.000797536818
8,4,8,4, 0.000239693928
8,4,8,5, 0.002430947560
8,4,8,6, 0.001915464442
8,4,8,9,-0.001521927460
8,4,9,3,-0.000223720285
8,4,9,8,-0.001521927460
8,5,0,3, 0.009532752860
8,5,0,8, 0.002588686528
8,5,1,3, 0.008896330566
8,5,1,8, 0.026903042992
8,5,3,0, 0.009532752860
8,5,3,1, 0.008896330566
8,5,3,4, 0.004494517384
8,5,3,5, 0.001170858343
8,5,3,6, 0.003956537857
8,5,3,9,-0.001578848923
8,5,4,3, 0.004494517384
8,5,4,8, 0.002430947560
8,5,5,3, 0.001170858343
8,5,5,8, 0.152608082603
8,5,6,3, 0.003956537857
8,5,6,8, 0.101353944495
8,5,8,0, 0.002588686528
8,5,8,1, 0.026903042992
8,5,8,4, 0.002430947560
8,5,8,5, 0.152608082603
8,5,8,6, 0.101353944495
8,5,9,3,-0.001578848923
8,6,0,3, 0.008896330566
8,6,0,8, 0.001971808083
8,6,1,3, 0.008263307518
8,6,1,8, 0.019488281307
8,6,3,0, 0.008896330566
8,6,3,1, 0.008263307518
8,6,3,4, 0.004141876760
8,6,3,5, 0.001000485635
8,6,3,6, 0.003608717751
8,6,3,9,-0.001333731344
8,6,4,3, 0.004141876760
8,6,4,8, 0.001915464442
8,6,5,3, 0.001000485635
8,6,5,8, 0.101353944495
8,6,6,3, 0.003608717751
8,6,6,8, 0.072461555243
8,6,8,0, 0.001971808083
8,6,8,1, 0.019488281307
8,6,8,4, 0.001915464442
8,6,8,5, 0.101353944495
8,6,8,6, 0.072461555243
8,6,9,3,-0.001333731344
8,7,2,3, 0.000712693812
8,7,2,8, 0.000147498825
8,7,3,2, 0.000712693812
8,7,3,7, 0.000147498825
8,7,7,3, 0.000147498825
8,7,7,8, 0.048105227081
8,7,8,2, 0.000147498825
8,7,8,7, 0.048105227081
8,8,0,0, 0.280685206377
8,8,0,1, 0.192042760130
8,8,0,4, 0.047989874212
8,8,0,5, 0.024821484753
8,8,0,6, 0.072919402967
8,8,0,9,-0.033731396355
8,8,1,0, 0.192042760130
8,8,1,1, 0.274825412248
8,8,1,4, 0.044907134300
8,8,1,5, 0.134230868908
8,8,1,6, 0.196833890051
8,8,1,9,-0.081532832490
8,8,2,2, 0.273127198744
8,8,2,7, 0.005995319013
8,8,3,3, 0.274552586369
8,8,3,8, 0.006290316664
8,8,4,0, 0.047989874212
8,8,4,1, 0.044907134300
8,8,4,4, 0.294414967681
8,8,4,5, 0.031832936369
8,8,4,6, 0.062934175572
8,8,4,9,-0.049767786927
8,8,5,0, 0.024821484753
8,8,5,1, 0.134230868908
8,8,5,4, 0.031832936369
8,8,5,5, 0.775037038942
8,8,5,6, 0.462081934851
8,8,6,0, 0.072919402967
8,8,6,1, 0.196833890051
8,8,6,4, 0.062934175572
8,8,6,5, 0.462081934851
8,8,6,6, 0.491073083906
8,8,7,2, 0.005995319013
8,8,7,7, 0.689508254834
8,8,8,3, 0.006290316664
8,8,8,8, 0.785718708997
8,8,9,0,-0.033731396355
8,8,9,1,-0.081532832490
8,8,9,4,-0.049767786927
8,8,9,9, 0.689508254834
8,9,0,3,-0.004494517384
8,9,0,8,-0.001336554013
8,9,1,3,-0.004141876760
8,9,1,8,-0.004992330016
8,9,3,0,-0.004494517384
8,9,3,1,-0.004141876760
8,9,3,4,-0.002810841140
8,9,3,5,-0.000715055349
8,9,3,6,-0.002050049864
8,9,3,9, 0.001045541290
8,9,4,3,-0.002810841140
8,9,4,8,-0.001521927460
8,9,5,3,-0.000715055349
8,9,6,3,-0.002050049864
8,9,8,0,-0.001336554013
8,9,8,1,-0.004992330016
8,9,8,4,-0.001521927460
8,9,8,9, 0.048105227081
8,9,9,3, 0.001045541290
8,9,9,8, 0.048105227081
9,0,0,0,-0.034287504191
9,0,0,1,-0.022256532404
9,0,0,4,-0.009330633490
9,0,0,5,-0.002640517826
9,0,0,6,-0.008504013481
9,0,0,9, 0.003848832466
9,0,1,0,-0.022256532404
9,0,1,1,-0.027251543506
9,0,1,4,-0.007686855804
9,0,1,5,-0.008860471817
9,0,1,6,-0.016113469406
9,0,1,9, 0.008508254278
9,0,2,2,-0.031832936369
9,0,2,7,-0.000662896692
9,0,3,3,-0.031832936369
9,0,3,8,-0.000662896692
9,0,4,0,-0.009330633490
9,0,4,1,-0.007686855804
9,0,4,4,-0.037553149300
9,0,4,5,-0.003818418596
9,0,4,6,-0.008171903025
9,0,4,9, 0.006139193199
9,0,5,0,-0.002640517826
9,0,5,1,-0.008860471817
9,0,5,4,-0.003818418596
9,0,5,5,-0.036447629207
9,0,5,6,-0.023438314190
9,0,5,9, 0.010287726024
9,0,6,0,-0.008504013481
9,0,6,1,-0.016113469406
9,0,6,4,-0.008171903025
9,0,6,5,-0.023438314190
9,0,6,6,-0.028086236530
9,0,6,9, 0.008239288902
9,0,7,2,-0.000662896692
9,0,7,7,-0.033731396355
9,0,8,3,-0.000662896692
9,0,8,8,-0.033731396355
9,0,9,0, 0.003848832466
9,0,9,1, 0.008508254278
9,0,9,4, 0.006139193199
9,0,9,5, 0.010287726024
9,0,9,6, 0.008239288902
9,0,9,9,-0.039904940378
9,1,0,0,-0.066439649403
9,1,0,1,-0.044383706263
9,1,0,4,-0.016776282765
9,1,0,5,-0.005818811486
9,1,0,6,-0.017366151172
9,1,0,9, 0.008508254278
9,1,1,0,-0.044383706263
9,1,1,1,-0.057497327244
9,1,1,4,-0.014745186082
9,1,1,5,-0.021240691090
9,1,1,6,-0.036037090901
9,1,1,9, 0.020900635323
9,1,2,2,-0.062934175572
9,1,2,7,-0.001470894635
9,1,3,3,-0.062934175572
9,1,3,8,-0.001470894635
9,1,4,0,-0.016776282765
9,1,4,1,-0.014745186082
9,1,4,4,-0.072733350809
9,1,4,5,-0.008171903025
9,1,4,6,-0.016570087646
9,1,4,9, 0.013202258783
9,1,5,0,-0.005818811486
9,1,5,1,-0.021240691090
9,1,5,4,-0.008171903025
9,1,5,5,-0.087965457666
9,1,5,6,-0.055349062524
9,1,5,9, 0.034153492792
9,1,6,0,-0.017366151172
9,1,6,1,-0.036037090901
9,1,6,4,-0.016570087646
9,1,6,5,-0.055349062524
9,1,6,6,-0.063926391207
9,1,6,9, 0.025244036565
9,1,7,2,-0.001470894635
9,1,7,7,-0.081532832490
9,1,8,3,-0.001470894635
9,1,8,8,-0.081532832490
9,1,9,0, 0.008508254278
9,1,9,1, 0.020900635323
9,1,9,4, 0.013202258783
9,1,9,5, 0.034153492792
9,1,9,6, 0.025244036565
9,1,9,9,-0.092676054472
9,2,0,2,-0.002430947560
9,2,0,7,-0.000161140149
9,2,1,2,-0.001915464442
9,2,1,7,-0.000598553342
9,2,2,0,-0.002430947560
9,2,2,1,-0.001915464442
9,2,2,4,-0.001521927460
9,2,2,5,-0.000182482128
9,2,2,6,-0.000797536818
9,2,2,9, 0.000239693928
9,2,4,2,-0.001521927460
9,2,4,7,-0.000223720285
9,2,5,2,-0.000182482128
9,2,5,7,-0.001578848923
9,2,6,2,-0.000797536818
9,2,6,7,-0.001333731344
9,2,7,0,-0.000161140149
9,2,7,1,-0.000598553342
9,2,7,4,-0.000223720285
9,2,7,5,-0.001578848923
9,2,7,6,-0.001333731344
9,2,7,9, 0.001045541290
9,2,9,2, 0.000239693928
9,2,9,7, 0.001045541290
9,3,0,3,-0.002430947560
9,3,0,8,-0.000161140149
9,3,1,3,-0.001915464442
9,3,1,8,-0.000598553342
9,3,3,0,-0.002430947560
9,3,3,1,-0.001915464442
9,3,3,4,-0.001521927460
9,3,3,5,-0.000182482128
9,3,3,6,-0.000797536818
9,3,3,9, 0.000239693928
9,3,4,3,-0.001521927460
9,3,4,8,-0.000223720285
9,3,5,3,-0.000182482128
9,3,5,8,-0.001578848923
9,3,6,3,-0.000797536818
9,3,6,8,-0.001333731344
9,3,8,0,-0.000161140149
9,3,8,1,-0.000598553342
9,3,8,4,-0.000223720285
9,3,8,5,-0.001578848923
9,3,8,6,-0.001333731344
9,3,8,9, 0.001045541290
9,3,9,3, 0.000239693928
9,3,9,8, 0.001045541290
9,4,0,0,-0.053865445276
9,4,0,1,-0.034943382164
9,4,0,4,-0.015656635219
9,4,0,5,-0.004180711009
9,4,0,6,-0.013447392280
9,4,0,9, 0.006139193199
9,4,1,0,-0.034943382164
9,4,1,1,-0.042328590637
9,4,1,4,-0.012796598607
9,4,1,5,-0.013447392280
9,4,1,6,-0.024818464267
9,4,1,9, 0.013202258783
9,4,2,2,-0.049767786927
9,4,2,7,-0.001044057752
9,4,3,3,-0.049767786927
9,4,3,8,-0.001044057752
9,4,4,0,-0.015656635219
9,4,4,1,-0.012796598607
9,4,4,4,-0.060121394234
9,4,4,5,-0.006139193199
9,4,4,6,-0.013202258783
9,4,4,9, 0.009913153083
9,4,5,0,-0.004180711009
9,4,5,1,-0.013447392280
9,4,5,4,-0.006139193199
9,4,5,5,-0.053865445276
9,4,5,6,-0.034943382164
9,4,5,9, 0.015656635219
9,4,6,0,-0.013447392280
9,4,6,1,-0.024818464267
9,4,6,4,-0.013202258783
9,4,6,5,-0.034943382164
9,4,6,6,-0.042328590637
9,4,6,9, 0.012796598607
9,4,7,2,-0.001044057752
9,4,7,7,-0.049767786927
9,4,8,3,-0.001044057752
9,4,8,8,-0.049767786927
9,4,9,0, 0.006139193199
9,4,9,1, 0.013202258783
9,4,9,4, 0.009913153083
9,4,9,5, 0.015656635219
9,4,9,6, 0.012796598607
9,4,9,9,-0.060121394234
9,5,0,0,-0.052323416222
9,5,0,1,-0.035168016036
9,5,0,4,-0.018766834275
9,5,0,5,-0.006539234520
9,5,0,6,-0.015557939279
9,5,0,9, 0.010287726024
9,5,1,0,-0.035168016036
9,5,1,1,-0.043062163702
9,5,1,4,-0.017055363449
9,5,1,5,-0.015898198234
9,5,1,6,-0.025543932263
9,5,1,9, 0.034153492792
9,5,2,2,-0.047989874212
9,5,2,7,-0.001578848923
9,5,3,3,-0.047989874212
9,5,3,8,-0.001578848923
9,5,4,0,-0.018766834275
9,5,4,1,-0.017055363449
9,5,4,4,-0.061033361557
9,5,4,5,-0.009330633490
9,5,4,6,-0.016776282765
9,5,4,9, 0.015656635219
9,5,5,0,-0.006539234520
9,5,5,1,-0.015898198234
9,5,5,4,-0.009330633490
9,5,5,9, 0.152608082603
9,5,6,0,-0.015557939279
9,5,6,1,-0.025543932263
9,5,6,4,-0.016776282765
9,5,6,9, 0.101353944495
9,5,7,2,-0.001578848923
9,5,8,3,-0.001578848923
9,5,9,0, 0.010287726024
9,5,9,1, 0.034153492792
9,5,9,4, 0.015656635219
9,5,9,5, 0.152608082603
9,5,9,6, 0.101353944495
9,6,0,0,-0.048765745800
9,6,0,1,-0.032458112376
9,6,0,4,-0.017055363449
9,6,0,5,-0.005281106473
9,6,0,6,-0.013885157719
9,6,0,9, 0.008239288902
9,6,1,0,-0.032458112376
9,6,1,1,-0.038996553988
9,6,1,4,-0.015177128418
9,6,1,5,-0.012093511226
9,6,1,6,-0.021968014917
9,6,1,9, 0.025244036565
9,6,2,2,-0.044907134300
9,6,2,7,-0.001333731344
9,6,3,3,-0.044907134300
9,6,3,8,-0.001333731344
9,6,4,0,-0.017055363449
9,6,4,1,-0.015177128418
9,6,4,4,-0.056243711852
9,6,4,5,-0.007686855804
9,6,4,6,-0.014745186082
9,6,4,9, 0.012796598607
9,6,5,0,-0.005281106473
9,6,5,1,-0.012093511226
9,6,5,4,-0.007686855804
9,6,5,9, 0.101353944495
9,6,6,0,-0.013885157719
9,6,6,1,-0.021968014917
9,6,6,4,-0.014745186082
9,6,6,9, 0.072461555243
9,6,7,2,-0.001333731344
9,6,8,3,-0.001333731344
9,6,9,0, 0.008239288902
9,6,9,1, 0.025244036565
9,6,9,4, 0.012796598607
9,6,9,5, 0.101353944495
9,6,9,6, 0.072461555243
9,7,0,2,-0.004494517384
9,7,0,7,-0.001336554013
9,7,1,2,-0.004141876760
9,7,1,7,-0.004992330016
9,7,2,0,-0.004494517384
9,7,2,1,-0.004141876760
9,7,2,4,-0.002810841140
9,7,2,5,-0.000715055349
9,7,2,6,-0.002050049864
9,7,2,9, 0.001045541290
9,7,4,2,-0.002810841140
9,7,4,7,-0.001521927460
9,7,5,2,-0.000715055349
9,7,6,2,-0.002050049864
9,7,7,0,-0.001336554013
9,7,7,1,-0.004992330016
9,7,7,4,-0.001521927460
9,7,7,9, 0.048105227081
9,7,9,2, 0.001045541290
9,7,9,7, 0.048105227081
9,8,0,3,-0.004494517384
9,8,0,8,-0.001336554013
9,8,1,3,-0.004141876760
9,8,1,8,-0.004992330016
9,8,3,0,-0.004494517384
9,8,3,1,-0.004141876760
9,8,3,4,-0.002810841140
9,8,3,5,-0.000715055349
9,8,3,6,-0.002050049864
9,8,3,9, 0.001045541290
9,8,4,3,-0.002810841140
9,8,4,8,-0.001521927460
9,8,5,3,-0.000715055349
9,8,6,3,-0.002050049864
9,8,8,0,-0.001336554013
9,8,8,1,-0.004992330016
9,8,8,4,-0.001521927460
9,8,8,9, 0.048105227081
9,8,9,3, 0.001045541290
9,8,9,8, 0.048105227081
9,9,0,0, 0.305232662890
9,9,0,1, 0.207855162017
9,9,0,4, 0.061033361557
9,9,0,5, 0.028224152012
9,9,0,6, 0.080410496654
9,9,0,9,-0.039904940378
9,9,1,0, 0.207855162017
9,9,1,1, 0.289381322847
9,9,1,4, 0.056243711852
9,9,1,5, 0.137395553523
9,9,1,6, 0.202600540609
9,9,1,9,-0.092676054472
9,9,2,2, 0.294414967681
9,9,2,7, 0.006893361478
9,9,3,3, 0.294414967681
9,9,3,8, 0.006893361478
9,9,4,0, 0.061033361557
9,9,4,1, 0.056243711852
9,9,4,4, 0.327003607781
9,9,4,5, 0.037553149300
9,9,4,6, 0.072733350809
9,9,4,9,-0.060121394234
9,9,5,0, 0.028224152012
9,9,5,1, 0.137395553523
9,9,5,4, 0.037553149300
9,9,5,5, 0.775037038942
9,9,5,6, 0.462081934851
9,9,6,0, 0.080410496654
9,9,6,1, 0.202600540609
9,9,6,4, 0.072733350809
9,9,6,5, 0.462081934851
9,9,6,6, 0.491073083906
9,9,7,2, 0.006893361478
9,9,7,7, 0.689508254834
9,9,8,3, 0.006893361478
9,9,8,8, 0.689508254834
9,9,9,0,-0.039904940378
9,9,9,1,-0.092676054472
9,9,9,4,-0.060121394234
9,9,9,9, 0.785718708997
