0,0,0,0, 0.897251802255
0,0,0,1, 0.504699283325
0,0,0,5, 0.398111950567
0,0,0,6, 0.396908887172
0,0,0,9,-0.493289565183
0,0,1,0, 0.504699283325
0,0,1,1, 0.507364877272
0,0,1,5, 0.325338004650
0,0,1,6, 0.424033670147
0,0,1,9,-0.205874608573
0,0,2,2, 0.775037038942
0,0,2,7, 0.301131390684
0,0,3,3, 0.775037038942
0,0,3,8, 0.301131390684
0,0,4,4, 0.775037038942
0,0,4,5, 0.355215541791
0,0,4,6, 0.108833902847
0,0,4,9,-0.264546780720
0,0,5,0, 0.398111950567
0,0,5,1, 0.325338004650
0,0,5,4, 0.355215541791
0,0,5,5, 0.590018531202
0,0,5,6, 0.373789545083
0,0,5,9,-0.158926235690
0,0,6,0, 0.396908887172
0,0,6,1, 0.424033670147
0,0,6,4, 0.108833902847
0,0,6,5, 0.373789545083
0,0,6,6, 0.438092446113
0,0,6,9,-0.125021797009
0,0,7,2, 0.301131390684
0,0,7,7, 0.541374962743
0,0,8,3, 0.301131390684
0,0,8,8, 0.541374962743
0,0,9,0,-0.493289565183
0,0,9,1,-0.205874608573
0,0,9,4,-0.264546780720
0,0,9,5,-0.158926235690
0,0,9,6,-0.125021797009
0,0,9,9, 0.636650827917
0,1,0,0, 0.504699283325
0,1,0,1, 0.300015949963
0,1,0,5, 0.235154344980
0,1,0,6, 0.236694159145
0,1,0,9,-0.275709927613
0,1,1,0, 0.300015949963
0,1,1,1, 0.324022459289
0,1,1,5, 0.203733448849
0,1,1,6, 0.272139026933
0,1,1,9,-0.114726088865
0,1,2,2, 0.462081934851
0,1,2,7, 0.184641303191
0,1,3,3, 0.462081934851
0,1,3,8, 0.184641303191
0,1,4,4, 0.462081934851
0,1,4,5, 0.218881594503
0,1,4,6, 0.068118922655
0,1,4,9,-0.152920458704
0,1,5,0, 0.235154344980
0,1,5,1, 0.203733448849
0,1,5,4, 0.218881594503
0,1,5,5, 0.373789545083
0,1,5,6, 0.237967702305
0,1,5,9,-0.078609632181
0,1,6,0, 0.236694159145
0,1,6,1, 0.272139026933
0,1,6,4, 0.068118922655
0,1,6,5, 0.237967702305
0,1,6,6, 0.284863160685
0,1,6,9,-0.063308024591
0,1,7,2, 0.184641303191
0,1,7,7, 0.350817486950
0,1,8,3, 0.184641303191
0,1,8,8, 0.350817486950
0,1,9,0,-0.275709927613
0,1,9,1,-0.114726088865
0,1,9,4,-0.152920458704
0,1,9,5,-0.078609632181
0,1,9,6,-0.063308024591
0,1,9,9, 0.385319137250
0,2,0,2, 0.152608082603
0,2,0,7, 0.055680955033
0,2,1,2, 0.101353944495
0,2,1,7, 0.048538161173
0,2,2,0, 0.152608082603
0,2,2,1, 0.101353944495
0,2,2,5, 0.063690056588
0,2,2,6, 0.078456792694
0,2,2,9,-0.087877364792
0,2,4,7, 0.050210876913
0,2,5,2, 0.063690056588
0,2,5,7, 0.066706736245
0,2,6,2, 0.078456792694
0,2,6,7, 0.052334234428
0,2,7,0, 0.055680955033
0,2,7,1, 0.048538161173
0,2,7,4, 0.050210876913
0,2,7,5, 0.066706736245
0,2,7,6, 0.052334234428
0,2,7,9,-0.038917040452
0,2,9,2,-0.087877364792
0,2,9,7,-0.038917040452
0,3,0,3, 0.152608082603
0,3,0,8, 0.055680955033
0,3,1,3, 0.101353944495
0,3,1,8, 0.048538161173
0,3,3,0, 0.152608082603
0,3,3,1, 0.101353944495
0,3,3,5, 0.063690056588
0,3,3,6, 0.078456792694
0,3,3,9,-0.087877364792
0,3,4,8, 0.050210876913
0,3,5,3, 0.063690056588
0,3,5,8, 0.066706736245
0,3,6,3, 0.078456792694
0,3,6,8, 0.052334234428
0,3,8,0, 0.055680955033
0,3,8,1, 0.048538161173
0,3,8,4, 0.050210876913
0,3,8,5, 0.066706736245
0,3,8,6, 0.052334234428
0,3,8,9,-0.038917040452
0,3,9,3,-0.087877364792
0,3,9,8,-0.038917040452
0,4,0,4, 0.152608082603
0,4,0,5, 0.064968689963
0,4,0,6, 0.019705486324
0,4,0,9,-0.054584591905
0,4,1,4, 0.101353944495
0,4,1,5, 0.060369231904
0,4,1,6, 0.026865256421
0,4,1,9,-0.020199798045
0,4,2,7, 0.050210876913
0,4,3,8, 0.050210876913
0,4,4,0, 0.152608082603
0,4,4,1, 0.101353944495
0,4,4,5, 0.117935664007
0,4,4,6, 0.082508333771
0,4,4,9,-0.092697154822
0,4,5,0, 0.064968689963
0,4,5,1, 0.060369231904
0,4,5,4, 0.117935664007
0,4,5,5, 0.158926235690
0,4,5,6, 0.078609632181
0,4,5,9,-0.031035685109
0,4,6,0, 0.019705486324
0,4,6,1, 0.026865256421
0,4,6,4, 0.082508333771
0,4,6,5, 0.078609632181
0,4,6,6, 0.050383108470
0,4,6,9,-0.011370881612
0,4,7,2, 0.050210876913
0,4,7,7, 0.131239122589
0,4,8,3, 0.050210876913
0,4,8,8, 0.131239122589
0,4,9,0,-0.054584591905
0,4,9,1,-0.020199798045
0,4,9,4,-0.092697154822
0,4,9,5,-0.031035685109
0,4,9,6,-0.011370881612
0,4,9,9, 0.132318148362
0,5,0,0, 0.398111950567
0,5,0,1, 0.235154344980
0,5,0,4, 0.064968689963
0,5,0,5, 0.219871663294
0,5,0,6, 0.195376411331
0,5,0,9,-0.238595910444
0,5,1,0, 0.235154344980
0,5,1,1, 0.250674891915
0,5,1,4, 0.046687784478
0,5,1,5, 0.195376411331
0,5,1,6, 0.225932542045
0,5,1,9,-0.094048079777
0,5,2,2, 0.355426105188
0,5,2,7, 0.168338610886
0,5,3,3, 0.355426105188
0,5,3,8, 0.168338610886
0,5,4,0, 0.064968689963
0,5,4,1, 0.046687784478
0,5,4,4, 0.378715933364
0,5,4,5, 0.238595910444
0,5,4,6, 0.094048079777
0,5,4,9,-0.160377163690
0,5,5,0, 0.219871663294
0,5,5,1, 0.195376411331
0,5,5,4, 0.238595910444
0,5,5,5, 0.398111950567
0,5,5,6, 0.235154344980
0,5,5,9,-0.064968689963
0,5,6,0, 0.195376411331
0,5,6,1, 0.225932542045
0,5,6,4, 0.094048079777
0,5,6,5, 0.235154344980
0,5,6,6, 0.250674891915
0,5,6,9,-0.046687784478
0,5,7,2, 0.168338610886
0,5,7,7, 0.355426105188
0,5,8,3, 0.168338610886
0,5,8,8, 0.355426105188
0,5,9,0,-0.238595910444
0,5,9,1,-0.094048079777
0,5,9,4,-0.160377163690
0,5,9,5,-0.064968689963
0,5,9,6,-0.046687784478
0,5,9,9, 0.378715933364
0,6,0,0, 0.396908887172
0,6,0,1, 0.236694159145
0,6,0,4, 0.019705486324
0,6,0,5, 0.195376411331
0,6,0,6, 0.189961640608
0,6,0,9,-0.222744055608
0,6,1,0, 0.236694159145
0,6,1,1, 0.256887793938
0,6,1,4, 0.014769612477
0,6,1,5, 0.172287705388
0,6,1,6, 0.221362803707
0,6,1,9,-0.090887833558
0,6,2,2, 0.363804631750
0,6,2,7, 0.153722530895
0,6,3,3, 0.363804631750
0,6,3,8, 0.153722530895
0,6,4,0, 0.019705486324
0,6,4,1, 0.014769612477
0,6,4,4, 0.365564321355
0,6,4,5, 0.191198762618
0,6,4,6, 0.066298315182
0,6,4,9,-0.131208205594
0,6,5,0, 0.195376411331
0,6,5,1, 0.172287705388
0,6,5,4, 0.191198762618
0,6,5,5, 0.325338004650
0,6,5,6, 0.203733448849
0,6,5,9,-0.060369231904
0,6,6,0, 0.189961640608
0,6,6,1, 0.221362803707
0,6,6,4, 0.066298315182
0,6,6,5, 0.203733448849
0,6,6,6, 0.237029319532
0,6,6,9,-0.047521321802
0,6,7,2, 0.153722530895
0,6,7,7, 0.304080661397
0,6,8,3, 0.153722530895
0,6,8,8, 0.304080661397
0,6,9,0,-0.222744055608
0,6,9,1,-0.090887833558
0,6,9,4,-0.131208205594
0,6,9,5,-0.060369231904
0,6,9,6,-0.047521321802
0,6,9,9, 0.327405148829
0,7,0,2, 0.055680955033
0,7,0,7, 0.035958222309
0,7,1,2, 0.039511945647
0,7,1,7, 0.037187544950
0,7,2,0, 0.055680955033
0,7,2,1, 0.039511945647
0,7,2,4, 0.021638480729
0,7,2,5, 0.035151381497
0,7,2,6, 0.034235467956
0,7,2,9,-0.040257968813
0,7,4,2, 0.021638480729
0,7,4,7, 0.043769865695
0,7,5,2, 0.035151381497
0,7,5,7, 0.063690056588
0,7,6,2, 0.034235467956
0,7,6,7, 0.044328208430
0,7,7,0, 0.035958222309
0,7,7,1, 0.037187544950
0,7,7,4, 0.043769865695
0,7,7,5, 0.063690056588
0,7,7,6, 0.044328208430
0,7,7,9,-0.018068490584
0,7,9,2,-0.040257968813
0,7,9,7,-0.018068490584
0,8,0,3, 0.055680955033
0,8,0,8, 0.035958222309
0,8,1,3, 0.039511945647
0,8,1,8, 0.037187544950
0,8,3,0, 0.055680955033
0,8,3,1, 0.039511945647
0,8,3,4, 0.021638480729
0,8,3,5, 0.035151381497
0,8,3,6, 0.034235467956
0,8,3,9,-0.040257968813
0,8,4,3, 0.021638480729
0,8,4,8, 0.043769865695
0,8,5,3, 0.035151381497
0,8,5,8, 0.063690056588
0,8,6,3, 0.034235467956
0,8,6,8, 0.044328208430
0,8,8,0, 0.035958222309
0,8,8,1, 0.037187544950
0,8,8,4, 0.043769865695
0,8,8,5, 0.063690056588
0,8,8,6, 0.044328208430
0,8,8,9,-0.018068490584
0,8,9,3,-0.040257968813
0,8,9,8,-0.018068490584
0,9,0,0,-0.493289565183
0,9,0,1,-0.275709927613
0,9,0,4,-0.054584591905
0,9,0,5,-0.238595910444
0,9,0,6,-0.222744055608
0,9,0,9, 0.294947785340
0,9,1,0,-0.275709927613
0,9,1,1,-0.271694920120
0,9,1,4,-0.033804868668
0,9,1,5,-0.191198762618
0,9,1,6,-0.233028369315
0,9,1,9, 0.127402809513
0,9,2,2,-0.425628903577
0,9,2,7,-0.180979501275
0,9,3,3,-0.425628903577
0,9,3,8,-0.180979501275
0,9,4,0,-0.054584591905
0,9,4,1,-0.033804868668
0,9,4,4,-0.428200557899
0,9,4,5,-0.230949832689
0,9,4,6,-0.086018594134
0,9,4,9, 0.184762123650
0,9,5,0,-0.238595910444
0,9,5,1,-0.191198762618
0,9,5,4,-0.230949832689
0,9,5,5,-0.355215541791
0,9,5,6,-0.218881594503
0,9,5,9, 0.117935664007
0,9,6,0,-0.222744055608
0,9,6,1,-0.233028369315
0,9,6,4,-0.086018594134
0,9,6,5,-0.218881594503
0,9,6,6,-0.243624825367
0,9,6,9, 0.085048007570
0,9,7,2,-0.180979501275
0,9,7,7,-0.320975168326
0,9,8,3,-0.180979501275
0,9,8,8,-0.320975168326
0,9,9,0, 0.294947785340
0,9,9,1, 0.127402809513
0,9,9,4, 0.184762123650
0,9,9,5, 0.117935664007
0,9,9,6, 0.085048007570
0,9,9,9,-0.378076802542
1,0,0,0, 0.504699283325
1,0,0,1, 0.300015949963
1,0,0,5, 0.235154344980
1,0,0,6, 0.236694159145
1,0,0,9,-0.275709927613
1,0,1,0, 0.300015949963
1,0,1,1, 0.324022459289
1,0,1,5, 0.203733448849
1,0,1,6, 0.272139026933
1,0,1,9,-0.114726088865
1,0,2,2, 0.462081934851
1,0,2,7, 0.184641303191
1,0,3,3, 0.462081934851
1,0,3,8, 0.184641303191
1,0,4,4, 0.462081934851
1,0,4,5, 0.218881594503
1,0,4,6, 0.068118922655
1,0,4,9,-0.152920458704
1,0,5,0, 0.235154344980
1,0,5,1, 0.203733448849
1,0,5,4, 0.218881594503
1,0,5,5, 0.373789545083
1,0,5,6, 0.237967702305
1,0,5,9,-0.078609632181
1,0,6,0, 0.236694159145
1,0,6,1, 0.272139026933
1,0,6,4, 0.068118922655
1,0,6,5, 0.237967702305
1,0,6,6, 0.284863160685
1,0,6,9,-0.063308024591
1,0,7,2, 0.184641303191
1,0,7,7, 0.350817486950
1,0,8,3, 0.184641303191
1,0,8,8, 0.350817486950
1,0,9,0,-0.275709927613
1,0,9,1,-0.114726088865
1,0,9,4,-0.152920458704
1,0,9,5,-0.078609632181
1,0,9,6,-0.063308024591
1,0,9,9, 0.385319137250
1,1,0,0, 0.507364877272
1,1,0,1, 0.324022459289
1,1,0,5, 0.250674891915
1,1,0,6, 0.256887793938
1,1,0,9,-0.271694920120
1,1,1,0, 0.324022459289
1,1,1,1, 0.394125899248
1,1,1,5, 0.237029319532
1,1,1,6, 0.334443057396
1,1,1,9,-0.107232184738
1,1,2,2, 0.491073083906
1,1,2,7, 0.204133924767
1,1,3,3, 0.491073083906
1,1,3,8, 0.204133924767
1,1,4,4, 0.491073083906
1,1,4,5, 0.243624825367
1,1,4,6, 0.077958135153
1,1,4,9,-0.153998594531
1,1,5,0, 0.250674891915
1,1,5,1, 0.237029319532
1,1,5,4, 0.243624825367
1,1,5,5, 0.438092446113
1,1,5,6, 0.284863160685
1,1,5,9,-0.050383108470
1,1,6,0, 0.256887793938
1,1,6,1, 0.334443057396
1,1,6,4, 0.077958135153
1,1,6,5, 0.284863160685
1,1,6,6, 0.360027490482
1,1,6,9,-0.043099513749
1,1,7,2, 0.204133924767
1,1,7,7, 0.424899291898
1,1,8,3, 0.204133924767
1,1,8,8, 0.424899291898
1,1,9,0,-0.271694920120
1,1,9,1,-0.107232184738
1,1,9,4,-0.153998594531
1,1,9,5,-0.050383108470
1,1,9,6,-0.043099513749
1,1,9,9, 0.435091853202
1,2,0,2, 0.101353944495
1,2,0,7, 0.039511945647
1,2,1,2, 0.072461555243
1,2,1,7, 0.037647226502
1,2,2,0, 0.101353944495
1,2,2,1, 0.072461555243
1,2,2,5, 0.044328208430
1,2,2,6, 0.056235841331
1,2,2,9,-0.057795518574
1,2,4,7, 0.037477257590
1,2,5,2, 0.044328208430
1,2,5,7, 0.052334234428
1,2,6,2, 0.056235841331
1,2,6,7, 0.041610346785
1,2,7,0, 0.039511945647
1,2,7,1, 0.037647226502
1,2,7,4, 0.037477257590
1,2,7,5, 0.052334234428
1,2,7,6, 0.041610346785
1,2,7,9,-0.025094355543
1,2,9,2,-0.057795518574
1,2,9,7,-0.025094355543
1,3,0,3, 0.101353944495
1,3,0,8, 0.039511945647
1,3,1,3, 0.072461555243
1,3,1,8, 0.037647226502
1,3,3,0, 0.101353944495
1,3,3,1, 0.072461555243
1,3,3,5, 0.044328208430
1,3,3,6, 0.056235841331
1,3,3,9,-0.057795518574
1,3,4,8, 0.037477257590
1,3,5,3, 0.044328208430
1,3,5,8, 0.052334234428
1,3,6,3, 0.056235841331
1,3,6,8, 0.041610346785
1,3,8,0, 0.039511945647
1,3,8,1, 0.037647226502
1,3,8,4, 0.037477257590
1,3,8,5, 0.052334234428
1,3,8,6, 0.041610346785
1,3,8,9,-0.025094355543
1,3,9,3,-0.057795518574
1,3,9,8,-0.025094355543
1,4,0,4, 0.101353944495
1,4,0,5, 0.046687784478
1,4,0,6, 0.014769612477
1,4,0,9,-0.033804868668
1,4,1,4, 0.072461555243
1,4,1,5, 0.047521321802
1,4,1,6, 0.022651820462
1,4,1,9,-0.010275500117
1,4,2,7, 0.037477257590
1,4,3,8, 0.037477257590
1,4,4,0, 0.101353944495
1,4,4,1, 0.072461555243
1,4,4,5, 0.085048007570
1,4,4,6, 0.059427903524
1,4,4,9,-0.058451131890
1,4,5,0, 0.046687784478
1,4,5,1, 0.047521321802
1,4,5,4, 0.085048007570
1,4,5,5, 0.125021797009
1,4,5,6, 0.063308024591
1,4,5,9,-0.011370881612
1,4,6,0, 0.014769612477
1,4,6,1, 0.022651820462
1,4,6,4, 0.059427903524
1,4,6,5, 0.063308024591
1,4,6,6, 0.043099513749
1,4,6,9,-0.001696189591
1,4,7,2, 0.037477257590
1,4,7,7, 0.107859923420
1,4,8,3, 0.037477257590
1,4,8,8, 0.107859923420
1,4,9,0,-0.033804868668
1,4,9,1,-0.010275500117
1,4,9,4,-0.058451131890
1,4,9,5,-0.011370881612
1,4,9,6,-0.001696189591
1,4,9,9, 0.098256698038
1,5,0,0, 0.325338004650
1,5,0,1, 0.203733448849
1,5,0,4, 0.060369231904
1,5,0,5, 0.195376411331
1,5,0,6, 0.172287705388
1,5,0,9,-0.191198762618
1,5,1,0, 0.203733448849
1,5,1,1, 0.237029319532
1,5,1,4, 0.047521321802
1,5,1,5, 0.189961640608
1,5,1,6, 0.221362803707
1,5,1,9,-0.066298315182
1,5,2,2, 0.304080661397
1,5,2,7, 0.153722530895
1,5,3,3, 0.304080661397
1,5,3,8, 0.153722530895
1,5,4,0, 0.060369231904
1,5,4,1, 0.047521321802
1,5,4,4, 0.327405148829
1,5,4,5, 0.222744055608
1,5,4,6, 0.090887833558
1,5,4,9,-0.131208205594
1,5,5,0, 0.195376411331
1,5,5,1, 0.189961640608
1,5,5,4, 0.222744055608
1,5,5,5, 0.396908887172
1,5,5,6, 0.236694159145
1,5,5,9,-0.019705486324
1,5,6,0, 0.172287705388
1,5,6,1, 0.221362803707
1,5,6,4, 0.090887833558
1,5,6,5, 0.236694159145
1,5,6,6, 0.256887793938
1,5,6,9,-0.014769612477
1,5,7,2, 0.153722530895
1,5,7,7, 0.363804631750
1,5,8,3, 0.153722530895
1,5,8,8, 0.363804631750
1,5,9,0,-0.191198762618
1,5,9,1,-0.066298315182
1,5,9,4,-0.131208205594
1,5,9,5,-0.019705486324
1,5,9,6,-0.014769612477
1,5,9,9, 0.365564321355
1,6,0,0, 0.424033670147
1,6,0,1, 0.272139026933
1,6,0,4, 0.026865256421
1,6,0,5, 0.225932542045
1,6,0,6, 0.221362803707
1,6,0,9,-0.233028369315
1,6,1,0, 0.272139026933
1,6,1,1, 0.334443057396
1,6,1,4, 0.022651820462
1,6,1,5, 0.221362803707
1,6,1,6, 0.297317799732
1,6,1,9,-0.085116056450
1,6,2,2, 0.410621667037
1,6,2,7, 0.184164276024
1,6,3,3, 0.410621667037
1,6,3,8, 0.184164276024
1,6,4,0, 0.026865256421
1,6,4,1, 0.022651820462
1,6,4,4, 0.413473470406
1,6,4,5, 0.233028369315
1,6,4,6, 0.085116056450
1,6,4,9,-0.140731585093
1,6,5,0, 0.225932542045
1,6,5,1, 0.221362803707
1,6,5,4, 0.233028369315
1,6,5,5, 0.424033670147
1,6,5,6, 0.272139026933
1,6,5,9,-0.026865256421
1,6,6,0, 0.221362803707
1,6,6,1, 0.297317799732
1,6,6,4, 0.085116056450
1,6,6,5, 0.272139026933
1,6,6,6, 0.334443057396
1,6,6,9,-0.022651820462
1,6,7,2, 0.184164276024
1,6,7,7, 0.410621667037
1,6,8,3, 0.184164276024
1,6,8,8, 0.410621667037
1,6,9,0,-0.233028369315
1,6,9,1,-0.085116056450
1,6,9,4,-0.140731585093
1,6,9,5,-0.026865256421
1,6,9,6,-0.022651820462
1,6,9,9, 0.413473470406
1,7,0,2, 0.048538161173
1,7,0,7, 0.037187544950
1,7,1,2, 0.037647226502
1,7,1,7, 0.044715794272
1,7,2,0, 0.048538161173
1,7,2,1, 0.037647226502
1,7,2,4, 0.021004341205
1,7,2,5, 0.034235467956
1,7,2,6, 0.033452391097
1,7,2,9,-0.034572353552
1,7,4,2, 0.021004341205
1,7,4,7, 0.047233377503
1,7,5,2, 0.034235467956
1,7,5,7, 0.078456792694
1,7,6,2, 0.033452391097
1,7,6,7, 0.056235841331
1,7,7,0, 0.037187544950
1,7,7,1, 0.044715794272
1,7,7,4, 0.047233377503
1,7,7,5, 0.078456792694
1,7,7,6, 0.056235841331
1,7,7,9,-0.006492406934
1,7,9,2,-0.034572353552
1,7,9,7,-0.006492406934
1,8,0,3, 0.048538161173
1,8,0,8, 0.037187544950
1,8,1,3, 0.037647226502
1,8,1,8, 0.044715794272
1,8,3,0, 0.048538161173
1,8,3,1, 0.037647226502
1,8,3,4, 0.021004341205
1,8,3,5, 0.034235467956
1,8,3,6, 0.033452391097
1,8,3,9,-0.034572353552
1,8,4,3, 0.021004341205
1,8,4,8, 0.047233377503
1,8,5,3, 0.034235467956
1,8,5,8, 0.078456792694
1,8,6,3, 0.033452391097
1,8,6,8, 0.056235841331
1,8,8,0, 0.037187544950
1,8,8,1, 0.044715794272
1,8,8,4, 0.047233377503
1,8,8,5, 0.078456792694
1,8,8,6, 0.056235841331
1,8,8,9,-0.006492406934
1,8,9,3,-0.034572353552
1,8,9,8,-0.006492406934
1,9,0,0,-0.205874608573
1,9,0,1,-0.114726088865
1,9,0,4,-0.020199798045
1,9,0,5,-0.094048079777
1,9,0,6,-0.090887833558
1,9,0,9, 0.127402809513
1,9,1,0,-0.114726088865
1,9,1,1,-0.107232184738
1,9,1,4,-0.010275500117
1,9,1,5,-0.066298315182
1,9,1,6,-0.085116056450
1,9,1,9, 0.066449878331
1,9,2,2,-0.183525960526
1,9,2,7,-0.074216503373
1,9,3,3,-0.183525960526
1,9,3,8,-0.074216503373
1,9,4,0,-0.020199798045
1,9,4,1,-0.010275500117
1,9,4,4,-0.177225932784
1,9,4,5,-0.086018594134
1,9,4,6,-0.030864197801
1,9,4,9, 0.082586432139
1,9,5,0,-0.094048079777
1,9,5,1,-0.066298315182
1,9,5,4,-0.086018594134
1,9,5,5,-0.108833902847
1,9,5,6,-0.068118922655
1,9,5,9, 0.082508333771
1,9,6,0,-0.090887833558
1,9,6,1,-0.085116056450
1,9,6,4,-0.030864197801
1,9,6,5,-0.068118922655
1,9,6,6,-0.077958135153
1,9,6,9, 0.059427903524
1,9,7,2,-0.074216503373
1,9,7,7,-0.100705636956
1,9,8,3,-0.074216503373
1,9,8,8,-0.100705636956
1,9,9,0, 0.127402809513
1,9,9,1, 0.066449878331
1,9,9,4, 0.082586432139
1,9,9,5, 0.082508333771
1,9,9,6, 0.059427903524
1,9,9,9,-0.113979595490
2,0,0,2, 0.152608082603
2,0,0,7, 0.055680955033
2,0,1,2, 0.101353944495
2,0,1,7, 0.048538161173
2,0,2,0, 0.152608082603
2,0,2,1, 0.101353944495
2,0,2,5, 0.063690056588
2,0,2,6, 0.078456792694
2,0,2,9,-0.087877364792
2,0,4,7, 0.050210876913
2,0,5,2, 0.063690056588
2,0,5,7, 0.066706736245
2,0,6,2, 0.078456792694
2,0,6,7, 0.052334234428
2,0,7,0, 0.055680955033
2,0,7,1, 0.048538161173
2,0,7,4, 0.050210876913
2,0,7,5, 0.066706736245
2,0,7,6, 0.052334234428
2,0,7,9,-0.038917040452
2,0,9,2,-0.087877364792
2,0,9,7,-0.038917040452
2,1,0,2, 0.101353944495
2,1,0,7, 0.039511945647
2,1,1,2, 0.072461555243
2,1,1,7, 0.037647226502
2,1,2,0, 0.101353944495
2,1,2,1, 0.072461555243
2,1,2,5, 0.044328208430
2,1,2,6, 0.056235841331
2,1,2,9,-0.057795518574
2,1,4,7, 0.037477257590
2,1,5,2, 0.044328208430
2,1,5,7, 0.052334234428
2,1,6,2, 0.056235841331
2,1,6,7, 0.041610346785
2,1,7,0, 0.039511945647
2,1,7,1, 0.037647226502
2,1,7,4, 0.037477257590
2,1,7,5, 0.052334234428
2,1,7,6, 0.041610346785
2,1,7,9,-0.025094355543
2,1,9,2,-0.057795518574
2,1,9,7,-0.025094355543
2,2,0,0, 0.775037038942
2,2,0,1, 0.462081934851
2,2,0,5, 0.355426105188
2,2,0,6, 0.363804631750
2,2,0,9,-0.425628903577
2,2,1,0, 0.462081934851
2,2,1,1, 0.491073083906
2,2,1,5, 0.304080661397
2,2,1,6, 0.410621667037
2,2,1,9,-0.183525960526
2,2,2,2, 0.785718708997
2,2,2,7, 0.301983408700
2,2,3,3, 0.689508254834
2,2,3,8, 0.271080416194
2,2,4,4, 0.689508254834
2,2,4,5, 0.320975168326
2,2,4,6, 0.100705636956
2,2,4,9,-0.232298362611
2,2,5,0, 0.355426105188
2,2,5,1, 0.304080661397
2,2,5,4, 0.320975168326
2,2,5,5, 0.541374962743
2,2,5,6, 0.350817486950
2,2,5,9,-0.131239122589
2,2,6,0, 0.363804631750
2,2,6,1, 0.410621667037
2,2,6,4, 0.100705636956
2,2,6,5, 0.350817486950
2,2,6,6, 0.424899291898
2,2,6,9,-0.107859923420
2,2,7,2, 0.301983408700
2,2,7,7, 0.531166861814
2,2,8,3, 0.271080416194
2,2,8,8, 0.500103314765
2,2,9,0,-0.425628903577
2,2,9,1,-0.183525960526
2,2,9,4,-0.232298362611
2,2,9,5,-0.131239122589
2,2,9,6,-0.107859923420
2,2,9,9, 0.571639912087
2,3,2,3, 0.048105227081
2,3,2,8, 0.015451496253
2,3,3,2, 0.048105227081
2,3,3,7, 0.015451496253
2,3,7,3, 0.015451496253
2,3,7,8, 0.015531773525
2,3,8,2, 0.015451496253
2,3,8,7, 0.015531773525
2,4,0,7, 0.021638480729
2,4,1,7, 0.021004341205
2,4,2,4, 0.048105227081
2,4,2,5, 0.018068490584
2,4,2,6, 0.006492406934
2,4,2,9,-0.019515691828
2,4,4,2, 0.048105227081
2,4,4,7, 0.032390853287
2,4,5,2, 0.018068490584
2,4,5,7, 0.038917040452
2,4,6,2, 0.006492406934
2,4,6,7, 0.025094355543
2,4,7,0, 0.021638480729
2,4,7,1, 0.021004341205
2,4,7,4, 0.032390853287
2,4,7,5, 0.038917040452
2,4,7,6, 0.025094355543
2,4,7,9,-0.017284073729
2,4,9,2,-0.019515691828
2,4,9,7,-0.017284073729
2,5,0,2, 0.063690056588
2,5,0,7, 0.035151381497
2,5,1,2, 0.044328208430
2,5,1,7, 0.034235467956
2,5,2,0, 0.063690056588
2,5,2,1, 0.044328208430
2,5,2,4, 0.018068490584
2,5,2,5, 0.035958222309
2,5,2,6, 0.037187544950
2,5,2,9,-0.043769865695
2,5,4,2, 0.018068490584
2,5,4,7, 0.040257968813
2,5,5,2, 0.035958222309
2,5,5,7, 0.055680955033
2,5,6,2, 0.037187544950
2,5,6,7, 0.039511945647
2,5,7,0, 0.035151381497
2,5,7,1, 0.034235467956
2,5,7,4, 0.040257968813
2,5,7,5, 0.055680955033
2,5,7,6, 0.039511945647
2,5,7,9,-0.021638480729
2,5,9,2,-0.043769865695
2,5,9,7,-0.021638480729
2,6,0,2, 0.078456792694
2,6,0,7, 0.034235467956
2,6,1,2, 0.056235841331
2,6,1,7, 0.033452391097
2,6,2,0, 0.078456792694
2,6,2,1, 0.056235841331
2,6,2,4, 0.006492406934
2,6,2,5, 0.037187544950
2,6,2,6, 0.044715794272
2,6,2,9,-0.047233377503
2,6,4,2, 0.006492406934
2,6,4,7, 0.034572353552
2,6,5,2, 0.037187544950
2,6,5,7, 0.048538161173
2,6,6,2, 0.044715794272
2,6,6,7, 0.037647226502
2,6,7,0, 0.034235467956
2,6,7,1, 0.033452391097
2,6,7,4, 0.034572353552
2,6,7,5, 0.048538161173
2,6,7,6, 0.037647226502
2,6,7,9,-0.021004341205
2,6,9,2,-0.047233377503
2,6,9,7,-0.021004341205
2,7,0,0, 0.301131390684
2,7,0,1, 0.184641303191
2,7,0,4, 0.050210876913
2,7,0,5, 0.168338610886
2,7,0,6, 0.153722530895
2,7,0,9,-0.180979501275
2,7,1,0, 0.184641303191
2,7,1,1, 0.204133924767
2,7,1,4, 0.037477257590
2,7,1,5, 0.153722530895
2,7,1,6, 0.184164276024
2,7,1,9,-0.074216503373
2,7,2,2, 0.301983408700
2,7,2,7, 0.146487199876
2,7,3,3, 0.271080416194
2,7,3,8, 0.128549991728
2,7,4,0, 0.050210876913
2,7,4,1, 0.037477257590
2,7,4,4, 0.288019773227
2,7,4,5, 0.180979501275
2,7,4,6, 0.074216503373
2,7,4,9,-0.122520219837
2,7,5,0, 0.168338610886
2,7,5,1, 0.153722530895
2,7,5,4, 0.180979501275
2,7,5,5, 0.301131390684
2,7,5,6, 0.184641303191
2,7,5,9,-0.050210876913
2,7,6,0, 0.153722530895
2,7,6,1, 0.184164276024
2,7,6,4, 0.074216503373
2,7,6,5, 0.184641303191
2,7,6,6, 0.204133924767
2,7,6,9,-0.037477257590
2,7,7,2, 0.146487199876
2,7,7,7, 0.301983408700
2,7,8,3, 0.128549991728
2,7,8,8, 0.271080416194
2,7,9,0,-0.180979501275
2,7,9,1,-0.074216503373
2,7,9,4,-0.122520219837
2,7,9,5,-0.050210876913
2,7,9,6,-0.037477257590
2,7,9,9, 0.288019773227
2,8,2,3, 0.015451496253
2,8,2,8, 0.008968604074
2,8,3,2, 0.015451496253
2,8,3,7, 0.008968604074
2,8,7,3, 0.008968604074
2,8,7,8, 0.015451496253
2,8,8,2, 0.008968604074
2,8,8,7, 0.015451496253
2,9,0,2,-0.087877364792
2,9,0,7,-0.040257968813
2,9,1,2,-0.057795518574
2,9,1,7,-0.034572353552
2,9,2,0,-0.087877364792
2,9,2,1,-0.057795518574
2,9,2,4,-0.019515691828
2,9,2,5,-0.043769865695
2,9,2,6,-0.047233377503
2,9,2,9, 0.059182646387
2,9,4,2,-0.019515691828
2,9,4,7,-0.041245438239
2,9,5,2,-0.043769865695
2,9,5,7,-0.050210876913
2,9,6,2,-0.047233377503
2,9,6,7,-0.037477257590
2,9,7,0,-0.040257968813
2,9,7,1,-0.034572353552
2,9,7,4,-0.041245438239
2,9,7,5,-0.050210876913
2,9,7,6,-0.037477257590
2,9,7,9, 0.032390853287
2,9,9,2, 0.059182646387
2,9,9,7, 0.032390853287
3,0,0,3, 0.152608082603
3,0,0,8, 0.055680955033
3,0,1,3, 0.101353944495
3,0,1,8, 0.048538161173
3,0,3,0, 0.152608082603
3,0,3,1, 0.101353944495
3,0,3,5, 0.063690056588
3,0,3,6, 0.078456792694
3,0,3,9,-0.087877364792
3,0,4,8, 0.050210876913
3,0,5,3, 0.063690056588
3,0,5,8, 0.066706736245
3,0,6,3, 0.078456792694
3,0,6,8, 0.052334234428
3,0,8,0, 0.055680955033
3,0,8,1, 0.048538161173
3,0,8,4, 0.050210876913
3,0,8,5, 0.066706736245
3,0,8,6, 0.052334234428
3,0,8,9,-0.038917040452
3,0,9,3,-0.087877364792
3,0,9,8,-0.038917040452
3,1,0,3, 0.101353944495
3,1,0,8, 0.039511945647
3,1,1,3, 0.072461555243
3,1,1,8, 0.037647226502
3,1,3,0, 0.101353944495
3,1,3,1, 0.072461555243
3,1,3,5, 0.044328208430
3,1,3,6, 0.056235841331
3,1,3,9,-0.057795518574
3,1,4,8, 0.037477257590
3,1,5,3, 0.044328208430
3,1,5,8, 0.052334234428
3,1,6,3, 0.056235841331
3,1,6,8, 0.041610346785
3,1,8,0, 0.039511945647
3,1,8,1, 0.037647226502
3,1,8,4, 0.037477257590
3,1,8,5, 0.052334234428
3,1,8,6, 0.041610346785
3,1,8,9,-0.025094355543
3,1,9,3,-0.057795518574
3,1,9,8,-0.025094355543
3,2,2,3, 0.048105227081
3,2,2,8, 0.015451496253
3,2,3,2, 0.048105227081
3,2,3,7, 0.015451496253
3,2,7,3, 0.015451496253
3,2,7,8, 0.015531773525
3,2,8,2, 0.015451496253
3,2,8,7, 0.015531773525
3,3,0,0, 0.775037038942
3,3,0,1, 0.462081934851
3,3,0,5, 0.355426105188
3,3,0,6, 0.363804631750
3,3,0,9,-0.425628903577
3,3,1,0, 0.462081934851
3,3,1,1, 0.491073083906
3,3,1,5, 0.304080661397
3,3,1,6, 0.410621667037
3,3,1,9,-0.183525960526
3,3,2,2, 0.689508254834
3,3,2,7, 0.271080416194
3,3,3,3, 0.785718708997
3,3,3,8, 0.301983408700
3,3,4,4, 0.689508254834
3,3,4,5, 0.320975168326
3,3,4,6, 0.100705636956
3,3,4,9,-0.232298362611
3,3,5,0, 0.355426105188
3,3,5,1, 0.304080661397
3,3,5,4, 0.320975168326
3,3,5,5, 0.541374962743
3,3,5,6, 0.350817486950
3,3,5,9,-0.131239122589
3,3,6,0, 0.363804631750
3,3,6,1, 0.410621667037
3,3,6,4, 0.100705636956
3,3,6,5, 0.350817486950
3,3,6,6, 0.424899291898
3,3,6,9,-0.107859923420
3,3,7,2, 0.271080416194
3,3,7,7, 0.500103314765
3,3,8,3, 0.301983408700
3,3,8,8, 0.531166861814
3,3,9,0,-0.425628903577
3,3,9,1,-0.183525960526
3,3,9,4,-0.232298362611
3,3,9,5,-0.131239122589
3,3,9,6,-0.107859923420
3,3,9,9, 0.571639912087
3,4,0,8, 0.021638480729
3,4,1,8, 0.021004341205
3,4,3,4, 0.048105227081
3,4,3,5, 0.018068490584
3,4,3,6, 0.006492406934
3,4,3,9,-0.019515691828
3,4,4,3, 0.048105227081
3,4,4,8, 0.032390853287
3,4,5,3, 0.018068490584
3,4,5,8, 0.038917040452
3,4,6,3, 0.006492406934
3,4,6,8, 0.025094355543
3,4,8,0, 0.021638480729
3,4,8,1, 0.021004341205
3,4,8,4, 0.032390853287
3,4,8,5, 0.038917040452
3,4,8,6, 0.025094355543
3,4,8,9,-0.017284073729
3,4,9,3,-0.019515691828
3,4,9,8,-0.017284073729
3,5,0,3, 0.063690056588
3,5,0,8, 0.035151381497
3,5,1,3, 0.044328208430
3,5,1,8, 0.034235467956
3,5,3,0, 0.063690056588
3,5,3,1, 0.044328208430
3,5,3,4, 0.018068490584
3,5,3,5, 0.035958222309
3,5,3,6, 0.037187544950
3,5,3,9,-0.043769865695
3,5,4,3, 0.018068490584
3,5,4,8, 0.040257968813
3,5,5,3, 0.035958222309
3,5,5,8, 0.055680955033
3,5,6,3, 0.037187544950
3,5,6,8, 0.039511945647
3,5,8,0, 0.035151381497
3,5,8,1, 0.034235467956
3,5,8,4, 0.040257968813
3,5,8,5, 0.055680955033
3,5,8,6, 0.039511945647
3,5,8,9,-0.021638480729
3,5,9,3,-0.043769865695
3,5,9,8,-0.021638480729
3,6,0,3, 0.078456792694
3,6,0,8, 0.034235467956
3,6,1,3, 0.056235841331
3,6,1,8, 0.033452391097
3,6,3,0, 0.078456792694
3,6,3,1, 0.056235841331
3,6,3,4, 0.006492406934
3,6,3,5, 0.037187544950
3,6,3,6, 0.044715794272
3,6,3,9,-0.047233377503
3,6,4,3, 0.006492406934
3,6,4,8, 0.034572353552
3,6,5,3, 0.037187544950
3,6,5,8, 0.048538161173
3,6,6,3, 0.044715794272
3,6,6,8, 0.037647226502
3,6,8,0, 0.034235467956
3,6,8,1, 0.033452391097
3,6,8,4, 0.034572353552
3,6,8,5, 0.048538161173
3,6,8,6, 0.037647226502
3,6,8,9,-0.021004341205
3,6,9,3,-0.047233377503
3,6,9,8,-0.021004341205
3,7,2,3, 0.015451496253
3,7,2,8, 0.008968604074
3,7,3,2, 0.015451496253
3,7,3,7, 0.008968604074
3,7,7,3, 0.008968604074
3,7,7,8, 0.015451496253
3,7,8,2, 0.008968604074
3,7,8,7, 0.015451496253
3,8,0,0, 0.301131390684
3,8,0,1, 0.184641303191
3,8,0,4, 0.050210876913
3,8,0,5, 0.168338610886
3,8,0,6, 0.153722530895
3,8,0,9,-0.180979501275
3,8,1,0, 0.184641303191
3,8,1,1, 0.204133924767
3,8,1,4, 0.037477257590
3,8,1,5, 0.153722530895
3,8,1,6, 0.184164276024
3,8,1,9,-0.074216503373
3,8,2,2, 0.271080416194
3,8,2,7, 0.128549991728
3,8,3,3, 0.301983408700
3,8,3,8, 0.146487199876
3,8,4,0, 0.050210876913
3,8,4,1, 0.037477257590
3,8,4,4, 0.288019773227
3,8,4,5, 0.180979501275
3,8,4,6, 0.074216503373
3,8,4,9,-0.122520219837
3,8,5,0, 0.168338610886
3,8,5,1, 0.153722530895
3,8,5,4, 0.180979501275
3,8,5,5, 0.301131390684
3,8,5,6, 0.184641303191
3,8,5,9,-0.050210876913
3,8,6,0, 0.153722530895
3,8,6,1, 0.184164276024
3,8,6,4, 0.074216503373
3,8,6,5, 0.184641303191
3,8,6,6, 0.204133924767
3,8,6,9,-0.037477257590
3,8,7,2, 0.128549991728
3,8,7,7, 0.271080416194
3,8,8,3, 0.146487199876
3,8,8,8, 0.301983408700
3,8,9,0,-0.180979501275
3,8,9,1,-0.074216503373
3,8,9,4,-0.122520219837
3,8,9,5,-0.050210876913
3,8,9,6,-0.037477257590
3,8,9,9, 0.288019773227
3,9,0,3,-0.087877364792
3,9,0,8,-0.040257968813
3,9,1,3,-0.057795518574
3,9,1,8,-0.034572353552
3,9,3,0,-0.087877364792
3,9,3,1,-0.057795518574
3,9,3,4,-0.019515691828
3,9,3,5,-0.043769865695
3,9,3,6,-0.047233377503
3,9,3,9, 0.059182646387
3,9,4,3,-0.019515691828
3,9,4,8,-0.041245438239
3,9,5,3,-0.043769865695
3,9,5,8,-0.050210876913
3,9,6,3,-0.047233377503
3,9,6,8,-0.037477257590
3,9,8,0,-0.040257968813
3,9,8,1,-0.034572353552
3,9,8,4,-0.041245438239
3,9,8,5,-0.050210876913
3,9,8,6,-0.037477257590
3,9,8,9, 0.032390853287
3,9,9,3, 0.059182646387
3,9,9,8, 0.032390853287
4,0,0,4, 0.152608082603
4,0,0,5, 0.064968689963
4,0,0,6, 0.019705486324
4,0,0,9,-0.054584591905
4,0,1,4, 0.101353944495
4,0,1,5, 0.060369231904
4,0,1,6, 0.026865256421
4,0,1,9,-0.020199798045
4,0,2,7, 0.050210876913
4,0,3,8, 0.050210876913
4,0,4,0, 0.152608082603
4,0,4,1, 0.101353944495
4,0,4,5, 0.117935664007
4,0,4,6, 0.082508333771
4,0,4,9,-0.092697154822
4,0,5,0, 0.064968689963
4,0,5,1, 0.060369231904
4,0,5,4, 0.117935664007
4,0,5,5, 0.158926235690
4,0,5,6, 0.078609632181
4,0,5,9,-0.031035685109
4,0,6,0, 0.019705486324
4,0,6,1, 0.026865256421
4,0,6,4, 0.082508333771
4,0,6,5, 0.078609632181
4,0,6,6, 0.050383108470
4,0,6,9,-0.011370881612
4,0,7,2, 0.050210876913
4,0,7,7, 0.131239122589
4,0,8,3, 0.050210876913
4,0,8,8, 0.131239122589
4,0,9,0,-0.054584591905
4,0,9,1,-0.020199798045
4,0,9,4,-0.092697154822
4,0,9,5,-0.031035685109
4,0,9,6,-0.011370881612
4,0,9,9, 0.132318148362
4,1,0,4, 0.101353944495
4,1,0,5, 0.046687784478
4,1,0,6, 0.014769612477
4,1,0,9,-0.033804868668
4,1,1,4, 0.072461555243
4,1,1,5, 0.047521321802
4,1,1,6, 0.022651820462
4,1,1,9,-0.010275500117
4,1,2,7, 0.037477257590
4,1,3,8, 0.037477257590
4,1,4,0, 0.101353944495
4,1,4,1, 0.072461555243
4,1,4,5, 0.085048007570
4,1,4,6, 0.059427903524
4,1,4,9,-0.058451131890
4,1,5,0, 0.046687784478
4,1,5,1, 0.047521321802
4,1,5,4, 0.085048007570
4,1,5,5, 0.125021797009
4,1,5,6, 0.063308024591
4,1,5,9,-0.011370881612
4,1,6,0, 0.014769612477
4,1,6,1, 0.022651820462
4,1,6,4, 0.059427903524
4,1,6,5, 0.063308024591
4,1,6,6, 0.043099513749
4,1,6,9,-0.001696189591
4,1,7,2, 0.037477257590
4,1,7,7, 0.107859923420
4,1,8,3, 0.037477257590
4,1,8,8, 0.107859923420
4,1,9,0,-0.033804868668
4,1,9,1,-0.010275500117
4,1,9,4,-0.058451131890
4,1,9,5,-0.011370881612
4,1,9,6,-0.001696189591
4,1,9,9, 0.098256698038
4,2,0,7, 0.021638480729
4,2,1,7, 0.021004341205
4,2,2,4, 0.048105227081
4,2,2,5, 0.018068490584
4,2,2,6, 0.006492406934
4,2,2,9,-0.019515691828
4,2,4,2, 0.048105227081
4,2,4,7, 0.032390853287
4,2,5,2, 0.018068490584
4,2,5,7, 0.038917040452
4,2,6,2, 0.006492406934
4,2,6,7, 0.025094355543
4,2,7,0, 0.021638480729
4,2,7,1, 0.021004341205
4,2,7,4, 0.032390853287
4,2,7,5, 0.038917040452
4,2,7,6, 0.025094355543
4,2,7,9,-0.017284073729
4,2,9,2,-0.019515691828
4,2,9,7,-0.017284073729
4,3,0,8, 0.021638480729
4,3,1,8, 0.021004341205
4,3,3,4, 0.048105227081
4,3,3,5, 0.018068490584
4,3,3,6, 0.006492406934
4,3,3,9,-0.019515691828
4,3,4,3, 0.048105227081
4,3,4,8, 0.032390853287
4,3,5,3, 0.018068490584
4,3,5,8, 0.038917040452
4,3,6,3, 0.006492406934
4,3,6,8, 0.025094355543
4,3,8,0, 0.021638480729
4,3,8,1, 0.021004341205
4,3,8,4, 0.032390853287
4,3,8,5, 0.038917040452
4,3,8,6, 0.025094355543
4,3,8,9,-0.017284073729
4,3,9,3,-0.019515691828
4,3,9,8,-0.017284073729
4,4,0,0, 0.775037038942
4,4,0,1, 0.462081934851
4,4,0,5, 0.378715933364
4,4,0,6, 0.365564321355
4,4,0,9,-0.428200557899
4,4,1,0, 0.462081934851
4,4,1,1, 0.491073083906
4,4,1,5, 0.327405148829
4,4,1,6, 0.413473470406
4,4,1,9,-0.177225932784
4,4,2,2, 0.689508254834
4,4,2,7, 0.288019773227
4,4,3,3, 0.689508254834
4,4,3,8, 0.288019773227
4,4,4,4, 0.785718708997
4,4,4,5, 0.378076802542
4,4,4,6, 0.113979595490
4,4,4,9,-0.258319982161
4,4,5,0, 0.378715933364
4,4,5,1, 0.327405148829
4,4,5,4, 0.378076802542
4,4,5,5, 0.636650827917
4,4,5,6, 0.385319137250
4,4,5,9,-0.132318148362
4,4,6,0, 0.365564321355
4,4,6,1, 0.413473470406
4,4,6,4, 0.113979595490
4,4,6,5, 0.385319137250
4,4,6,6, 0.435091853202
4,4,6,9,-0.098256698038
4,4,7,2, 0.288019773227
4,4,7,7, 0.571639912087
4,4,8,3, 0.288019773227
4,4,8,8, 0.571639912087
4,4,9,0,-0.428200557899
4,4,9,1,-0.177225932784
4,4,9,4,-0.258319982161
4,4,9,5,-0.132318148362
4,4,9,6,-0.098256698038
4,4,9,9, 0.622045471280
4,5,0,0, 0.355215541791
4,5,0,1, 0.218881594503
4,5,0,4, 0.117935664007
4,5,0,5, 0.238595910444
4,5,0,6, 0.191198762618
4,5,0,9,-0.230949832689
4,5,1,0, 0.218881594503
4,5,1,1, 0.243624825367
4,5,1,4, 0.085048007570
4,5,1,5, 0.222744055608
4,5,1,6, 0.233028369315
4,5,1,9,-0.086018594134
4,5,2,2, 0.320975168326
4,5,2,7, 0.180979501275
4,5,3,3, 0.320975168326
4,5,3,8, 0.180979501275
4,5,4,0, 0.117935664007
4,5,4,1, 0.085048007570
4,5,4,4, 0.378076802542
4,5,4,5, 0.294947785340
4,5,4,6, 0.127402809513
4,5,4,9,-0.184762123650
4,5,5,0, 0.238595910444
4,5,5,1, 0.222744055608
4,5,5,4, 0.294947785340
4,5,5,5, 0.493289565183
4,5,5,6, 0.275709927613
4,5,5,9,-0.054584591905
4,5,6,0, 0.191198762618
4,5,6,1, 0.233028369315
4,5,6,4, 0.127402809513
4,5,6,5, 0.275709927613
4,5,6,6, 0.271694920120
4,5,6,9,-0.033804868668
4,5,7,2, 0.180979501275
4,5,7,7, 0.425628903577
4,5,8,3, 0.180979501275
4,5,8,8, 0.425628903577
4,5,9,0,-0.230949832689
4,5,9,1,-0.086018594134
4,5,9,4,-0.184762123650
4,5,9,5,-0.054584591905
4,5,9,6,-0.033804868668
4,5,9,9, 0.428200557899
4,6,0,0, 0.108833902847
4,6,0,1, 0.068118922655
4,6,0,4, 0.082508333771
4,6,0,5, 0.094048079777
4,6,0,6, 0.066298315182
4,6,0,9,-0.086018594134
4,6,1,0, 0.068118922655
4,6,1,1, 0.077958135153
4,6,1,4, 0.059427903524
4,6,1,5, 0.090887833558
4,6,1,6, 0.085116056450
4,6,1,9,-0.030864197801
4,6,2,2, 0.100705636956
4,6,2,7, 0.074216503373
4,6,3,3, 0.100705636956
4,6,3,8, 0.074216503373
4,6,4,0, 0.082508333771
4,6,4,1, 0.059427903524
4,6,4,4, 0.113979595490
4,6,4,5, 0.127402809513
4,6,4,6, 0.066449878331
4,6,4,9,-0.082586432139
4,6,5,0, 0.094048079777
4,6,5,1, 0.090887833558
4,6,5,4, 0.127402809513
4,6,5,5, 0.205874608573
4,6,5,6, 0.114726088865
4,6,5,9,-0.020199798045
4,6,6,0, 0.066298315182
4,6,6,1, 0.085116056450
4,6,6,4, 0.066449878331
4,6,6,5, 0.114726088865
4,6,6,6, 0.107232184738
4,6,6,9,-0.010275500117
4,6,7,2, 0.074216503373
4,6,7,7, 0.183525960526
4,6,8,3, 0.074216503373
4,6,8,8, 0.183525960526
4,6,9,0,-0.086018594134
4,6,9,1,-0.030864197801
4,6,9,4,-0.082586432139
4,6,9,5,-0.020199798045
4,6,9,6,-0.010275500117
4,6,9,9, 0.177225932784
4,7,0,2, 0.050210876913
4,7,0,7, 0.043769865695
4,7,1,2, 0.037477257590
4,7,1,7, 0.047233377503
4,7,2,0, 0.050210876913
4,7,2,1, 0.037477257590
4,7,2,4, 0.032390853287
4,7,2,5, 0.040257968813
4,7,2,6, 0.034572353552
4,7,2,9,-0.041245438239
4,7,4,2, 0.032390853287
4,7,4,7, 0.059182646387
4,7,5,2, 0.040257968813
4,7,5,7, 0.087877364792
4,7,6,2, 0.034572353552
4,7,6,7, 0.057795518574
4,7,7,0, 0.043769865695
4,7,7,1, 0.047233377503
4,7,7,4, 0.059182646387
4,7,7,5, 0.087877364792
4,7,7,6, 0.057795518574
4,7,7,9,-0.019515691828
4,7,9,2,-0.041245438239
4,7,9,7,-0.019515691828
4,8,0,3, 0.050210876913
4,8,0,8, 0.043769865695
4,8,1,3, 0.037477257590
4,8,1,8, 0.047233377503
4,8,3,0, 0.050210876913
4,8,3,1, 0.037477257590
4,8,3,4, 0.032390853287
4,8,3,5, 0.040257968813
4,8,3,6, 0.034572353552
4,8,3,9,-0.041245438239
4,8,4,3, 0.032390853287
4,8,4,8, 0.059182646387
4,8,5,3, 0.040257968813
4,8,5,8, 0.087877364792
4,8,6,3, 0.034572353552
4,8,6,8, 0.057795518574
4,8,8,0, 0.043769865695
4,8,8,1, 0.047233377503
4,8,8,4, 0.059182646387
4,8,8,5, 0.087877364792
4,8,8,6, 0.057795518574
4,8,8,9,-0.019515691828
4,8,9,3,-0.041245438239
4,8,9,8,-0.019515691828
4,9,0,0,-0.264546780720
4,9,0,1,-0.152920458704
4,9,0,4,-0.092697154822
4,9,0,5,-0.160377163690
4,9,0,6,-0.131208205594
4,9,0,9, 0.184762123650
4,9,1,0,-0.152920458704
4,9,1,1,-0.153998594531
4,9,1,4,-0.058451131890
4,9,1,5,-0.131208205594
4,9,1,6,-0.140731585093
4,9,1,9, 0.082586432139
4,9,2,2,-0.232298362611
4,9,2,7,-0.122520219837
4,9,3,3,-0.232298362611
4,9,3,8,-0.122520219837
4,9,4,0,-0.092697154822
4,9,4,1,-0.058451131890
4,9,4,4,-0.258319982161
4,9,4,5,-0.184762123650
4,9,4,6,-0.082586432139
4,9,4,9, 0.150402127642
4,9,5,0,-0.160377163690
4,9,5,1,-0.131208205594
4,9,5,4,-0.184762123650
4,9,5,5,-0.264546780720
4,9,5,6,-0.152920458704
4,9,5,9, 0.092697154822
4,9,6,0,-0.131208205594
4,9,6,1,-0.140731585093
4,9,6,4,-0.082586432139
4,9,6,5,-0.152920458704
4,9,6,6,-0.153998594531
4,9,6,9, 0.058451131890
4,9,7,2,-0.122520219837
4,9,7,7,-0.232298362611
4,9,8,3,-0.122520219837
4,9,8,8,-0.232298362611
4,9,9,0, 0.184762123650
4,9,9,1, 0.082586432139
4,9,9,4, 0.150402127642
4,9,9,5, 0.092697154822
4,9,9,6, 0.058451131890
4,9,9,9,-0.258319982161
5,0,0,0, 0.398111950567
5,0,0,1, 0.235154344980
5,0,0,4, 0.064968689963
5,0,0,5, 0.219871663294
5,0,0,6, 0.195376411331
5,0,0,9,-0.238595910444
5,0,1,0, 0.235154344980
5,0,1,1, 0.250674891915
5,0,1,4, 0.046687784478
5,0,1,5, 0.195376411331
5,0,1,6, 0.225932542045
5,0,1,9,-0.094048079777
5,0,2,2, 0.355426105188
5,0,2,7, 0.168338610886
5,0,3,3, 0.355426105188
5,0,3,8, 0.168338610886
5,0,4,0, 0.064968689963
5,0,4,1, 0.046687784478
5,0,4,4, 0.378715933364
5,0,4,5, 0.238595910444
5,0,4,6, 0.094048079777
5,0,4,9,-0.160377163690
5,0,5,0, 0.219871663294
5,0,5,1, 0.195376411331
5,0,5,4, 0.238595910444
5,0,5,5, 0.398111950567
5,0,5,6, 0.235154344980
5,0,5,9,-0.064968689963
5,0,6,0, 0.195376411331
5,0,6,1, 0.225932542045
5,0,6,4, 0.094048079777
5,0,6,5, 0.235154344980
5,0,6,6, 0.250674891915
5,0,6,9,-0.046687784478
5,0,7,2, 0.168338610886
5,0,7,7, 0.355426105188
5,0,8,3, 0.168338610886
5,0,8,8, 0.355426105188
5,0,9,0,-0.238595910444
5,0,9,1,-0.094048079777
5,0,9,4,-0.160377163690
5,0,9,5,-0.064968689963
5,0,9,6,-0.046687784478
5,0,9,9, 0.378715933364
5,1,0,0, 0.325338004650
5,1,0,1, 0.203733448849
5,1,0,4, 0.060369231904
5,1,0,5, 0.195376411331
5,1,0,6, 0.172287705388
5,1,0,9,-0.191198762618
5,1,1,0, 0.203733448849
5,1,1,1, 0.237029319532
5,1,1,4, 0.047521321802
5,1,1,5, 0.189961640608
5,1,1,6, 0.221362803707
5,1,1,9,-0.066298315182
5,1,2,2, 0.304080661397
5,1,2,7, 0.153722530895
5,1,3,3, 0.304080661397
5,1,3,8, 0.153722530895
5,1,4,0, 0.060369231904
5,1,4,1, 0.047521321802
5,1,4,4, 0.327405148829
5,1,4,5, 0.222744055608
5,1,4,6, 0.090887833558
5,1,4,9,-0.131208205594
5,1,5,0, 0.195376411331
5,1,5,1, 0.189961640608
5,1,5,4, 0.222744055608
5,1,5,5, 0.396908887172
5,1,5,6, 0.236694159145
5,1,5,9,-0.019705486324
5,1,6,0, 0.172287705388
5,1,6,1, 0.221362803707
5,1,6,4, 0.090887833558
5,1,6,5, 0.236694159145
5,1,6,6, 0.256887793938
5,1,6,9,-0.014769612477
5,1,7,2, 0.153722530895
5,1,7,7, 0.363804631750
5,1,8,3, 0.153722530895
5,1,8,8, 0.363804631750
5,1,9,0,-0.191198762618
5,1,9,1,-0.066298315182
5,1,9,4,-0.131208205594
5,1,9,5,-0.019705486324
5,1,9,6,-0.014769612477
5,1,9,9, 0.365564321355
5,2,0,2, 0.063690056588
5,2,0,7, 0.035151381497
5,2,1,2, 0.044328208430
5,2,1,7, 0.034235467956
5,2,2,0, 0.063690056588
5,2,2,1, 0.044328208430
5,2,2,4, 0.018068490584
5,2,2,5, 0.035958222309
5,2,2,6, 0.037187544950
5,2,2,9,-0.043769865695
5,2,4,2, 0.018068490584
5,2,4,7, 0.040257968813
5,2,5,2, 0.035958222309
5,2,5,7, 0.055680955033
5,2,6,2, 0.037187544950
5,2,6,7, 0.039511945647
5,2,7,0, 0.035151381497
5,2,7,1, 0.034235467956
5,2,7,4, 0.040257968813
5,2,7,5, 0.055680955033
5,2,7,6, 0.039511945647
5,2,7,9,-0.021638480729
5,2,9,2,-0.043769865695
5,2,9,7,-0.021638480729
5,3,0,3, 0.063690056588
5,3,0,8, 0.035151381497
5,3,1,3, 0.044328208430
5,3,1,8, 0.034235467956
5,3,3,0, 0.063690056588
5,3,3,1, 0.044328208430
5,3,3,4, 0.018068490584
5,3,3,5, 0.035958222309
5,3,3,6, 0.037187544950
5,3,3,9,-0.043769865695
5,3,4,3, 0.018068490584
5,3,4,8, 0.040257968813
5,3,5,3, 0.035958222309
5,3,5,8, 0.055680955033
5,3,6,3, 0.037187544950
5,3,6,8, 0.039511945647
5,3,8,0, 0.035151381497
5,3,8,1, 0.034235467956
5,3,8,4, 0.040257968813
5,3,8,5, 0.055680955033
5,3,8,6, 0.039511945647
5,3,8,9,-0.021638480729
5,3,9,3,-0.043769865695
5,3,9,8,-0.021638480729
5,4,0,0, 0.355215541791
5,4,0,1, 0.218881594503
5,4,0,4, 0.117935664007
5,4,0,5, 0.238595910444
5,4,0,6, 0.191198762618
5,4,0,9,-0.230949832689
5,4,1,0, 0.218881594503
5,4,1,1, 0.243624825367
5,4,1,4, 0.085048007570
5,4,1,5, 0.222744055608
5,4,1,6, 0.233028369315
5,4,1,9,-0.086018594134
5,4,2,2, 0.320975168326
5,4,2,7, 0.180979501275
5,4,3,3, 0.320975168326
5,4,3,8, 0.180979501275
5,4,4,0, 0.117935664007
5,4,4,1, 0.085048007570
5,4,4,4, 0.378076802542
5,4,4,5, 0.294947785340
5,4,4,6, 0.127402809513
5,4,4,9,-0.184762123650
5,4,5,0, 0.238595910444
5,4,5,1, 0.222744055608
5,4,5,4, 0.294947785340
5,4,5,5, 0.493289565183
5,4,5,6, 0.275709927613
5,4,5,9,-0.054584591905
5,4,6,0, 0.191198762618
5,4,6,1, 0.233028369315
5,4,6,4, 0.127402809513
5,4,6,5, 0.275709927613
5,4,6,6, 0.271694920120
5,4,6,9,-0.033804868668
5,4,7,2, 0.180979501275
5,4,7,7, 0.425628903577
5,4,8,3, 0.180979501275
5,4,8,8, 0.425628903577
5,4,9,0,-0.230949832689
5,4,9,1,-0.086018594134
5,4,9,4,-0.184762123650
5,4,9,5,-0.054584591905
5,4,9,6,-0.033804868668
5,4,9,9, 0.428200557899
5,5,0,0, 0.590018531202
5,5,0,1, 0.373789545083
5,5,0,4, 0.158926235690
5,5,0,5, 0.398111950567
5,5,0,6, 0.325338004650
5,5,0,9,-0.355215541791
5,5,1,0, 0.373789545083
5,5,1,1, 0.438092446113
5,5,1,4, 0.125021797009
5,5,1,5, 0.396908887172
5,5,1,6, 0.424033670147
5,5,1,9,-0.108833902847
5,5,2,2, 0.541374962743
5,5,2,7, 0.301131390684
5,5,3,3, 0.541374962743
5,5,3,8, 0.301131390684
5,5,4,0, 0.158926235690
5,5,4,1, 0.125021797009
5,5,4,4, 0.636650827917
5,5,4,5, 0.493289565183
5,5,4,6, 0.205874608573
5,5,4,9,-0.264546780720
5,5,5,0, 0.398111950567
5,5,5,1, 0.396908887172
5,5,5,4, 0.493289565183
5,5,5,5, 0.897251802255
5,5,5,6, 0.504699283325
5,5,6,0, 0.325338004650
5,5,6,1, 0.424033670147
5,5,6,4, 0.205874608573
5,5,6,5, 0.504699283325
5,5,6,6, 0.507364877272
5,5,7,2, 0.301131390684
5,5,7,7, 0.775037038942
5,5,8,3, 0.301131390684
5,5,8,8, 0.775037038942
5,5,9,0,-0.355215541791
5,5,9,1,-0.108833902847
5,5,9,4,-0.264546780720
5,5,9,9, 0.775037038942
5,6,0,0, 0.373789545083
5,6,0,1, 0.237967702305
5,6,0,4, 0.078609632181
5,6,0,5, 0.235154344980
5,6,0,6, 0.203733448849
5,6,0,9,-0.218881594503
5,6,1,0, 0.237967702305
5,6,1,1, 0.284863160685
5,6,1,4, 0.063308024591
5,6,1,5, 0.236694159145
5,6,1,6, 0.272139026933
5,6,1,9,-0.068118922655
5,6,2,2, 0.350817486950
5,6,2,7, 0.184641303191
5,6,3,3, 0.350817486950
5,6,3,8, 0.184641303191
5,6,4,0, 0.078609632181
5,6,4,1, 0.063308024591
5,6,4,4, 0.385319137250
5,6,4,5, 0.275709927613
5,6,4,6, 0.114726088865
5,6,4,9,-0.152920458704
5,6,5,0, 0.235154344980
5,6,5,1, 0.236694159145
5,6,5,4, 0.275709927613
5,6,5,5, 0.504699283325
5,6,5,6, 0.300015949963
5,6,6,0, 0.203733448849
5,6,6,1, 0.272139026933
5,6,6,4, 0.114726088865
5,6,6,5, 0.300015949963
5,6,6,6, 0.324022459289
5,6,7,2, 0.184641303191
5,6,7,7, 0.462081934851
5,6,8,3, 0.184641303191
5,6,8,8, 0.462081934851
5,6,9,0,-0.218881594503
5,6,9,1,-0.068118922655
5,6,9,4,-0.152920458704
5,6,9,9, 0.462081934851
5,7,0,2, 0.066706736245
5,7,0,7, 0.063690056588
5,7,1,2, 0.052334234428
5,7,1,7, 0.078456792694
5,7,2,0, 0.066706736245
5,7,2,1, 0.052334234428
5,7,2,4, 0.038917040452
5,7,2,5, 0.055680955033
5,7,2,6, 0.048538161173
5,7,2,9,-0.050210876913
5,7,4,2, 0.038917040452
5,7,4,7, 0.087877364792
5,7,5,2, 0.055680955033
5,7,5,7, 0.152608082603
5,7,6,2, 0.048538161173
5,7,6,7, 0.101353944495
5,7,7,0, 0.063690056588
5,7,7,1, 0.078456792694
5,7,7,4, 0.087877364792
5,7,7,5, 0.152608082603
5,7,7,6, 0.101353944495
5,7,9,2,-0.050210876913
5,8,0,3, 0.066706736245
5,8,0,8, 0.063690056588
5,8,1,3, 0.052334234428
5,8,1,8, 0.078456792694
5,8,3,0, 0.066706736245
5,8,3,1, 0.052334234428
5,8,3,4, 0.038917040452
5,8,3,5, 0.055680955033
5,8,3,6, 0.048538161173
5,8,3,9,-0.050210876913
5,8,4,3, 0.038917040452
5,8,4,8, 0.087877364792
5,8,5,3, 0.055680955033
5,8,5,8, 0.152608082603
5,8,6,3, 0.048538161173
5,8,6,8, 0.101353944495
5,8,8,0, 0.063690056588
5,8,8,1, 0.078456792694
5,8,8,4, 0.087877364792
5,8,8,5, 0.152608082603
5,8,8,6, 0.101353944495
5,8,9,3,-0.050210876913
5,9,0,0,-0.158926235690
5,9,0,1,-0.078609632181
5,9,0,4,-0.031035685109
5,9,0,5,-0.064968689963
5,9,0,6,-0.060369231904
5,9,0,9, 0.117935664007
5,9,1,0,-0.078609632181
5,9,1,1,-0.050383108470
5,9,1,4,-0.011370881612
5,9,1,5,-0.019705486324
5,9,1,6,-0.026865256421
5,9,1,9, 0.082508333771
5,9,2,2,-0.131239122589
5,9,2,7,-0.050210876913
5,9,3,3,-0.131239122589
5,9,3,8,-0.050210876913
5,9,4,0,-0.031035685109
5,9,4,1,-0.011370881612
5,9,4,4,-0.132318148362
5,9,4,5,-0.054584591905
5,9,4,6,-0.020199798045
5,9,4,9, 0.092697154822
5,9,5,0,-0.064968689963
5,9,5,1,-0.019705486324
5,9,5,4,-0.054584591905
5,9,5,9, 0.152608082603
5,9,6,0,-0.060369231904
5,9,6,1,-0.026865256421
5,9,6,4,-0.020199798045
5,9,6,9, 0.101353944495
5,9,7,2,-0.050210876913
5,9,8,3,-0.050210876913
5,9,9,0, 0.117935664007
5,9,9,1, 0.082508333771
5,9,9,4, 0.092697154822
5,9,9,5, 0.152608082603
5,9,9,6, 0.101353944495
6,0,0,0, 0.396908887172
6,0,0,1, 0.236694159145
6,0,0,4, 0.019705486324
6,0,0,5, 0.195376411331
6,0,0,6, 0.189961640608
6,0,0,9,-0.222744055608
6,0,1,0, 0.236694159145
6,0,1,1, 0.256887793938
6,0,1,4, 0.014769612477
6,0,1,5, 0.172287705388
6,0,1,6, 0.221362803707
6,0,1,9,-0.090887833558
6,0,2,2, 0.363804631750
6,0,2,7, 0.153722530895
6,0,3,3, 0.363804631750
6,0,3,8, 0.153722530895
6,0,4,0, 0.019705486324
6,0,4,1, 0.014769612477
6,0,4,4, 0.365564321355
6,0,4,5, 0.191198762618
6,0,4,6, 0.066298315182
6,0,4,9,-0.131208205594
6,0,5,0, 0.195376411331
6,0,5,1, 0.172287705388
6,0,5,4, 0.191198762618
6,0,5,5, 0.325338004650
6,0,5,6, 0.203733448849
6,0,5,9,-0.060369231904
6,0,6,0, 0.189961640608
6,0,6,1, 0.221362803707
6,0,6,4, 0.066298315182
6,0,6,5, 0.203733448849
6,0,6,6, 0.237029319532
6,0,6,9,-0.047521321802
6,0,7,2, 0.153722530895
6,0,7,7, 0.304080661397
6,0,8,3, 0.153722530895
6,0,8,8, 0.304080661397
6,0,9,0,-0.222744055608
6,0,9,1,-0.090887833558
6,0,9,4,-0.131208205594
6,0,9,5,-0.060369231904
6,0,9,6,-0.047521321802
6,0,9,9, 0.327405148829
6,1,0,0, 0.424033670147
6,1,0,1, 0.272139026933
6,1,0,4, 0.026865256421
6,1,0,5, 0.225932542045
6,1,0,6, 0.221362803707
6,1,0,9,-0.233028369315
6,1,1,0, 0.272139026933
6,1,1,1, 0.334443057396
6,1,1,4, 0.022651820462
6,1,1,5, 0.221362803707
6,1,1,6, 0.297317799732
6,1,1,9,-0.085116056450
6,1,2,2, 0.410621667037
6,1,2,7, 0.184164276024
6,1,3,3, 0.410621667037
6,1,3,8, 0.184164276024
6,1,4,0, 0.026865256421
6,1,4,1, 0.022651820462
6,1,4,4, 0.413473470406
6,1,4,5, 0.233028369315
6,1,4,6, 0.085116056450
6,1,4,9,-0.140731585093
6,1,5,0, 0.225932542045
6,1,5,1, 0.221362803707
6,1,5,4, 0.233028369315
6,1,5,5, 0.424033670147
6,1,5,6, 0.272139026933
6,1,5,9,-0.026865256421
6,1,6,0, 0.221362803707
6,1,6,1, 0.297317799732
6,1,6,4, 0.085116056450
6,1,6,5, 0.272139026933
6,1,6,6, 0.334443057396
6,1,6,9,-0.022651820462
6,1,7,2, 0.184164276024
6,1,7,7, 0.410621667037
6,1,8,3, 0.184164276024
6,1,8,8, 0.410621667037
6,1,9,0,-0.233028369315
6,1,9,1,-0.085116056450
6,1,9,4,-0.140731585093
6,1,9,5,-0.026865256421
6,1,9,6,-0.022651820462
6,1,9,9, 0.413473470406
6,2,0,2, 0.078456792694
6,2,0,7, 0.034235467956
6,2,1,2, 0.056235841331
6,2,1,7, 0.033452391097
6,2,2,0, 0.078456792694
6,2,2,1, 0.056235841331
6,2,2,4, 0.006492406934
6,2,2,5, 0.037187544950
6,2,2,6, 0.044715794272
6,2,2,9,-0.047233377503
6,2,4,2, 0.006492406934
6,2,4,7, 0.034572353552
6,2,5,2, 0.037187544950
6,2,5,7, 0.048538161173
6,2,6,2, 0.044715794272
6,2,6,7, 0.037647226502
6,2,7,0, 0.034235467956
6,2,7,1, 0.033452391097
6,2,7,4, 0.034572353552
6,2,7,5, 0.048538161173
6,2,7,6, 0.037647226502
6,2,7,9,-0.021004341205
6,2,9,2,-0.047233377503
6,2,9,7,-0.021004341205
6,3,0,3, 0.078456792694
6,3,0,8, 0.034235467956
6,3,1,3, 0.056235841331
6,3,1,8, 0.033452391097
6,3,3,0, 0.078456792694
6,3,3,1, 0.056235841331
6,3,3,4, 0.006492406934
6,3,3,5, 0.037187544950
6,3,3,6, 0.044715794272
6,3,3,9,-0.047233377503
6,3,4,3, 0.006492406934
6,3,4,8, 0.034572353552
6,3,5,3, 0.037187544950
6,3,5,8, 0.048538161173
6,3,6,3, 0.044715794272
6,3,6,8, 0.037647226502
6,3,8,0, 0.034235467956
6,3,8,1, 0.033452391097
6,3,8,4, 0.034572353552
6,3,8,5, 0.048538161173
6,3,8,6, 0.037647226502
6,3,8,9,-0.021004341205
6,3,9,3,-0.047233377503
6,3,9,8,-0.021004341205
6,4,0,0, 0.108833902847
6,4,0,1, 0.068118922655
6,4,0,4, 0.082508333771
6,4,0,5, 0.094048079777
6,4,0,6, 0.066298315182
6,4,0,9,-0.086018594134
6,4,1,0, 0.068118922655
6,4,1,1, 0.077958135153
6,4,1,4, 0.059427903524
6,4,1,5, 0.090887833558
6,4,1,6, 0.085116056450
6,4,1,9,-0.030864197801
6,4,2,2, 0.100705636956
6,4,2,7, 0.074216503373
6,4,3,3, 0.100705636956
6,4,3,8, 0.074216503373
6,4,4,0, 0.082508333771
6,4,4,1, 0.059427903524
6,4,4,4, 0.113979595490
6,4,4,5, 0.127402809513
6,4,4,6, 0.066449878331
6,4,4,9,-0.082586432139
6,4,5,0, 0.094048079777
6,4,5,1, 0.090887833558
6,4,5,4, 0.127402809513
6,4,5,5, 0.205874608573
6,4,5,6, 0.114726088865
6,4,5,9,-0.020199798045
6,4,6,0, 0.066298315182
6,4,6,1, 0.085116056450
6,4,6,4, 0.066449878331
6,4,6,5, 0.114726088865
6,4,6,6, 0.107232184738
6,4,6,9,-0.010275500117
6,4,7,2, 0.074216503373
6,4,7,7, 0.183525960526
6,4,8,3, 0.074216503373
6,4,8,8, 0.183525960526
6,4,9,0,-0.086018594134
6,4,9,1,-0.030864197801
6,4,9,4,-0.082586432139
6,4,9,5,-0.020199798045
6,4,9,6,-0.010275500117
6,4,9,9, 0.177225932784
6,5,0,0, 0.373789545083
6,5,0,1, 0.237967702305
6,5,0,4, 0.078609632181
6,5,0,5, 0.235154344980
6,5,0,6, 0.203733448849
6,5,0,9,-0.218881594503
6,5,1,0, 0.237967702305
6,5,1,1, 0.284863160685
6,5,1,4, 0.063308024591
6,5,1,5, 0.236694159145
6,5,1,6, 0.272139026933
6,5,1,9,-0.068118922655
6,5,2,2, 0.350817486950
6,5,2,7, 0.184641303191
6,5,3,3, 0.350817486950
6,5,3,8, 0.184641303191
6,5,4,0, 0.078609632181
6,5,4,1, 0.063308024591
6,5,4,4, 0.385319137250
6,5,4,5, 0.275709927613
6,5,4,6, 0.114726088865
6,5,4,9,-0.152920458704
6,5,5,0, 0.235154344980
6,5,5,1, 0.236694159145
6,5,5,4, 0.275709927613
6,5,5,5, 0.504699283325
6,5,5,6, 0.300015949963
6,5,6,0, 0.203733448849
6,5,6,1, 0.272139026933
6,5,6,4, 0.114726088865
6,5,6,5, 0.300015949963
6,5,6,6, 0.324022459289
6,5,7,2, 0.184641303191
6,5,7,7, 0.462081934851
6,5,8,3, 0.184641303191
6,5,8,8, 0.462081934851
6,5,9,0,-0.218881594503
6,5,9,1,-0.068118922655
6,5,9,4,-0.152920458704
6,5,9,9, 0.462081934851
6,6,0,0, 0.438092446113
6,6,0,1, 0.284863160685
6,6,0,4, 0.050383108470
6,6,0,5, 0.250674891915
6,6,0,6, 0.237029319532
6,6,0,9,-0.243624825367
6,6,1,0, 0.284863160685
6,6,1,1, 0.360027490482
6,6,1,4, 0.043099513749
6,6,1,5, 0.256887793938
6,6,1,6, 0.334443057396
6,6,1,9,-0.077958135153
6,6,2,2, 0.424899291898
6,6,2,7, 0.204133924767
6,6,3,3, 0.424899291898
6,6,3,8, 0.204133924767
6,6,4,0, 0.050383108470
6,6,4,1, 0.043099513749
6,6,4,4, 0.435091853202
6,6,4,5, 0.271694920120
6,6,4,6, 0.107232184738
6,6,4,9,-0.153998594531
6,6,5,0, 0.250674891915
6,6,5,1, 0.256887793938
6,6,5,4, 0.271694920120
6,6,5,5, 0.507364877272
6,6,5,6, 0.324022459289
6,6,6,0, 0.237029319532
6,6,6,1, 0.334443057396
6,6,6,4, 0.107232184738
6,6,6,5, 0.324022459289
6,6,6,6, 0.394125899248
6,6,7,2, 0.204133924767
6,6,7,7, 0.491073083906
6,6,8,3, 0.204133924767
6,6,8,8, 0.491073083906
6,6,9,0,-0.243624825367
6,6,9,1,-0.077958135153
6,6,9,4,-0.153998594531
6,6,9,9, 0.491073083906
6,7,0,2, 0.052334234428
6,7,0,7, 0.044328208430
6,7,1,2, 0.041610346785
6,7,1,7, 0.056235841331
6,7,2,0, 0.052334234428
6,7,2,1, 0.041610346785
6,7,2,4, 0.025094355543
6,7,2,5, 0.039511945647
6,7,2,6, 0.037647226502
6,7,2,9,-0.037477257590
6,7,4,2, 0.025094355543
6,7,4,7, 0.057795518574
6,7,5,2, 0.039511945647
6,7,5,7, 0.101353944495
6,7,6,2, 0.037647226502
6,7,6,7, 0.072461555243
6,7,7,0, 0.044328208430
6,7,7,1, 0.056235841331
6,7,7,4, 0.057795518574
6,7,7,5, 0.101353944495
6,7,7,6, 0.072461555243
6,7,9,2,-0.037477257590
6,8,0,3, 0.052334234428
6,8,0,8, 0.044328208430
6,8,1,3, 0.041610346785
6,8,1,8, 0.056235841331
6,8,3,0, 0.052334234428
6,8,3,1, 0.041610346785
6,8,3,4, 0.025094355543
6,8,3,5, 0.039511945647
6,8,3,6, 0.037647226502
6,8,3,9,-0.037477257590
6,8,4,3, 0.025094355543
6,8,4,8, 0.057795518574
6,8,5,3, 0.039511945647
6,8,5,8, 0.101353944495
6,8,6,3, 0.037647226502
6,8,6,8, 0.072461555243
6,8,8,0, 0.044328208430
6,8,8,1, 0.056235841331
6,8,8,4, 0.057795518574
6,8,8,5, 0.101353944495
6,8,8,6, 0.072461555243
6,8,9,3,-0.037477257590
6,9,0,0,-0.125021797009
6,9,0,1,-0.063308024591
6,9,0,4,-0.011370881612
6,9,0,5,-0.046687784478
6,9,0,6,-0.047521321802
6,9,0,9, 0.085048007570
6,9,1,0,-0.063308024591
6,9,1,1,-0.043099513749
6,9,1,4,-0.001696189591
6,9,1,5,-0.014769612477
6,9,1,6,-0.022651820462
6,9,1,9, 0.059427903524
6,9,2,2,-0.107859923420
6,9,2,7,-0.037477257590
6,9,3,3,-0.107859923420
6,9,3,8,-0.037477257590
6,9,4,0,-0.011370881612
6,9,4,1,-0.001696189591
6,9,4,4,-0.098256698038
6,9,4,5,-0.033804868668
6,9,4,6,-0.010275500117
6,9,4,9, 0.058451131890
6,9,5,0,-0.046687784478
6,9,5,1,-0.014769612477
6,9,5,4,-0.033804868668
6,9,5,9, 0.101353944495
6,9,6,0,-0.047521321802
6,9,6,1,-0.022651820462
6,9,6,4,-0.010275500117
6,9,6,9, 0.072461555243
6,9,7,2,-0.037477257590
6,9,8,3,-0.037477257590
6,9,9,0, 0.085048007570
6,9,9,1, 0.059427903524
6,9,9,4, 0.058451131890
6,9,9,5, 0.101353944495
6,9,9,6, 0.072461555243
7,0,0,2, 0.055680955033
7,0,0,7, 0.035958222309
7,0,1,2, 0.039511945647
7,0,1,7, 0.037187544950
7,0,2,0, 0.055680955033
7,0,2,1, 0.039511945647
7,0,2,4, 0.021638480729
7,0,2,5, 0.035151381497
7,0,2,6, 0.034235467956
7,0,2,9,-0.040257968813
7,0,4,2, 0.021638480729
7,0,4,7, 0.043769865695
7,0,5,2, 0.035151381497
7,0,5,7, 0.063690056588
7,0,6,2, 0.034235467956
7,0,6,7, 0.044328208430
7,0,7,0, 0.035958222309
7,0,7,1, 0.037187544950
7,0,7,4, 0.043769865695
7,0,7,5, 0.063690056588
7,0,7,6, 0.044328208430
7,0,7,9,-0.018068490584
7,0,9,2,-0.040257968813
7,0,9,7,-0.018068490584
7,1,0,2, 0.048538161173
7,1,0,7, 0.037187544950
7,1,1,2, 0.037647226502
7,1,1,7, 0.044715794272
7,1,2,0, 0.048538161173
7,1,2,1, 0.037647226502
7,1,2,4, 0.021004341205
7,1,2,5, 0.034235467956
7,1,2,6, 0.033452391097
7,1,2,9,-0.034572353552
7,1,4,2, 0.021004341205
7,1,4,7, 0.047233377503
7,1,5,2, 0.034235467956
7,1,5,7, 0.078456792694
7,1,6,2, 0.033452391097
7,1,6,7, 0.056235841331
7,1,7,0, 0.037187544950
7,1,7,1, 0.044715794272
7,1,7,4, 0.047233377503
7,1,7,5, 0.078456792694
7,1,7,6, 0.056235841331
7,1,7,9,-0.006492406934
7,1,9,2,-0.034572353552
7,1,9,7,-0.006492406934
7,2,0,0, 0.301131390684
7,2,0,1, 0.184641303191
7,2,0,4, 0.050210876913
7,2,0,5, 0.168338610886
7,2,0,6, 0.153722530895
7,2,0,9,-0.180979501275
7,2,1,0, 0.184641303191
7,2,1,1, 0.204133924767
7,2,1,4, 0.037477257590
7,2,1,5, 0.153722530895
7,2,1,6, 0.184164276024
7,2,1,9,-0.074216503373
7,2,2,2, 0.301983408700
7,2,2,7, 0.146487199876
7,2,3,3, 0.271080416194
7,2,3,8, 0.128549991728
7,2,4,0, 0.050210876913
7,2,4,1, 0.037477257590
7,2,4,4, 0.288019773227
7,2,4,5, 0.180979501275
7,2,4,6, 0.074216503373
7,2,4,9,-0.122520219837
7,2,5,0, 0.168338610886
7,2,5,1, 0.153722530895
7,2,5,4, 0.180979501275
7,2,5,5, 0.301131390684
7,2,5,6, 0.184641303191
7,2,5,9,-0.050210876913
7,2,6,0, 0.153722530895
7,2,6,1, 0.184164276024
7,2,6,4, 0.074216503373
7,2,6,5, 0.184641303191
7,2,6,6, 0.204133924767
7,2,6,9,-0.037477257590
7,2,7,2, 0.146487199876
7,2,7,7, 0.301983408700
7,2,8,3, 0.128549991728
7,2,8,8, 0.271080416194
7,2,9,0,-0.180979501275
7,2,9,1,-0.074216503373
7,2,9,4,-0.122520219837
7,2,9,5,-0.050210876913
7,2,9,6,-0.037477257590
7,2,9,9, 0.288019773227
7,3,2,3, 0.015451496253
7,3,2,8, 0.008968604074
7,3,3,2, 0.015451496253
7,3,3,7, 0.008968604074
7,3,7,3, 0.008968604074
7,3,7,8, 0.015451496253
7,3,8,2, 0.008968604074
7,3,8,7, 0.015451496253
7,4,0,2, 0.050210876913
7,4,0,7, 0.043769865695
7,4,1,2, 0.037477257590
7,4,1,7, 0.047233377503
7,4,2,0, 0.050210876913
7,4,2,1, 0.037477257590
7,4,2,4, 0.032390853287
7,4,2,5, 0.040257968813
7,4,2,6, 0.034572353552
7,4,2,9,-0.041245438239
7,4,4,2, 0.032390853287
7,4,4,7, 0.059182646387
7,4,5,2, 0.040257968813
7,4,5,7, 0.087877364792
7,4,6,2, 0.034572353552
7,4,6,7, 0.057795518574
7,4,7,0, 0.043769865695
7,4,7,1, 0.047233377503
7,4,7,4, 0.059182646387
7,4,7,5, 0.087877364792
7,4,7,6, 0.057795518574
7,4,7,9,-0.019515691828
7,4,9,2,-0.041245438239
7,4,9,7,-0.019515691828
7,5,0,2, 0.066706736245
7,5,0,7, 0.063690056588
7,5,1,2, 0.052334234428
7,5,1,7, 0.078456792694
7,5,2,0, 0.066706736245
7,5,2,1, 0.052334234428
7,5,2,4, 0.038917040452
7,5,2,5, 0.055680955033
7,5,2,6, 0.048538161173
7,5,2,9,-0.050210876913
7,5,4,2, 0.038917040452
7,5,4,7, 0.087877364792
7,5,5,2, 0.055680955033
7,5,5,7, 0.152608082603
7,5,6,2, 0.048538161173
7,5,6,7, 0.101353944495
7,5,7,0, 0.063690056588
7,5,7,1, 0.078456792694
7,5,7,4, 0.087877364792
7,5,7,5, 0.152608082603
7,5,7,6, 0.101353944495
7,5,9,2,-0.050210876913
7,6,0,2, 0.052334234428
7,6,0,7, 0.044328208430
7,6,1,2, 0.041610346785
7,6,1,7, 0.056235841331
7,6,2,0, 0.052334234428
7,6,2,1, 0.041610346785
7,6,2,4, 0.025094355543
7,6,2,5, 0.039511945647
7,6,2,6, 0.037647226502
7,6,2,9,-0.037477257590
7,6,4,2, 0.025094355543
7,6,4,7, 0.057795518574
7,6,5,2, 0.039511945647
7,6,5,7, 0.101353944495
7,6,6,2, 0.037647226502
7,6,6,7, 0.072461555243
7,6,7,0, 0.044328208430
7,6,7,1, 0.056235841331
7,6,7,4, 0.057795518574
7,6,7,5, 0.101353944495
7,6,7,6, 0.072461555243
7,6,9,2,-0.037477257590
7,7,0,0, 0.541374962743
7,7,0,1, 0.350817486950
7,7,0,4, 0.131239122589
7,7,0,5, 0.355426105188
7,7,0,6, 0.304080661397
7,7,0,9,-0.320975168326
7,7,1,0, 0.350817486950
7,7,1,1, 0.424899291898
7,7,1,4, 0.107859923420
7,7,1,5, 0.363804631750
7,7,1,6, 0.410621667037
7,7,1,9,-0.100705636956
7,7,2,2, 0.531166861814
7,7,2,7, 0.301983408700
7,7,3,3, 0.500103314765
7,7,3,8, 0.271080416194
7,7,4,0, 0.131239122589
7,7,4,1, 0.107859923420
7,7,4,4, 0.571639912087
7,7,4,5, 0.425628903577
7,7,4,6, 0.183525960526
7,7,4,9,-0.232298362611
7,7,5,0, 0.355426105188
7,7,5,1, 0.363804631750
7,7,5,4, 0.425628903577
7,7,5,5, 0.775037038942
7,7,5,6, 0.462081934851
7,7,6,0, 0.304080661397
7,7,6,1, 0.410621667037
7,7,6,4, 0.183525960526
7,7,6,5, 0.462081934851
7,7,6,6, 0.491073083906
7,7,7,2, 0.301983408700
7,7,7,7, 0.785718708997
7,7,8,3, 0.271080416194
7,7,8,8, 0.689508254834
7,7,9,0,-0.320975168326
7,7,9,1,-0.100705636956
7,7,9,4,-0.232298362611
7,7,9,9, 0.689508254834
7,8,2,3, 0.015531773525
7,8,2,8, 0.015451496253
7,8,3,2, 0.015531773525
7,8,3,7, 0.015451496253
7,8,7,3, 0.015451496253
7,8,7,8, 0.048105227081
7,8,8,2, 0.015451496253
7,8,8,7, 0.048105227081
7,9,0,2,-0.038917040452
7,9,0,7,-0.018068490584
7,9,1,2,-0.025094355543
7,9,1,7,-0.006492406934
7,9,2,0,-0.038917040452
7,9,2,1,-0.025094355543
7,9,2,4,-0.017284073729
7,9,2,5,-0.021638480729
7,9,2,6,-0.021004341205
7,9,2,9, 0.032390853287
7,9,4,2,-0.017284073729
7,9,4,7,-0.019515691828
7,9,5,2,-0.021638480729
7,9,6,2,-0.021004341205
7,9,7,0,-0.018068490584
7,9,7,1,-0.006492406934
7,9,7,4,-0.019515691828
7,9,7,9, 0.048105227081
7,9,9,2, 0.032390853287
7,9,9,7, 0.048105227081
8,0,0,3, 0.055680955033
8,0,0,8, 0.035958222309
8,0,1,3, 0.039511945647
8,0,1,8, 0.037187544950
8,0,3,0, 0.055680955033
8,0,3,1, 0.039511945647
8,0,3,4, 0.021638480729
8,0,3,5, 0.035151381497
8,0,3,6, 0.034235467956
8,0,3,9,-0.040257968813
8,0,4,3, 0.021638480729
8,0,4,8, 0.043769865695
8,0,5,3, 0.035151381497
8,0,5,8, 0.063690056588
8,0,6,3, 0.034235467956
8,0,6,8, 0.044328208430
8,0,8,0, 0.035958222309
8,0,8,1, 0.037187544950
8,0,8,4, 0.043769865695
8,0,8,5, 0.063690056588
8,0,8,6, 0.044328208430
8,0,8,9,-0.018068490584
8,0,9,3,-0.040257968813
8,0,9,8,-0.018068490584
8,1,0,3, 0.048538161173
8,1,0,8, 0.037187544950
8,1,1,3, 0.037647226502
8,1,1,8, 0.044715794272
8,1,3,0, 0.048538161173
8,1,3,1, 0.037647226502
8,1,3,4, 0.021004341205
8,1,3,5, 0.034235467956
8,1,3,6, 0.033452391097
8,1,3,9,-0.034572353552
8,1,4,3, 0.021004341205
8,1,4,8, 0.047233377503
8,1,5,3, 0.034235467956
8,1,5,8, 0.078456792694
8,1,6,3, 0.033452391097
8,1,6,8, 0.056235841331
8,1,8,0, 0.037187544950
8,1,8,1, 0.044715794272
8,1,8,4, 0.047233377503
8,1,8,5, 0.078456792694
8,1,8,6, 0.056235841331
8,1,8,9,-0.006492406934
8,1,9,3,-0.034572353552
8,1,9,8,-0.006492406934
8,2,2,3, 0.015451496253
8,2,2,8, 0.008968604074
8,2,3,2, 0.015451496253
8,2,3,7, 0.008968604074
8,2,7,3, 0.008968604074
8,2,7,8, 0.015451496253
8,2,8,2, 0.008968604074
8,2,8,7, 0.015451496253
8,3,0,0, 0.301131390684
8,3,0,1, 0.184641303191
8,3,0,4, 0.050210876913
8,3,0,5, 0.168338610886
8,3,0,6, 0.153722530895
8,3,0,9,-0.180979501275
8,3,1,0, 0.184641303191
8,3,1,1, 0.204133924767
8,3,1,4, 0.037477257590
8,3,1,5, 0.153722530895
8,3,1,6, 0.184164276024
8,3,1,9,-0.074216503373
8,3,2,2, 0.271080416194
8,3,2,7, 0.128549991728
8,3,3,3, 0.301983408700
8,3,3,8, 0.146487199876
8,3,4,0, 0.050210876913
8,3,4,1, 0.037477257590
8,3,4,4, 0.288019773227
8,3,4,5, 0.180979501275
8,3,4,6, 0.074216503373
8,3,4,9,-0.122520219837
8,3,5,0, 0.168338610886
8,3,5,1, 0.153722530895
8,3,5,4, 0.180979501275
8,3,5,5, 0.301131390684
8,3,5,6, 0.184641303191
8,3,5,9,-0.050210876913
8,3,6,0, 0.153722530895
8,3,6,1, 0.184164276024
8,3,6,4, 0.074216503373
8,3,6,5, 0.184641303191
8,3,6,6, 0.204133924767
8,3,6,9,-0.037477257590
8,3,7,2, 0.128549991728
8,3,7,7, 0.271080416194
8,3,8,3, 0.146487199876
8,3,8,8, 0.301983408700
8,3,9,0,-0.180979501275
8,3,9,1,-0.074216503373
8,3,9,4,-0.122520219837
8,3,9,5,-0.050210876913
8,3,9,6,-0.037477257590
8,3,9,9, 0.288019773227
8,4,0,3, 0.050210876913
8,4,0,8, 0.043769865695
8,4,1,3, 0.037477257590
8,4,1,8, 0.047233377503
8,4,3,0, 0.050210876913
8,4,3,1, 0.037477257590
8,4,3,4, 0.032390853287
8,4,3,5, 0.040257968813
8,4,3,6, 0.034572353552
8,4,3,9,-0.041245438239
8,4,4,3, 0.032390853287
8,4,4,8, 0.059182646387
8,4,5,3, 0.040257968813
8,4,5,8, 0.087877364792
8,4,6,3, 0.034572353552
8,4,6,8, 0.057795518574
8,4,8,0, 0.043769865695
8,4,8,1, 0.047233377503
8,4,8,4, 0.059182646387
8,4,8,5, 0.087877364792
8,4,8,6, 0.057795518574
8,4,8,9,-0.019515691828
8,4,9,3,-0.041245438239
8,4,9,8,-0.019515691828
8,5,0,3, 0.066706736245
8,5,0,8, 0.063690056588
8,5,1,3, 0.052334234428
8,5,1,8, 0.078456792694
8,5,3,0, 0.066706736245
8,5,3,1, 0.052334234428
8,5,3,4, 0.038917040452
8,5,3,5, 0.055680955033
8,5,3,6, 0.048538161173
8,5,3,9,-0.050210876913
8,5,4,3, 0.038917040452
8,5,4,8, 0.087877364792
8,5,5,3, 0.055680955033
8,5,5,8, 0.152608082603
8,5,6,3, 0.048538161173
8,5,6,8, 0.101353944495
8,5,8,0, 0.063690056588
8,5,8,1, 0.078456792694
8,5,8,4, 0.087877364792
8,5,8,5, 0.152608082603
8,5,8,6, 0.101353944495
8,5,9,3,-0.050210876913
8,6,0,3, 0.052334234428
8,6,0,8, 0.044328208430
8,6,1,3, 0.041610346785
8,6,1,8, 0.056235841331
8,6,3,0, 0.052334234428
8,6,3,1, 0.041610346785
8,6,3,4, 0.025094355543
8,6,3,5, 0.039511945647
8,6,3,6, 0.037647226502
8,6,3,9,-0.037477257590
8,6,4,3, 0.025094355543
8,6,4,8, 0.057795518574
8,6,5,3, 0.039511945647
8,6,5,8, 0.101353944495
8,6,6,3, 0.037647226502
8,6,6,8, 0.072461555243
8,6,8,0, 0.044328208430
8,6,8,1, 0.056235841331
8,6,8,4, 0.057795518574
8,6,8,5, 0.101353944495
8,6,8,6, 0.072461555243
8,6,9,3,-0.037477257590
8,7,2,3, 0.015531773525
8,7,2,8, 0.015451496253
8,7,3,2, 0.015531773525
8,7,3,7, 0.015451496253
8,7,7,3, 0.015451496253
8,7,7,8, 0.048105227081
8,7,8,2, 0.015451496253
8,7,8,7, 0.048105227081
8,8,0,0, 0.541374962743
8,8,0,1, 0.350817486950
8,8,0,4, 0.131239122589
8,8,0,5, 0.355426105188
8,8,0,6, 0.304080661397
8,8,0,9,-0.320975168326
8,8,1,0, 0.350817486950
8,8,1,1, 0.424899291898
8,8,1,4, 0.107859923420
8,8,1,5, 0.363804631750
8,8,1,6, 0.410621667037
8,8,1,9,-0.100705636956
8,8,2,2, 0.500103314765
8,8,2,7, 0.271080416194
8,8,3,3, 0.531166861814
8,8,3,8, 0.301983408700
8,8,4,0, 0.131239122589
8,8,4,1, 0.107859923420
8,8,4,4, 0.571639912087
8,8,4,5, 0.425628903577
8,8,4,6, 0.183525960526
8,8,4,9,-0.232298362611
8,8,5,0, 0.355426105188
8,8,5,1, 0.363804631750
8,8,5,4, 0.425628903577
8,8,5,5, 0.775037038942
8,8,5,6, 0.462081934851
8,8,6,0, 0.304080661397
8,8,6,1, 0.410621667037
8,8,6,4, 0.183525960526
8,8,6,5, 0.462081934851
8,8,6,6, 0.491073083906
8,8,7,2, 0.271080416194
8,8,7,7, 0.689508254834
8,8,8,3, 0.301983408700
8,8,8,8, 0.785718708997
8,8,9,0,-0.320975168326
8,8,9,1,-0.100705636956
8,8,9,4,-0.232298362611
8,8,9,9, 0.689508254834
8,9,0,3,-0.038917040452
8,9,0,8,-0.018068490584
8,9,1,3,-0.025094355543
8,9,1,8,-0.006492406934
8,9,3,0,-0.038917040452
8,9,3,1,-0.025094355543
8,9,3,4,-0.017284073729
8,9,3,5,-0.021638480729
8,9,3,6,-0.021004341205
8,9,3,9, 0.032390853287
8,9,4,3,-0.017284073729
8,9,4,8,-0.019515691828
8,9,5,3,-0.021638480729
8,9,6,3,-0.021004341205
8,9,8,0,-0.018068490584
8,9,8,1,-0.006492406934
8,9,8,4,-0.019515691828
8,9,8,9, 0.048105227081
8,9,9,3, 0.032390853287
8,9,9,8, 0.048105227081
9,0,0,0,-0.493289565183
9,0,0,1,-0.275709927613
9,0,0,4,-0.054584591905
9,0,0,5,-0.238595910444
9,0,0,6,-0.222744055608
9,0,0,9, 0.294947785340
9,0,1,0,-0.275709927613
9,0,1,1,-0.271694920120
9,0,1,4,-0.033804868668
9,0,1,5,-0.191198762618
9,0,1,6,-0.233028369315
9,0,1,9, 0.127402809513
9,0,2,2,-0.425628903577
9,0,2,7,-0.180979501275
9,0,3,3,-0.425628903577
9,0,3,8,-0.180979501275
9,0,4,0,-0.054584591905
9,0,4,1,-0.033804868668
9,0,4,4,-0.428200557899
9,0,4,5,-0.230949832689
9,0,4,6,-0.086018594134
9,0,4,9, 0.184762123650
9,0,5,0,-0.238595910444
9,0,5,1,-0.191198762618
9,0,5,4,-0.230949832689
9,0,5,5,-0.355215541791
9,0,5,6,-0.218881594503
9,0,5,9, 0.117935664007
9,0,6,0,-0.222744055608
9,0,6,1,-0.233028369315
9,0,6,4,-0.086018594134
9,0,6,5,-0.218881594503
9,0,6,6,-0.243624825367
9,0,6,9, 0.085048007570
9,0,7,2,-0.180979501275
9,0,7,7,-0.320975168326
9,0,8,3,-0.180979501275
9,0,8,8,-0.320975168326
9,0,9,0, 0.294947785340
9,0,9,1, 0.127402809513
9,0,9,4, 0.184762123650
9,0,9,5, 0.117935664007
9,0,9,6, 0.085048007570
9,0,9,9,-0.378076802542
9,1,0,0,-0.205874608573
9,1,0,1,-0.114726088865
9,1,0,4,-0.020199798045
9,1,0,5,-0.094048079777
9,1,0,6,-0.090887833558
9,1,0,9, 0.127402809513
9,1,1,0,-0.114726088865
9,1,1,1,-0.107232184738
9,1,1,4,-0.010275500117
9,1,1,5,-0.066298315182
9,1,1,6,-0.085116056450
9,1,1,9, 0.066449878331
9,1,2,2,-0.183525960526
9,1,2,7,-0.074216503373
9,1,3,3,-0.183525960526
9,1,3,8,-0.074216503373
9,1,4,0,-0.020199798045
9,1,4,1,-0.010275500117
9,1,4,4,-0.177225932784
9,1,4,5,-0.086018594134
9,1,4,6,-0.030864197801
9,1,4,9, 0.082586432139
9,1,5,0,-0.094048079777
9,1,5,1,-0.066298315182
9,1,5,4,-0.086018594134
9,1,5,5,-0.108833902847
9,1,5,6,-0.068118922655
9,1,5,9, 0.082508333771
9,1,6,0,-0.090887833558
9,1,6,1,-0.085116056450
9,1,6,4,-0.030864197801
9,1,6,5,-0.068118922655
9,1,6,6,-0.077958135153
9,1,6,9, 0.059427903524
9,1,7,2,-0.074216503373
9,1,7,7,-0.100705636956
9,1,8,3,-0.074216503373
9,1,8,8,-0.100705636956
9,1,9,0, 0.127402809513
9,1,9,1, 0.066449878331
9,1,9,4, 0.082586432139
9,1,9,5, 0.082508333771
9,1,9,6, 0.059427903524
9,1,9,9,-0.113979595490
9,2,0,2,-0.087877364792
9,2,0,7,-0.040257968813
9,2,1,2,-0.057795518574
9,2,1,7,-0.034572353552
9,2,2,0,-0.087877364792
9,2,2,1,-0.057795518574
9,2,2,4,-0.019515691828
9,2,2,5,-0.043769865695
9,2,2,6,-0.047233377503
9,2,2,9, 0.059182646387
9,2,4,2,-0.019515691828
9,2,4,7,-0.041245438239
9,2,5,2,-0.043769865695
9,2,5,7,-0.050210876913
9,2,6,2,-0.047233377503
9,2,6,7,-0.037477257590
9,2,7,0,-0.040257968813
9,2,7,1,-0.034572353552
9,2,7,4,-0.041245438239
9,2,7,5,-0.050210876913
9,2,7,6,-0.037477257590
9,2,7,9, 0.032390853287
9,2,9,2, 0.059182646387
9,2,9,7, 0.032390853287
9,3,0,3,-0.087877364792
9,3,0,8,-0.040257968813
9,3,1,3,-0.057795518574
9,3,1,8,-0.034572353552
9,3,3,0,-0.087877364792
9,3,3,1,-0.057795518574
9,3,3,4,-0.019515691828
9,3,3,5,-0.043769865695
9,3,3,6,-0.047233377503
9,3,3,9, 0.059182646387
9,3,4,3,-0.019515691828
9,3,4,8,-0.041245438239
9,3,5,3,-0.043769865695
9,3,5,8,-0.050210876913
9,3,6,3,-0.047233377503
9,3,6,8,-0.037477257590
9,3,8,0,-0.040257968813
9,3,8,1,-0.034572353552
9,3,8,4,-0.041245438239
9,3,8,5,-0.050210876913
9,3,8,6,-0.037477257590
9,3,8,9, 0.032390853287
9,3,9,3, 0.059182646387
9,3,9,8, 0.032390853287
9,4,0,0,-0.264546780720
9,4,0,1,-0.152920458704
9,4,0,4,-0.092697154822
9,4,0,5,-0.160377163690
9,4,0,6,-0.131208205594
9,4,0,9, 0.184762123650
9,4,1,0,-0.152920458704
9,4,1,1,-0.153998594531
9,4,1,4,-0.058451131890
9,4,1,5,-0.131208205594
9,4,1,6,-0.140731585093
9,4,1,9, 0.082586432139
9,4,2,2,-0.232298362611
9,4,2,7,-0.122520219837
9,4,3,3,-0.232298362611
9,4,3,8,-0.122520219837
9,4,4,0,-0.092697154822
9,4,4,1,-0.058451131890
9,4,4,4,-0.258319982161
9,4,4,5,-0.184762123650
9,4,4,6,-0.082586432139
9,4,4,9, 0.150402127642
9,4,5,0,-0.160377163690
9,4,5,1,-0.131208205594
9,4,5,4,-0.184762123650
9,4,5,5,-0.264546780720
9,4,5,6,-0.152920458704
9,4,5,9, 0.092697154822
9,4,6,0,-0.131208205594
9,4,6,1,-0.140731585093
9,4,6,4,-0.082586432139
9,4,6,5,-0.152920458704
9,4,6,6,-0.153998594531
9,4,6,9, 0.058451131890
9,4,7,2,-0.122520219837
9,4,7,7,-0.232298362611
9,4,8,3,-0.122520219837
9,4,8,8,-0.232298362611
9,4,9,0, 0.184762123650
9,4,9,1, 0.082586432139
9,4,9,4, 0.150402127642
9,4,9,5, 0.092697154822
9,4,9,6, 0.058451131890
9,4,9,9,-0.258319982161
9,5,0,0,-0.158926235690
9,5,0,1,-0.078609632181
9,5,0,4,-0.031035685109
9,5,0,5,-0.064968689963
9,5,0,6,-0.060369231904
9,5,0,9, 0.117935664007
9,5,1,0,-0.078609632181
9,5,1,1,-0.050383108470
9,5,1,4,-0.011370881612
9,5,1,5,-0.019705486324
9,5,1,6,-0.026865256421
9,5,1,9, 0.082508333771
9,5,2,2,-0.131239122589
9,5,2,7,-0.050210876913
9,5,3,3,-0.131239122589
9,5,3,8,-0.050210876913
9,5,4,0,-0.031035685109
9,5,4,1,-0.011370881612
9,5,4,4,-0.132318148362
9,5,4,5,-0.054584591905
9,5,4,6,-0.020199798045
9,5,4,9, 0.092697154822
9,5,5,0,-0.064968689963
9,5,5,1,-0.019705486324
9,5,5,4,-0.054584591905
9,5,5,9, 0.152608082603
9,5,6,0,-0.060369231904
9,5,6,1,-0.026865256421
9,5,6,4,-0.020199798045
9,5,6,9, 0.101353944495
9,5,7,2,-0.050210876913
9,5,8,3,-0.050210876913
9,5,9,0, 0.117935664007
9,5,9,1, 0.082508333771
9,5,9,4, 0.092697154822
9,5,9,5, 0.152608082603
9,5,9,6, 0.101353944495
9,6,0,0,-0.125021797009
9,6,0,1,-0.063308024591
9,6,0,4,-0.011370881612
9,6,0,5,-0.046687784478
9,6,0,6,-0.047521321802
9,6,0,9, 0.085048007570
9,6,1,0,-0.063308024591
9,6,1,1,-0.043099513749
9,6,1,4,-0.001696189591
9,6,1,5,-0.014769612477
9,6,1,6,-0.022651820462
9,6,1,9, 0.059427903524
9,6,2,2,-0.107859923420
9,6,2,7,-0.037477257590
9,6,3,3,-0.107859923420
9,6,3,8,-0.037477257590
9,6,4,0,-0.011370881612
9,6,4,1,-0.001696189591
9,6,4,4,-0.098256698038
9,6,4,5,-0.033804868668
9,6,4,6,-0.010275500117
9,6,4,9, 0.058451131890
9,6,5,0,-0.046687784478
9,6,5,1,-0.014769612477
9,6,5,4,-0.033804868668
9,6,5,9, 0.101353944495
9,6,6,0,-0.047521321802
9,6,6,1,-0.022651820462
9,6,6,4,-0.010275500117
9,6,6,9, 0.072461555243
9,6,7,2,-0.037477257590
9,6,8,3,-0.037477257590
9,6,9,0, 0.085048007570
9,6,9,1, 0.059427903524
9,6,9,4, 0.058451131890
9,6,9,5, 0.101353944495
9,6,9,6, 0.072461555243
9,7,0,2,-0.038917040452
9,7,0,7,-0.018068490584
9,7,1,2,-0.025094355543
9,7,1,7,-0.006492406934
9,7,2,0,-0.038917040452
9,7,2,1,-0.025094355543
9,7,2,4,-0.017284073729
9,7,2,5,-0.021638480729
9,7,2,6,-0.021004341205
9,7,2,9, 0.032390853287
9,7,4,2,-0.017284073729
9,7,4,7,-0.019515691828
9,7,5,2,-0.021638480729
9,7,6,2,-0.021004341205
9,7,7,0,-0.018068490584
9,7,7,1,-0.006492406934
9,7,7,4,-0.019515691828
9,7,7,9, 0.048105227081
9,7,9,2, 0.032390853287
9,7,9,7, 0.048105227081
9,8,0,3,-0.038917040452
9,8,0,8,-0.018068490584
9,8,1,3,-0.025094355543
9,8,1,8,-0.006492406934
9,8,3,0,-0.038917040452
9,8,3,1,-0.025094355543
9,8,3,4,-0.017284073729
9,8,3,5,-0.021638480729
9,8,3,6,-0.021004341205
9,8,3,9, 0.032390853287
9,8,4,3,-0.017284073729
9,8,4,8,-0.019515691828
9,8,5,3,-0.021638480729
9,8,6,3,-0.021004341205
9,8,8,0,-0.018068490584
9,8,8,1,-0.006492406934
9,8,8,4,-0.019515691828
9,8,8,9, 0.048105227081
9,8,9,3, 0.032390853287
9,8,9,8, 0.048105227081
9,9,0,0, 0.636650827917
9,9,0,1, 0.385319137250
9,9,0,4, 0.132318148362
9,9,0,5, 0.378715933364
9,9,0,6, 0.327405148829
9,9,0,9,-0.378076802542
9,9,1,0, 0.385319137250
9,9,1,1, 0.435091853202
9,9,1,4, 0.098256698038
9,9,1,5, 0.365564321355
9,9,1,6, 0.413473470406
9,9,1,9,-0.113979595490
9,9,2,2, 0.571639912087
9,9,2,7, 0.288019773227
9,9,3,3, 0.571639912087
9,9,3,8, 0.288019773227
9,9,4,0, 0.132318148362
9,9,4,1, 0.098256698038
9,9,4,4, 0.622045471280
9,9,4,5, 0.428200557899
9,9,4,6, 0.177225932784
9,9,4,9,-0.258319982161
9,9,5,0, 0.378715933364
9,9,5,1, 0.365564321355
9,9,5,4, 0.428200557899
9,9,5,5, 0.775037038942
9,9,5,6, 0.462081934851
9,9,6,0, 0.327405148829
9,9,6,1, 0.413473470406
9,9,6,4, 0.177225932784
9,9,6,5, 0.462081934851
9,9,6,6, 0.491073083906
9,9,7,2, 0.288019773227
9,9,7,7, 0.689508254834
9,9,8,3, 0.288019773227
9,9,8,8, 0.689508254834
9,9,9,0,-0.378076802542
9,9,9,1,-0.113979595490
9,9,9,4,-0.258319982161
9,9,9,9, 0.785718708997
