0,0,0,0, 0.897251802255
0,0,0,1, 0.504699283325
0,0,0,5, 0.039400034028
0,0,0,6, 0.169794921121
0,0,0,9,-0.052302455655
0,0,1,0, 0.504699283325
0,0,1,1, 0.507364877272
0,0,1,5, 0.092587918247
0,0,1,6, 0.226681702343
0,0,1,9,-0.079808658475
0,0,2,2, 0.775037038942
0,0,2,7, 0.011477522024
0,0,3,3, 0.775037038942
0,0,3,8, 0.011477522024
0,0,4,4, 0.775037038942
0,0,4,5, 0.053077732172
0,0,4,6, 0.096464702262
0,0,4,9,-0.083180101241
0,0,5,0, 0.039400034028
0,0,5,1, 0.092587918247
0,0,5,4, 0.053077732172
0,0,5,5, 0.308311570145
0,0,5,6, 0.210391458298
0,0,5,9,-0.059405548916
0,0,6,0, 0.169794921121
0,0,6,1, 0.226681702343
0,0,6,4, 0.096464702262
0,0,6,5, 0.210391458298
0,0,6,6, 0.296307712791
0,0,6,9,-0.055114437107
0,0,7,2, 0.011477522024
0,0,7,7, 0.298455204780
0,0,8,3, 0.011477522024
0,0,8,8, 0.298455204780
0,0,9,0,-0.052302455655
0,0,9,1,-0.079808658475
0,0,9,4,-0.083180101241
0,0,9,5,-0.059405548916
0,0,9,6,-0.055114437107
0,0,9,9, 0.327948411151
0,1,0,0, 0.504699283325
0,1,0,1, 0.300015949963
0,1,0,5, 0.024968362427
0,1,0,6, 0.102369997229
0,1,0,9,-0.033504208295
0,1,1,0, 0.300015949963
0,1,1,1, 0.324022459289
0,1,1,5, 0.061979343677
0,1,1,6, 0.147708693016
0,1,1,9,-0.052767749636
0,1,2,2, 0.462081934851
0,1,2,7, 0.007486954884
0,1,3,3, 0.462081934851
0,1,3,8, 0.007486954884
0,1,4,4, 0.462081934851
0,1,4,5, 0.033972463975
0,1,4,6, 0.060649116709
0,1,4,9,-0.053481598334
0,1,5,0, 0.024968362427
0,1,5,1, 0.061979343677
0,1,5,4, 0.033972463975
0,1,5,5, 0.210391458298
0,1,5,6, 0.143026864162
0,1,5,9,-0.039473101985
0,1,6,0, 0.102369997229
0,1,6,1, 0.147708693016
0,1,6,4, 0.060649116709
0,1,6,5, 0.143026864162
0,1,6,6, 0.199661788415
0,1,6,9,-0.036168770562
0,1,7,2, 0.007486954884
0,1,7,7, 0.204028204504
0,1,8,3, 0.007486954884
0,1,8,8, 0.204028204504
0,1,9,0,-0.033504208295
0,1,9,1,-0.052767749636
0,1,9,4,-0.053481598334
0,1,9,5,-0.039473101985
0,1,9,6,-0.036168770562
0,1,9,9, 0.222440394275
0,2,0,2, 0.152608082603
0,2,0,7, 0.002043811047
0,2,1,2, 0.101353944495
0,2,1,7, 0.005504944432
0,2,2,0, 0.152608082603
0,2,2,1, 0.101353944495
0,2,2,5, 0.004170120473
0,2,2,6, 0.031673653127
0,2,2,9,-0.004400267826
0,2,4,7, 0.002806437780
0,2,5,2, 0.004170120473
0,2,5,7, 0.011574995980
0,2,6,2, 0.031673653127
0,2,6,7, 0.010755762370
0,2,7,0, 0.002043811047
0,2,7,1, 0.005504944432
0,2,7,4, 0.002806437780
0,2,7,5, 0.011574995980
0,2,7,6, 0.010755762370
0,2,7,9,-0.005792322943
0,2,9,2,-0.004400267826
0,2,9,7,-0.005792322943
0,3,0,3, 0.152608082603
0,3,0,8, 0.002043811047
0,3,1,3, 0.101353944495
0,3,1,8, 0.005504944432
0,3,3,0, 0.152608082603
0,3,3,1, 0.101353944495
0,3,3,5, 0.004170120473
0,3,3,6, 0.031673653127
0,3,3,9,-0.004400267826
0,3,4,8, 0.002806437780
0,3,5,3, 0.004170120473
0,3,5,8, 0.011574995980
0,3,6,3, 0.031673653127
0,3,6,8, 0.010755762370
0,3,8,0, 0.002043811047
0,3,8,1, 0.005504944432
0,3,8,4, 0.002806437780
0,3,8,5, 0.011574995980
0,3,8,6, 0.010755762370
0,3,8,9,-0.005792322943
0,3,9,3,-0.004400267826
0,3,9,8,-0.005792322943
0,4,0,4, 0.152608082603
0,4,0,5, 0.009487717281
0,4,0,6, 0.017436800470
0,4,0,9,-0.014320661045
0,4,1,4, 0.101353944495
0,4,1,5, 0.019516485043
0,4,1,6, 0.027296968759
0,4,1,9,-0.021016678887
0,4,2,7, 0.002806437780
0,4,3,8, 0.002806437780
0,4,4,0, 0.152608082603
0,4,4,1, 0.101353944495
0,4,4,5, 0.015073186233
0,4,4,6, 0.039150629423
0,4,4,9,-0.024492038674
0,4,5,0, 0.009487717281
0,4,5,1, 0.019516485043
0,4,5,4, 0.015073186233
0,4,5,5, 0.059405548916
0,4,5,6, 0.039473101985
0,4,5,9,-0.022435279485
0,4,6,0, 0.017436800470
0,4,6,1, 0.027296968759
0,4,6,4, 0.039150629423
0,4,6,5, 0.039473101985
0,4,6,6, 0.045993808339
0,4,6,9,-0.019978290090
0,4,7,2, 0.002806437780
0,4,7,7, 0.053949896303
0,4,8,3, 0.002806437780
0,4,8,8, 0.053949896303
0,4,9,0,-0.014320661045
0,4,9,1,-0.021016678887
0,4,9,4,-0.024492038674
0,4,9,5,-0.022435279485
0,4,9,6,-0.019978290090
0,4,9,9, 0.070249789552
0,5,0,0, 0.039400034028
0,5,0,1, 0.024968362427
0,5,0,4, 0.009487717281
0,5,0,5, 0.003692984989
0,5,0,6, 0.010470106084
0,5,0,9,-0.005318833717
0,5,1,0, 0.024968362427
0,5,1,1, 0.029670467795
0,5,1,4, 0.007560036214
0,5,1,5, 0.010470106084
0,5,1,6, 0.018247223388
0,5,1,9,-0.009226202168
0,5,2,2, 0.036433595174
0,5,2,7, 0.001123782779
0,5,3,3, 0.036433595174
0,5,3,8, 0.001123782779
0,5,4,0, 0.009487717281
0,5,4,1, 0.007560036214
0,5,4,4, 0.041219146148
0,5,4,5, 0.005318833717
0,5,4,6, 0.009226202168
0,5,4,9,-0.008708352005
0,5,5,0, 0.003692984989
0,5,5,1, 0.010470106084
0,5,5,4, 0.005318833717
0,5,5,5, 0.039400034028
0,5,5,6, 0.024968362427
0,5,5,9,-0.009487717281
0,5,6,0, 0.010470106084
0,5,6,1, 0.018247223388
0,5,6,4, 0.009226202168
0,5,6,5, 0.024968362427
0,5,6,6, 0.029670467795
0,5,6,9,-0.007560036214
0,5,7,2, 0.001123782779
0,5,7,7, 0.036433595174
0,5,8,3, 0.001123782779
0,5,8,8, 0.036433595174
0,5,9,0,-0.005318833717
0,5,9,1,-0.009226202168
0,5,9,4,-0.008708352005
0,5,9,5,-0.009487717281
0,5,9,6,-0.007560036214
0,5,9,9, 0.041219146148
0,6,0,0, 0.169794921121
0,6,0,1, 0.102369997229
0,6,0,4, 0.017436800470
0,6,0,5, 0.010470106084
0,6,0,6, 0.037804947900
0,6,0,9,-0.014427026858
0,6,1,0, 0.102369997229
0,6,1,1, 0.113004202675
0,6,1,4, 0.013234476328
0,6,1,5, 0.026799605041
0,6,1,6, 0.057664463512
0,6,1,9,-0.023335079713
0,6,2,2, 0.156238887620
0,6,2,7, 0.003182185776
0,6,3,3, 0.156238887620
0,6,3,8, 0.003182185776
0,6,4,0, 0.017436800470
0,6,4,1, 0.013234476328
0,6,4,4, 0.159499770397
0,6,4,5, 0.014613290481
0,6,4,6, 0.026820057771
0,6,4,9,-0.023289677014
0,6,5,0, 0.010470106084
0,6,5,1, 0.026799605041
0,6,5,4, 0.014613290481
0,6,5,5, 0.092587918247
0,6,5,6, 0.061979343677
0,6,5,9,-0.019516485043
0,6,6,0, 0.037804947900
0,6,6,1, 0.057664463512
0,6,6,4, 0.026820057771
0,6,6,5, 0.061979343677
0,6,6,6, 0.082644774858
0,6,6,9,-0.017235023134
0,6,7,2, 0.003182185776
0,6,7,7, 0.088879324682
0,6,8,3, 0.003182185776
0,6,8,8, 0.088879324682
0,6,9,0,-0.014427026858
0,6,9,1,-0.023335079713
0,6,9,4,-0.023289677014
0,6,9,5,-0.019516485043
0,6,9,6,-0.017235023134
0,6,9,9, 0.098309933995
0,7,0,2, 0.002043811047
0,7,0,7, 0.000334517870
0,7,1,2, 0.001713464588
0,7,1,7, 0.001357318705
0,7,2,0, 0.002043811047
0,7,2,1, 0.001713464588
0,7,2,4, 0.001244898680
0,7,2,5, 0.000275200564
0,7,2,6, 0.000847967075
0,7,2,9,-0.000392090436
0,7,4,2, 0.001244898680
0,7,4,7, 0.000443389859
0,7,5,2, 0.000275200564
0,7,5,7, 0.004170120473
0,7,6,2, 0.000847967075
0,7,6,7, 0.003138233608
0,7,7,0, 0.000334517870
0,7,7,1, 0.001357318705
0,7,7,4, 0.000443389859
0,7,7,5, 0.004170120473
0,7,7,6, 0.003138233608
0,7,7,9,-0.002062534195
0,7,9,2,-0.000392090436
0,7,9,7,-0.002062534195
0,8,0,3, 0.002043811047
0,8,0,8, 0.000334517870
0,8,1,3, 0.001713464588
0,8,1,8, 0.001357318705
0,8,3,0, 0.002043811047
0,8,3,1, 0.001713464588
0,8,3,4, 0.001244898680
0,8,3,5, 0.000275200564
0,8,3,6, 0.000847967075
0,8,3,9,-0.000392090436
0,8,4,3, 0.001244898680
0,8,4,8, 0.000443389859
0,8,5,3, 0.000275200564
0,8,5,8, 0.004170120473
0,8,6,3, 0.000847967075
0,8,6,8, 0.003138233608
0,8,8,0, 0.000334517870
0,8,8,1, 0.001357318705
0,8,8,4, 0.000443389859
0,8,8,5, 0.004170120473
0,8,8,6, 0.003138233608
0,8,8,9,-0.002062534195
0,8,9,3,-0.000392090436
0,8,9,8,-0.002062534195
0,9,0,0,-0.052302455655
0,9,0,1,-0.033504208295
0,9,0,4,-0.014320661045
0,9,0,5,-0.005318833717
0,9,0,6,-0.014427026858
0,9,0,9, 0.007817799082
0,9,1,0,-0.033504208295
0,9,1,1,-0.040046268818
0,9,1,4,-0.011504700400
0,9,1,5,-0.014613290481
0,9,1,6,-0.025088194921
0,9,1,9, 0.013558911593
0,9,2,2,-0.048220200008
0,9,2,7,-0.001615463286
0,9,3,3,-0.048220200008
0,9,3,8,-0.001615463286
0,9,4,0,-0.014320661045
0,9,4,1,-0.011504700400
0,9,4,4,-0.056807664889
0,9,4,5,-0.007802099308
0,9,4,6,-0.013335874163
0,9,4,9, 0.012939591529
0,9,5,0,-0.005318833717
0,9,5,1,-0.014613290481
0,9,5,4,-0.007802099308
0,9,5,5,-0.053077732172
0,9,5,6,-0.033972463975
0,9,5,9, 0.015073186233
0,9,6,0,-0.014427026858
0,9,6,1,-0.025088194921
0,9,6,4,-0.013335874163
0,9,6,5,-0.033972463975
0,9,6,6,-0.040365645894
0,9,6,9, 0.011945248597
0,9,7,2,-0.001615463286
0,9,7,7,-0.049016077424
0,9,8,3,-0.001615463286
0,9,8,8,-0.049016077424
0,9,9,0, 0.007817799082
0,9,9,1, 0.013558911593
0,9,9,4, 0.012939591529
0,9,9,5, 0.015073186233
0,9,9,6, 0.011945248597
0,9,9,9,-0.057923991235
1,0,0,0, 0.504699283325
1,0,0,1, 0.300015949963
1,0,0,5, 0.024968362427
1,0,0,6, 0.102369997229
1,0,0,9,-0.033504208295
1,0,1,0, 0.300015949963
1,0,1,1, 0.324022459289
1,0,1,5, 0.061979343677
1,0,1,6, 0.147708693016
1,0,1,9,-0.052767749636
1,0,2,2, 0.462081934851
1,0,2,7, 0.007486954884
1,0,3,3, 0.462081934851
1,0,3,8, 0.007486954884
1,0,4,4, 0.462081934851
1,0,4,5, 0.033972463975
1,0,4,6, 0.060649116709
1,0,4,9,-0.053481598334
1,0,5,0, 0.024968362427
1,0,5,1, 0.061979343677
1,0,5,4, 0.033972463975
1,0,5,5, 0.210391458298
1,0,5,6, 0.143026864162
1,0,5,9,-0.039473101985
1,0,6,0, 0.102369997229
1,0,6,1, 0.147708693016
1,0,6,4, 0.060649116709
1,0,6,5, 0.143026864162
1,0,6,6, 0.199661788415
1,0,6,9,-0.036168770562
1,0,7,2, 0.007486954884
1,0,7,7, 0.204028204504
1,0,8,3, 0.007486954884
1,0,8,8, 0.204028204504
1,0,9,0,-0.033504208295
1,0,9,1,-0.052767749636
1,0,9,4,-0.053481598334
1,0,9,5,-0.039473101985
1,0,9,6,-0.036168770562
1,0,9,9, 0.222440394275
1,1,0,0, 0.507364877272
1,1,0,1, 0.324022459289
1,1,0,5, 0.029670467795
1,1,0,6, 0.113004202675
1,1,0,9,-0.040046268818
1,1,1,0, 0.324022459289
1,1,1,1, 0.394125899248
1,1,1,5, 0.082644774858
1,1,1,6, 0.187551220703
1,1,1,9,-0.066491322996
1,1,2,2, 0.491073083906
1,1,2,7, 0.009186521289
1,1,3,3, 0.491073083906
1,1,3,8, 0.009186521289
1,1,4,4, 0.491073083906
1,1,4,5, 0.040365645894
1,1,4,6, 0.069951486833
1,1,4,9,-0.063698115096
1,1,5,0, 0.029670467795
1,1,5,1, 0.082644774858
1,1,5,4, 0.040365645894
1,1,5,5, 0.296307712791
1,1,5,6, 0.199661788415
1,1,5,9,-0.045993808339
1,1,6,0, 0.113004202675
1,1,6,1, 0.187551220703
1,1,6,4, 0.069951486833
1,1,6,5, 0.199661788415
1,1,6,6, 0.274845500747
1,1,6,9,-0.041392171492
1,1,7,2, 0.009186521289
1,1,7,7, 0.289603130599
1,1,8,3, 0.009186521289
1,1,8,8, 0.289603130599
1,1,9,0,-0.040046268818
1,1,9,1,-0.066491322996
1,1,9,4,-0.063698115096
1,1,9,5,-0.045993808339
1,1,9,6,-0.041392171492
1,1,9,9, 0.304914822268
1,2,0,2, 0.101353944495
1,2,0,7, 0.001713464588
1,2,1,2, 0.072461555243
1,2,1,7, 0.004965818716
1,2,2,0, 0.101353944495
1,2,2,1, 0.072461555243
1,2,2,5, 0.003138233608
1,2,2,6, 0.022907514437
1,2,2,9,-0.003393355877
1,2,4,7, 0.002337358562
1,2,5,2, 0.003138233608
1,2,5,7, 0.010755762370
1,2,6,2, 0.022907514437
1,2,6,7, 0.009927733094
1,2,7,0, 0.001713464588
1,2,7,1, 0.004965818716
1,2,7,4, 0.002337358562
1,2,7,5, 0.010755762370
1,2,7,6, 0.009927733094
1,2,7,9,-0.005267412944
1,2,9,2,-0.003393355877
1,2,9,7,-0.005267412944
1,3,0,3, 0.101353944495
1,3,0,8, 0.001713464588
1,3,1,3, 0.072461555243
1,3,1,8, 0.004965818716
1,3,3,0, 0.101353944495
1,3,3,1, 0.072461555243
1,3,3,5, 0.003138233608
1,3,3,6, 0.022907514437
1,3,3,9,-0.003393355877
1,3,4,8, 0.002337358562
1,3,5,3, 0.003138233608
1,3,5,8, 0.010755762370
1,3,6,3, 0.022907514437
1,3,6,8, 0.009927733094
1,3,8,0, 0.001713464588
1,3,8,1, 0.004965818716
1,3,8,4, 0.002337358562
1,3,8,5, 0.010755762370
1,3,8,6, 0.009927733094
1,3,8,9,-0.005267412944
1,3,9,3,-0.003393355877
1,3,9,8,-0.005267412944
1,4,0,4, 0.101353944495
1,4,0,5, 0.007560036214
1,4,0,6, 0.013234476328
1,4,0,9,-0.011504700400
1,4,1,4, 0.072461555243
1,4,1,5, 0.017235023134
1,4,1,6, 0.023408749271
1,4,1,9,-0.018057235364
1,4,2,7, 0.002337358562
1,4,3,8, 0.002337358562
1,4,4,0, 0.101353944495
1,4,4,1, 0.072461555243
1,4,4,5, 0.011945248597
1,4,4,6, 0.028836341053
1,4,4,9,-0.019629794256
1,4,5,0, 0.007560036214
1,4,5,1, 0.017235023134
1,4,5,4, 0.011945248597
1,4,5,5, 0.055114437107
1,4,5,6, 0.036168770562
1,4,5,9,-0.019978290090
1,4,6,0, 0.013234476328
1,4,6,1, 0.023408749271
1,4,6,4, 0.028836341053
1,4,6,5, 0.036168770562
1,4,6,6, 0.041392171492
1,4,6,9,-0.017332495032
1,4,7,2, 0.002337358562
1,4,7,7, 0.050364015600
1,4,8,3, 0.002337358562
1,4,8,8, 0.050364015600
1,4,9,0,-0.011504700400
1,4,9,1,-0.018057235364
1,4,9,4,-0.019629794256
1,4,9,5,-0.019978290090
1,4,9,6,-0.017332495032
1,4,9,9, 0.063919017740
1,5,0,0, 0.092587918247
1,5,0,1, 0.061979343677
1,5,0,4, 0.019516485043
1,5,0,5, 0.010470106084
1,5,0,6, 0.026799605041
1,5,0,9,-0.014613290481
1,5,1,0, 0.061979343677
1,5,1,1, 0.082644774858
1,5,1,4, 0.017235023134
1,5,1,5, 0.037804947900
1,5,1,6, 0.057664463512
1,5,1,9,-0.026820057771
1,5,2,2, 0.088879324682
1,5,2,7, 0.003182185776
1,5,3,3, 0.088879324682
1,5,3,8, 0.003182185776
1,5,4,0, 0.019516485043
1,5,4,1, 0.017235023134
1,5,4,4, 0.098309933995
1,5,4,5, 0.014427026858
1,5,4,6, 0.023335079713
1,5,4,9,-0.023289677014
1,5,5,0, 0.010470106084
1,5,5,1, 0.037804947900
1,5,5,4, 0.014427026858
1,5,5,5, 0.169794921121
1,5,5,6, 0.102369997229
1,5,5,9,-0.017436800470
1,5,6,0, 0.026799605041
1,5,6,1, 0.057664463512
1,5,6,4, 0.023335079713
1,5,6,5, 0.102369997229
1,5,6,6, 0.113004202675
1,5,6,9,-0.013234476328
1,5,7,2, 0.003182185776
1,5,7,7, 0.156238887620
1,5,8,3, 0.003182185776
1,5,8,8, 0.156238887620
1,5,9,0,-0.014613290481
1,5,9,1,-0.026820057771
1,5,9,4,-0.023289677014
1,5,9,5,-0.017436800470
1,5,9,6,-0.013234476328
1,5,9,9, 0.159499770397
1,6,0,0, 0.226681702343
1,6,0,1, 0.147708693016
1,6,0,4, 0.027296968759
1,6,0,5, 0.018247223388
1,6,0,6, 0.057664463512
1,6,0,9,-0.025088194921
1,6,1,0, 0.147708693016
1,6,1,1, 0.187551220703
1,6,1,4, 0.023408749271
1,6,1,5, 0.057664463512
1,6,1,6, 0.109504232283
1,6,1,9,-0.043604309265
1,6,2,2, 0.219919447708
1,6,2,7, 0.005699404888
1,6,3,3, 0.219919447708
1,6,3,8, 0.005699404888
1,6,4,0, 0.027296968759
1,6,4,1, 0.023408749271
1,6,4,4, 0.225752084012
1,6,4,5, 0.025088194921
1,6,4,6, 0.043604309265
1,6,4,9,-0.039985333662
1,6,5,0, 0.018247223388
1,6,5,1, 0.057664463512
1,6,5,4, 0.025088194921
1,6,5,5, 0.226681702343
1,6,5,6, 0.147708693016
1,6,5,9,-0.027296968759
1,6,6,0, 0.057664463512
1,6,6,1, 0.109504232283
1,6,6,4, 0.043604309265
1,6,6,5, 0.147708693016
1,6,6,6, 0.187551220703
1,6,6,9,-0.023408749271
1,6,7,2, 0.005699404888
1,6,7,7, 0.219919447708
1,6,8,3, 0.005699404888
1,6,8,8, 0.219919447708
1,6,9,0,-0.025088194921
1,6,9,1,-0.043604309265
1,6,9,4,-0.039985333662
1,6,9,5,-0.027296968759
1,6,9,6,-0.023408749271
1,6,9,9, 0.225752084012
1,7,0,2, 0.005504944432
1,7,0,7, 0.001357318705
1,7,1,2, 0.004965818716
1,7,1,7, 0.008082595740
1,7,2,0, 0.005504944432
1,7,2,1, 0.004965818716
1,7,2,4, 0.002941449361
1,7,2,5, 0.000847967075
1,7,2,6, 0.002493550086
1,7,2,9,-0.001177534997
1,7,4,2, 0.002941449361
1,7,4,7, 0.001575067819
1,7,5,2, 0.000847967075
1,7,5,7, 0.031673653127
1,7,6,2, 0.002493550086
1,7,6,7, 0.022907514437
1,7,7,0, 0.001357318705
1,7,7,1, 0.008082595740
1,7,7,4, 0.001575067819
1,7,7,5, 0.031673653127
1,7,7,6, 0.022907514437
1,7,7,9,-0.005516562632
1,7,9,2,-0.001177534997
1,7,9,7,-0.005516562632
1,8,0,3, 0.005504944432
1,8,0,8, 0.001357318705
1,8,1,3, 0.004965818716
1,8,1,8, 0.008082595740
1,8,3,0, 0.005504944432
1,8,3,1, 0.004965818716
1,8,3,4, 0.002941449361
1,8,3,5, 0.000847967075
1,8,3,6, 0.002493550086
1,8,3,9,-0.001177534997
1,8,4,3, 0.002941449361
1,8,4,8, 0.001575067819
1,8,5,3, 0.000847967075
1,8,5,8, 0.031673653127
1,8,6,3, 0.002493550086
1,8,6,8, 0.022907514437
1,8,8,0, 0.001357318705
1,8,8,1, 0.008082595740
1,8,8,4, 0.001575067819
1,8,8,5, 0.031673653127
1,8,8,6, 0.022907514437
1,8,8,9,-0.005516562632
1,8,9,3,-0.001177534997
1,8,9,8,-0.005516562632
1,9,0,0,-0.079808658475
1,9,0,1,-0.052767749636
1,9,0,4,-0.021016678887
1,9,0,5,-0.009226202168
1,9,0,6,-0.023335079713
1,9,0,9, 0.013558911593
1,9,1,0,-0.052767749636
1,9,1,1,-0.066491322996
1,9,1,4,-0.018057235364
1,9,1,5,-0.026820057771
1,9,1,6,-0.043604309265
1,9,1,9, 0.025932426188
1,9,2,2,-0.075140702438
1,9,2,7,-0.002833550738
1,9,3,3,-0.075140702438
1,9,3,8,-0.002833550738
1,9,4,0,-0.021016678887
1,9,4,1,-0.018057235364
1,9,4,4,-0.087533586869
1,9,4,5,-0.013335874163
1,9,4,6,-0.021731762455
1,9,4,9, 0.022093983839
1,9,5,0,-0.009226202168
1,9,5,1,-0.026820057771
1,9,5,4,-0.013335874163
1,9,5,5,-0.096464702262
1,9,5,6,-0.060649116709
1,9,5,9, 0.039150629423
1,9,6,0,-0.023335079713
1,9,6,1,-0.043604309265
1,9,6,4,-0.021731762455
1,9,6,5,-0.060649116709
1,9,6,6,-0.069951486833
1,9,6,9, 0.028836341053
1,9,7,2,-0.002833550738
1,9,7,7,-0.089387865326
1,9,8,3,-0.002833550738
1,9,8,8,-0.089387865326
1,9,9,0, 0.013558911593
1,9,9,1, 0.025932426188
1,9,9,4, 0.022093983839
1,9,9,5, 0.039150629423
1,9,9,6, 0.028836341053
1,9,9,9,-0.101542616841
2,0,0,2, 0.152608082603
2,0,0,7, 0.002043811047
2,0,1,2, 0.101353944495
2,0,1,7, 0.005504944432
2,0,2,0, 0.152608082603
2,0,2,1, 0.101353944495
2,0,2,5, 0.004170120473
2,0,2,6, 0.031673653127
2,0,2,9,-0.004400267826
2,0,4,7, 0.002806437780
2,0,5,2, 0.004170120473
2,0,5,7, 0.011574995980
2,0,6,2, 0.031673653127
2,0,6,7, 0.010755762370
2,0,7,0, 0.002043811047
2,0,7,1, 0.005504944432
2,0,7,4, 0.002806437780
2,0,7,5, 0.011574995980
2,0,7,6, 0.010755762370
2,0,7,9,-0.005792322943
2,0,9,2,-0.004400267826
2,0,9,7,-0.005792322943
2,1,0,2, 0.101353944495
2,1,0,7, 0.001713464588
2,1,1,2, 0.072461555243
2,1,1,7, 0.004965818716
2,1,2,0, 0.101353944495
2,1,2,1, 0.072461555243
2,1,2,5, 0.003138233608
2,1,2,6, 0.022907514437
2,1,2,9,-0.003393355877
2,1,4,7, 0.002337358562
2,1,5,2, 0.003138233608
2,1,5,7, 0.010755762370
2,1,6,2, 0.022907514437
2,1,6,7, 0.009927733094
2,1,7,0, 0.001713464588
2,1,7,1, 0.004965818716
2,1,7,4, 0.002337358562
2,1,7,5, 0.010755762370
2,1,7,6, 0.009927733094
2,1,7,9,-0.005267412944
2,1,9,2,-0.003393355877
2,1,9,7,-0.005267412944
2,2,0,0, 0.775037038942
2,2,0,1, 0.462081934851
2,2,0,5, 0.036433595174
2,2,0,6, 0.156238887620
2,2,0,9,-0.048220200008
2,2,1,0, 0.462081934851
2,2,1,1, 0.491073083906
2,2,1,5, 0.088879324682
2,2,1,6, 0.219919447708
2,2,1,9,-0.075140702438
2,2,2,2, 0.785718708997
2,2,2,7, 0.011234345481
2,2,3,3, 0.689508254834
2,2,3,8, 0.010640989452
2,2,4,4, 0.689508254834
2,2,4,5, 0.049016077424
2,2,4,6, 0.089387865326
2,2,4,9,-0.076495785101
2,2,5,0, 0.036433595174
2,2,5,1, 0.088879324682
2,2,5,4, 0.049016077424
2,2,5,5, 0.298455204780
2,2,5,6, 0.204028204504
2,2,5,9,-0.053949896303
2,2,6,0, 0.156238887620
2,2,6,1, 0.219919447708
2,2,6,4, 0.089387865326
2,2,6,5, 0.204028204504
2,2,6,6, 0.289603130599
2,2,6,9,-0.050364015600
2,2,7,2, 0.011234345481
2,2,7,7, 0.291377730161
2,2,8,3, 0.010640989452
2,2,8,8, 0.289409017738
2,2,9,0,-0.048220200008
2,2,9,1,-0.075140702438
2,2,9,4,-0.076495785101
2,2,9,5,-0.053949896303
2,2,9,6,-0.050364015600
2,2,9,9, 0.314653308493
2,3,2,3, 0.048105227081
2,3,2,8, 0.000296678015
2,3,3,2, 0.048105227081
2,3,3,7, 0.000296678015
2,3,7,3, 0.000296678015
2,3,7,8, 0.000984356211
2,3,8,2, 0.000296678015
2,3,8,7, 0.000984356211
2,4,0,7, 0.001244898680
2,4,1,7, 0.002941449361
2,4,2,4, 0.048105227081
2,4,2,5, 0.002062534195
2,4,2,6, 0.005516562632
2,4,2,9,-0.002665034706
2,4,4,2, 0.048105227081
2,4,4,7, 0.001863313258
2,4,5,2, 0.002062534195
2,4,5,7, 0.005792322943
2,4,6,2, 0.005516562632
2,4,6,7, 0.005267412944
2,4,7,0, 0.001244898680
2,4,7,1, 0.002941449361
2,4,7,4, 0.001863313258
2,4,7,5, 0.005792322943
2,4,7,6, 0.005267412944
2,4,7,9,-0.003820815568
2,4,9,2,-0.002665034706
2,4,9,7,-0.003820815568
2,5,0,2, 0.004170120473
2,5,0,7, 0.000275200564
2,5,1,2, 0.003138233608
2,5,1,7, 0.000847967075
2,5,2,0, 0.004170120473
2,5,2,1, 0.003138233608
2,5,2,4, 0.002062534195
2,5,2,5, 0.000334517870
2,5,2,6, 0.001357318705
2,5,2,9,-0.000443389859
2,5,4,2, 0.002062534195
2,5,4,7, 0.000392090436
2,5,5,2, 0.000334517870
2,5,5,7, 0.002043811047
2,5,6,2, 0.001357318705
2,5,6,7, 0.001713464588
2,5,7,0, 0.000275200564
2,5,7,1, 0.000847967075
2,5,7,4, 0.000392090436
2,5,7,5, 0.002043811047
2,5,7,6, 0.001713464588
2,5,7,9,-0.001244898680
2,5,9,2,-0.000443389859
2,5,9,7,-0.001244898680
2,6,0,2, 0.031673653127
2,6,0,7, 0.000847967075
2,6,1,2, 0.022907514437
2,6,1,7, 0.002493550086
2,6,2,0, 0.031673653127
2,6,2,1, 0.022907514437
2,6,2,4, 0.005516562632
2,6,2,5, 0.001357318705
2,6,2,6, 0.008082595740
2,6,2,9,-0.001575067819
2,6,4,2, 0.005516562632
2,6,4,7, 0.001177534997
2,6,5,2, 0.001357318705
2,6,5,7, 0.005504944432
2,6,6,2, 0.008082595740
2,6,6,7, 0.004965818716
2,6,7,0, 0.000847967075
2,6,7,1, 0.002493550086
2,6,7,4, 0.001177534997
2,6,7,5, 0.005504944432
2,6,7,6, 0.004965818716
2,6,7,9,-0.002941449361
2,6,9,2,-0.001575067819
2,6,9,7,-0.002941449361
2,7,0,0, 0.011477522024
2,7,0,1, 0.007486954884
2,7,0,4, 0.002806437780
2,7,0,5, 0.001123782779
2,7,0,6, 0.003182185776
2,7,0,9,-0.001615463286
2,7,1,0, 0.007486954884
2,7,1,1, 0.009186521289
2,7,1,4, 0.002337358562
2,7,1,5, 0.003182185776
2,7,1,6, 0.005699404888
2,7,1,9,-0.002833550738
2,7,2,2, 0.011234345481
2,7,2,7, 0.000380923638
2,7,3,3, 0.010640989452
2,7,3,8, 0.000334279928
2,7,4,0, 0.002806437780
2,7,4,1, 0.002337358562
2,7,4,4, 0.012207624695
2,7,4,5, 0.001615463286
2,7,4,6, 0.002833550738
2,7,4,9,-0.002632164927
2,7,5,0, 0.001123782779
2,7,5,1, 0.003182185776
2,7,5,4, 0.001615463286
2,7,5,5, 0.011477522024
2,7,5,6, 0.007486954884
2,7,5,9,-0.002806437780
2,7,6,0, 0.003182185776
2,7,6,1, 0.005699404888
2,7,6,4, 0.002833550738
2,7,6,5, 0.007486954884
2,7,6,6, 0.009186521289
2,7,6,9,-0.002337358562
2,7,7,2, 0.000380923638
2,7,7,7, 0.011234345481
2,7,8,3, 0.000334279928
2,7,8,8, 0.010640989452
2,7,9,0,-0.001615463286
2,7,9,1,-0.002833550738
2,7,9,4,-0.002632164927
2,7,9,5,-0.002806437780
2,7,9,6,-0.002337358562
2,7,9,9, 0.012207624695
2,8,2,3, 0.000296678015
2,8,2,8, 0.000023321855
2,8,3,2, 0.000296678015
2,8,3,7, 0.000023321855
2,8,7,3, 0.000023321855
2,8,7,8, 0.000296678015
2,8,8,2, 0.000023321855
2,8,8,7, 0.000296678015
2,9,0,2,-0.004400267826
2,9,0,7,-0.000392090436
2,9,1,2,-0.003393355877
2,9,1,7,-0.001177534997
2,9,2,0,-0.004400267826
2,9,2,1,-0.003393355877
2,9,2,4,-0.002665034706
2,9,2,5,-0.000443389859
2,9,2,6,-0.001575067819
2,9,2,9, 0.000616610826
2,9,4,2,-0.002665034706
2,9,4,7,-0.000569967116
2,9,5,2,-0.000443389859
2,9,5,7,-0.002806437780
2,9,6,2,-0.001575067819
2,9,6,7,-0.002337358562
2,9,7,0,-0.000392090436
2,9,7,1,-0.001177534997
2,9,7,4,-0.000569967116
2,9,7,5,-0.002806437780
2,9,7,6,-0.002337358562
2,9,7,9, 0.001863313258
2,9,9,2, 0.000616610826
2,9,9,7, 0.001863313258
3,0,0,3, 0.152608082603
3,0,0,8, 0.002043811047
3,0,1,3, 0.101353944495
3,0,1,8, 0.005504944432
3,0,3,0, 0.152608082603
3,0,3,1, 0.101353944495
3,0,3,5, 0.004170120473
3,0,3,6, 0.031673653127
3,0,3,9,-0.004400267826
3,0,4,8, 0.002806437780
3,0,5,3, 0.004170120473
3,0,5,8, 0.011574995980
3,0,6,3, 0.031673653127
3,0,6,8, 0.010755762370
3,0,8,0, 0.002043811047
3,0,8,1, 0.005504944432
3,0,8,4, 0.002806437780
3,0,8,5, 0.011574995980
3,0,8,6, 0.010755762370
3,0,8,9,-0.005792322943
3,0,9,3,-0.004400267826
3,0,9,8,-0.005792322943
3,1,0,3, 0.101353944495
3,1,0,8, 0.001713464588
3,1,1,3, 0.072461555243
3,1,1,8, 0.004965818716
3,1,3,0, 0.101353944495
3,1,3,1, 0.072461555243
3,1,3,5, 0.003138233608
3,1,3,6, 0.022907514437
3,1,3,9,-0.003393355877
3,1,4,8, 0.002337358562
3,1,5,3, 0.003138233608
3,1,5,8, 0.010755762370
3,1,6,3, 0.022907514437
3,1,6,8, 0.009927733094
3,1,8,0, 0.001713464588
3,1,8,1, 0.004965818716
3,1,8,4, 0.002337358562
3,1,8,5, 0.010755762370
3,1,8,6, 0.009927733094
3,1,8,9,-0.005267412944
3,1,9,3,-0.003393355877
3,1,9,8,-0.005267412944
3,2,2,3, 0.048105227081
3,2,2,8, 0.000296678015
3,2,3,2, 0.048105227081
3,2,3,7, 0.000296678015
3,2,7,3, 0.000296678015
3,2,7,8, 0.000984356211
3,2,8,2, 0.000296678015
3,2,8,7, 0.000984356211
3,3,0,0, 0.775037038942
3,3,0,1, 0.462081934851
3,3,0,5, 0.036433595174
3,3,0,6, 0.156238887620
3,3,0,9,-0.048220200008
3,3,1,0, 0.462081934851
3,3,1,1, 0.491073083906
3,3,1,5, 0.088879324682
3,3,1,6, 0.219919447708
3,3,1,9,-0.075140702438
3,3,2,2, 0.689508254834
3,3,2,7, 0.010640989452
3,3,3,3, 0.785718708997
3,3,3,8, 0.011234345481
3,3,4,4, 0.689508254834
3,3,4,5, 0.049016077424
3,3,4,6, 0.089387865326
3,3,4,9,-0.076495785101
3,3,5,0, 0.036433595174
3,3,5,1, 0.088879324682
3,3,5,4, 0.049016077424
3,3,5,5, 0.298455204780
3,3,5,6, 0.204028204504
3,3,5,9,-0.053949896303
3,3,6,0, 0.156238887620
3,3,6,1, 0.219919447708
3,3,6,4, 0.089387865326
3,3,6,5, 0.204028204504
3,3,6,6, 0.289603130599
3,3,6,9,-0.050364015600
3,3,7,2, 0.010640989452
3,3,7,7, 0.289409017738
3,3,8,3, 0.011234345481
3,3,8,8, 0.291377730161
3,3,9,0,-0.048220200008
3,3,9,1,-0.075140702438
3,3,9,4,-0.076495785101
3,3,9,5,-0.053949896303
3,3,9,6,-0.050364015600
3,3,9,9, 0.314653308493
3,4,0,8, 0.001244898680
3,4,1,8, 0.002941449361
3,4,3,4, 0.048105227081
3,4,3,5, 0.002062534195
3,4,3,6, 0.005516562632
3,4,3,9,-0.002665034706
3,4,4,3, 0.048105227081
3,4,4,8, 0.001863313258
3,4,5,3, 0.002062534195
3,4,5,8, 0.005792322943
3,4,6,3, 0.005516562632
3,4,6,8, 0.005267412944
3,4,8,0, 0.001244898680
3,4,8,1, 0.002941449361
3,4,8,4, 0.001863313258
3,4,8,5, 0.005792322943
3,4,8,6, 0.005267412944
3,4,8,9,-0.003820815568
3,4,9,3,-0.002665034706
3,4,9,8,-0.003820815568
3,5,0,3, 0.004170120473
3,5,0,8, 0.000275200564
3,5,1,3, 0.003138233608
3,5,1,8, 0.000847967075
3,5,3,0, 0.004170120473
3,5,3,1, 0.003138233608
3,5,3,4, 0.002062534195
3,5,3,5, 0.000334517870
3,5,3,6, 0.001357318705
3,5,3,9,-0.000443389859
3,5,4,3, 0.002062534195
3,5,4,8, 0.000392090436
3,5,5,3, 0.000334517870
3,5,5,8, 0.002043811047
3,5,6,3, 0.001357318705
3,5,6,8, 0.001713464588
3,5,8,0, 0.000275200564
3,5,8,1, 0.000847967075
3,5,8,4, 0.000392090436
3,5,8,5, 0.002043811047
3,5,8,6, 0.001713464588
3,5,8,9,-0.001244898680
3,5,9,3,-0.000443389859
3,5,9,8,-0.001244898680
3,6,0,3, 0.031673653127
3,6,0,8, 0.000847967075
3,6,1,3, 0.022907514437
3,6,1,8, 0.002493550086
3,6,3,0, 0.031673653127
3,6,3,1, 0.022907514437
3,6,3,4, 0.005516562632
3,6,3,5, 0.001357318705
3,6,3,6, 0.008082595740
3,6,3,9,-0.001575067819
3,6,4,3, 0.005516562632
3,6,4,8, 0.001177534997
3,6,5,3, 0.001357318705
3,6,5,8, 0.005504944432
3,6,6,3, 0.008082595740
3,6,6,8, 0.004965818716
3,6,8,0, 0.000847967075
3,6,8,1, 0.002493550086
3,6,8,4, 0.001177534997
3,6,8,5, 0.005504944432
3,6,8,6, 0.004965818716
3,6,8,9,-0.002941449361
3,6,9,3,-0.001575067819
3,6,9,8,-0.002941449361
3,7,2,3, 0.000296678015
3,7,2,8, 0.000023321855
3,7,3,2, 0.000296678015
3,7,3,7, 0.000023321855
3,7,7,3, 0.000023321855
3,7,7,8, 0.000296678015
3,7,8,2, 0.000023321855
3,7,8,7, 0.000296678015
3,8,0,0, 0.011477522024
3,8,0,1, 0.007486954884
3,8,0,4, 0.002806437780
3,8,0,5, 0.001123782779
3,8,0,6, 0.003182185776
3,8,0,9,-0.001615463286
3,8,1,0, 0.007486954884
3,8,1,1, 0.009186521289
3,8,1,4, 0.002337358562
3,8,1,5, 0.003182185776
3,8,1,6, 0.005699404888
3,8,1,9,-0.002833550738
3,8,2,2, 0.010640989452
3,8,2,7, 0.000334279928
3,8,3,3, 0.011234345481
3,8,3,8, 0.000380923638
3,8,4,0, 0.002806437780
3,8,4,1, 0.002337358562
3,8,4,4, 0.012207624695
3,8,4,5, 0.001615463286
3,8,4,6, 0.002833550738
3,8,4,9,-0.002632164927
3,8,5,0, 0.001123782779
3,8,5,1, 0.003182185776
3,8,5,4, 0.001615463286
3,8,5,5, 0.011477522024
3,8,5,6, 0.007486954884
3,8,5,9,-0.002806437780
3,8,6,0, 0.003182185776
3,8,6,1, 0.005699404888
3,8,6,4, 0.002833550738
3,8,6,5, 0.007486954884
3,8,6,6, 0.009186521289
3,8,6,9,-0.002337358562
3,8,7,2, 0.000334279928
3,8,7,7, 0.010640989452
3,8,8,3, 0.000380923638
3,8,8,8, 0.011234345481
3,8,9,0,-0.001615463286
3,8,9,1,-0.002833550738
3,8,9,4,-0.002632164927
3,8,9,5,-0.002806437780
3,8,9,6,-0.002337358562
3,8,9,9, 0.012207624695
3,9,0,3,-0.004400267826
3,9,0,8,-0.000392090436
3,9,1,3,-0.003393355877
3,9,1,8,-0.001177534997
3,9,3,0,-0.004400267826
3,9,3,1,-0.003393355877
3,9,3,4,-0.002665034706
3,9,3,5,-0.000443389859
3,9,3,6,-0.001575067819
3,9,3,9, 0.000616610826
3,9,4,3,-0.002665034706
3,9,4,8,-0.000569967116
3,9,5,3,-0.000443389859
3,9,5,8,-0.002806437780
3,9,6,3,-0.001575067819
3,9,6,8,-0.002337358562
3,9,8,0,-0.000392090436
3,9,8,1,-0.001177534997
3,9,8,4,-0.000569967116
3,9,8,5,-0.002806437780
3,9,8,6,-0.002337358562
3,9,8,9, 0.001863313258
3,9,9,3, 0.000616610826
3,9,9,8, 0.001863313258
4,0,0,4, 0.152608082603
4,0,0,5, 0.009487717281
4,0,0,6, 0.017436800470
4,0,0,9,-0.014320661045
4,0,1,4, 0.101353944495
4,0,1,5, 0.019516485043
4,0,1,6, 0.027296968759
4,0,1,9,-0.021016678887
4,0,2,7, 0.002806437780
4,0,3,8, 0.002806437780
4,0,4,0, 0.152608082603
4,0,4,1, 0.101353944495
4,0,4,5, 0.015073186233
4,0,4,6, 0.039150629423
4,0,4,9,-0.024492038674
4,0,5,0, 0.009487717281
4,0,5,1, 0.019516485043
4,0,5,4, 0.015073186233
4,0,5,5, 0.059405548916
4,0,5,6, 0.039473101985
4,0,5,9,-0.022435279485
4,0,6,0, 0.017436800470
4,0,6,1, 0.027296968759
4,0,6,4, 0.039150629423
4,0,6,5, 0.039473101985
4,0,6,6, 0.045993808339
4,0,6,9,-0.019978290090
4,0,7,2, 0.002806437780
4,0,7,7, 0.053949896303
4,0,8,3, 0.002806437780
4,0,8,8, 0.053949896303
4,0,9,0,-0.014320661045
4,0,9,1,-0.021016678887
4,0,9,4,-0.024492038674
4,0,9,5,-0.022435279485
4,0,9,6,-0.019978290090
4,0,9,9, 0.070249789552
4,1,0,4, 0.101353944495
4,1,0,5, 0.007560036214
4,1,0,6, 0.013234476328
4,1,0,9,-0.011504700400
4,1,1,4, 0.072461555243
4,1,1,5, 0.017235023134
4,1,1,6, 0.023408749271
4,1,1,9,-0.018057235364
4,1,2,7, 0.002337358562
4,1,3,8, 0.002337358562
4,1,4,0, 0.101353944495
4,1,4,1, 0.072461555243
4,1,4,5, 0.011945248597
4,1,4,6, 0.028836341053
4,1,4,9,-0.019629794256
4,1,5,0, 0.007560036214
4,1,5,1, 0.017235023134
4,1,5,4, 0.011945248597
4,1,5,5, 0.055114437107
4,1,5,6, 0.036168770562
4,1,5,9,-0.019978290090
4,1,6,0, 0.013234476328
4,1,6,1, 0.023408749271
4,1,6,4, 0.028836341053
4,1,6,5, 0.036168770562
4,1,6,6, 0.041392171492
4,1,6,9,-0.017332495032
4,1,7,2, 0.002337358562
4,1,7,7, 0.050364015600
4,1,8,3, 0.002337358562
4,1,8,8, 0.050364015600
4,1,9,0,-0.011504700400
4,1,9,1,-0.018057235364
4,1,9,4,-0.019629794256
4,1,9,5,-0.019978290090
4,1,9,6,-0.017332495032
4,1,9,9, 0.063919017740
4,2,0,7, 0.001244898680
4,2,1,7, 0.002941449361
4,2,2,4, 0.048105227081
4,2,2,5, 0.002062534195
4,2,2,6, 0.005516562632
4,2,2,9,-0.002665034706
4,2,4,2, 0.048105227081
4,2,4,7, 0.001863313258
4,2,5,2, 0.002062534195
4,2,5,7, 0.005792322943
4,2,6,2, 0.005516562632
4,2,6,7, 0.005267412944
4,2,7,0, 0.001244898680
4,2,7,1, 0.002941449361
4,2,7,4, 0.001863313258
4,2,7,5, 0.005792322943
4,2,7,6, 0.005267412944
4,2,7,9,-0.003820815568
4,2,9,2,-0.002665034706
4,2,9,7,-0.003820815568
4,3,0,8, 0.001244898680
4,3,1,8, 0.002941449361
4,3,3,4, 0.048105227081
4,3,3,5, 0.002062534195
4,3,3,6, 0.005516562632
4,3,3,9,-0.002665034706
4,3,4,3, 0.048105227081
4,3,4,8, 0.001863313258
4,3,5,3, 0.002062534195
4,3,5,8, 0.005792322943
4,3,6,3, 0.005516562632
4,3,6,8, 0.005267412944
4,3,8,0, 0.001244898680
4,3,8,1, 0.002941449361
4,3,8,4, 0.001863313258
4,3,8,5, 0.005792322943
4,3,8,6, 0.005267412944
4,3,8,9,-0.003820815568
4,3,9,3,-0.002665034706
4,3,9,8,-0.003820815568
4,4,0,0, 0.775037038942
4,4,0,1, 0.462081934851
4,4,0,5, 0.041219146148
4,4,0,6, 0.159499770397
4,4,0,9,-0.056807664889
4,4,1,0, 0.462081934851
4,4,1,1, 0.491073083906
4,4,1,5, 0.098309933995
4,4,1,6, 0.225752084012
4,4,1,9,-0.087533586869
4,4,2,2, 0.689508254834
4,4,2,7, 0.012207624695
4,4,3,3, 0.689508254834
4,4,3,8, 0.012207624695
4,4,4,4, 0.785718708997
4,4,4,5, 0.057923991235
4,4,4,6, 0.101542616841
4,4,4,9,-0.092521511682
4,4,5,0, 0.041219146148
4,4,5,1, 0.098309933995
4,4,5,4, 0.057923991235
4,4,5,5, 0.327948411151
4,4,5,6, 0.222440394275
4,4,5,9,-0.070249789552
4,4,6,0, 0.159499770397
4,4,6,1, 0.225752084012
4,4,6,4, 0.101542616841
4,4,6,5, 0.222440394275
4,4,6,6, 0.304914822268
4,4,6,9,-0.063919017740
4,4,7,2, 0.012207624695
4,4,7,7, 0.314653308493
4,4,8,3, 0.012207624695
4,4,8,8, 0.314653308493
4,4,9,0,-0.056807664889
4,4,9,1,-0.087533586869
4,4,9,4,-0.092521511682
4,4,9,5,-0.070249789552
4,4,9,6,-0.063919017740
4,4,9,9, 0.354501960093
4,5,0,0, 0.053077732172
4,5,0,1, 0.033972463975
4,5,0,4, 0.015073186233
4,5,0,5, 0.005318833717
4,5,0,6, 0.014613290481
4,5,0,9,-0.007802099308
4,5,1,0, 0.033972463975
4,5,1,1, 0.040365645894
4,5,1,4, 0.011945248597
4,5,1,5, 0.014427026858
4,5,1,6, 0.025088194921
4,5,1,9,-0.013335874163
4,5,2,2, 0.049016077424
4,5,2,7, 0.001615463286
4,5,3,3, 0.049016077424
4,5,3,8, 0.001615463286
4,5,4,0, 0.015073186233
4,5,4,1, 0.011945248597
4,5,4,4, 0.057923991235
4,5,4,5, 0.007817799082
4,5,4,6, 0.013558911593
4,5,4,9,-0.012939591529
4,5,5,0, 0.005318833717
4,5,5,1, 0.014427026858
4,5,5,4, 0.007817799082
4,5,5,5, 0.052302455655
4,5,5,6, 0.033504208295
4,5,5,9,-0.014320661045
4,5,6,0, 0.014613290481
4,5,6,1, 0.025088194921
4,5,6,4, 0.013558911593
4,5,6,5, 0.033504208295
4,5,6,6, 0.040046268818
4,5,6,9,-0.011504700400
4,5,7,2, 0.001615463286
4,5,7,7, 0.048220200008
4,5,8,3, 0.001615463286
4,5,8,8, 0.048220200008
4,5,9,0,-0.007802099308
4,5,9,1,-0.013335874163
4,5,9,4,-0.012939591529
4,5,9,5,-0.014320661045
4,5,9,6,-0.011504700400
4,5,9,9, 0.056807664889
4,6,0,0, 0.096464702262
4,6,0,1, 0.060649116709
4,6,0,4, 0.039150629423
4,6,0,5, 0.009226202168
4,6,0,6, 0.026820057771
4,6,0,9,-0.013335874163
4,6,1,0, 0.060649116709
4,6,1,1, 0.069951486833
4,6,1,4, 0.028836341053
4,6,1,5, 0.023335079713
4,6,1,6, 0.043604309265
4,6,1,9,-0.021731762455
4,6,2,2, 0.089387865326
4,6,2,7, 0.002833550738
4,6,3,3, 0.089387865326
4,6,3,8, 0.002833550738
4,6,4,0, 0.039150629423
4,6,4,1, 0.028836341053
4,6,4,4, 0.101542616841
4,6,4,5, 0.013558911593
4,6,4,6, 0.025932426188
4,6,4,9,-0.022093983839
4,6,5,0, 0.009226202168
4,6,5,1, 0.023335079713
4,6,5,4, 0.013558911593
4,6,5,5, 0.079808658475
4,6,5,6, 0.052767749636
4,6,5,9,-0.021016678887
4,6,6,0, 0.026820057771
4,6,6,1, 0.043604309265
4,6,6,4, 0.025932426188
4,6,6,5, 0.052767749636
4,6,6,6, 0.066491322996
4,6,6,9,-0.018057235364
4,6,7,2, 0.002833550738
4,6,7,7, 0.075140702438
4,6,8,3, 0.002833550738
4,6,8,8, 0.075140702438
4,6,9,0,-0.013335874163
4,6,9,1,-0.021731762455
4,6,9,4,-0.022093983839
4,6,9,5,-0.021016678887
4,6,9,6,-0.018057235364
4,6,9,9, 0.087533586869
4,7,0,2, 0.002806437780
4,7,0,7, 0.000443389859
4,7,1,2, 0.002337358562
4,7,1,7, 0.001575067819
4,7,2,0, 0.002806437780
4,7,2,1, 0.002337358562
4,7,2,4, 0.001863313258
4,7,2,5, 0.000392090436
4,7,2,6, 0.001177534997
4,7,2,9,-0.000569967116
4,7,4,2, 0.001863313258
4,7,4,7, 0.000616610826
4,7,5,2, 0.000392090436
4,7,5,7, 0.004400267826
4,7,6,2, 0.001177534997
4,7,6,7, 0.003393355877
4,7,7,0, 0.000443389859
4,7,7,1, 0.001575067819
4,7,7,4, 0.000616610826
4,7,7,5, 0.004400267826
4,7,7,6, 0.003393355877
4,7,7,9,-0.002665034706
4,7,9,2,-0.000569967116
4,7,9,7,-0.002665034706
4,8,0,3, 0.002806437780
4,8,0,8, 0.000443389859
4,8,1,3, 0.002337358562
4,8,1,8, 0.001575067819
4,8,3,0, 0.002806437780
4,8,3,1, 0.002337358562
4,8,3,4, 0.001863313258
4,8,3,5, 0.000392090436
4,8,3,6, 0.001177534997
4,8,3,9,-0.000569967116
4,8,4,3, 0.001863313258
4,8,4,8, 0.000616610826
4,8,5,3, 0.000392090436
4,8,5,8, 0.004400267826
4,8,6,3, 0.001177534997
4,8,6,8, 0.003393355877
4,8,8,0, 0.000443389859
4,8,8,1, 0.001575067819
4,8,8,4, 0.000616610826
4,8,8,5, 0.004400267826
4,8,8,6, 0.003393355877
4,8,8,9,-0.002665034706
4,8,9,3,-0.000569967116
4,8,9,8,-0.002665034706
4,9,0,0,-0.083180101241
4,9,0,1,-0.053481598334
4,9,0,4,-0.024492038674
4,9,0,5,-0.008708352005
4,9,0,6,-0.023289677014
4,9,0,9, 0.012939591529
4,9,1,0,-0.053481598334
4,9,1,1,-0.063698115096
4,9,1,4,-0.019629794256
4,9,1,5,-0.023289677014
4,9,1,6,-0.039985333662
4,9,1,9, 0.022093983839
4,9,2,2,-0.076495785101
4,9,2,7,-0.002632164927
4,9,3,3,-0.076495785101
4,9,3,8,-0.002632164927
4,9,4,0,-0.024492038674
4,9,4,1,-0.019629794256
4,9,4,4,-0.092521511682
4,9,4,5,-0.012939591529
4,9,4,6,-0.022093983839
4,9,4,9, 0.021615051065
4,9,5,0,-0.008708352005
4,9,5,1,-0.023289677014
4,9,5,4,-0.012939591529
4,9,5,5,-0.083180101241
4,9,5,6,-0.053481598334
4,9,5,9, 0.024492038674
4,9,6,0,-0.023289677014
4,9,6,1,-0.039985333662
4,9,6,4,-0.022093983839
4,9,6,5,-0.053481598334
4,9,6,6,-0.063698115096
4,9,6,9, 0.019629794256
4,9,7,2,-0.002632164927
4,9,7,7,-0.076495785101
4,9,8,3,-0.002632164927
4,9,8,8,-0.076495785101
4,9,9,0, 0.012939591529
4,9,9,1, 0.022093983839
4,9,9,4, 0.021615051065
4,9,9,5, 0.024492038674
4,9,9,6, 0.019629794256
4,9,9,9,-0.092521511682
5,0,0,0, 0.039400034028
5,0,0,1, 0.024968362427
5,0,0,4, 0.009487717281
5,0,0,5, 0.003692984989
5,0,0,6, 0.010470106084
5,0,0,9,-0.005318833717
5,0,1,0, 0.024968362427
5,0,1,1, 0.029670467795
5,0,1,4, 0.007560036214
5,0,1,5, 0.010470106084
5,0,1,6, 0.018247223388
5,0,1,9,-0.009226202168
5,0,2,2, 0.036433595174
5,0,2,7, 0.001123782779
5,0,3,3, 0.036433595174
5,0,3,8, 0.001123782779
5,0,4,0, 0.009487717281
5,0,4,1, 0.007560036214
5,0,4,4, 0.041219146148
5,0,4,5, 0.005318833717
5,0,4,6, 0.009226202168
5,0,4,9,-0.008708352005
5,0,5,0, 0.003692984989
5,0,5,1, 0.010470106084
5,0,5,4, 0.005318833717
5,0,5,5, 0.039400034028
5,0,5,6, 0.024968362427
5,0,5,9,-0.009487717281
5,0,6,0, 0.010470106084
5,0,6,1, 0.018247223388
5,0,6,4, 0.009226202168
5,0,6,5, 0.024968362427
5,0,6,6, 0.029670467795
5,0,6,9,-0.007560036214
5,0,7,2, 0.001123782779
5,0,7,7, 0.036433595174
5,0,8,3, 0.001123782779
5,0,8,8, 0.036433595174
5,0,9,0,-0.005318833717
5,0,9,1,-0.009226202168
5,0,9,4,-0.008708352005
5,0,9,5,-0.009487717281
5,0,9,6,-0.007560036214
5,0,9,9, 0.041219146148
5,1,0,0, 0.092587918247
5,1,0,1, 0.061979343677
5,1,0,4, 0.019516485043
5,1,0,5, 0.010470106084
5,1,0,6, 0.026799605041
5,1,0,9,-0.014613290481
5,1,1,0, 0.061979343677
5,1,1,1, 0.082644774858
5,1,1,4, 0.017235023134
5,1,1,5, 0.037804947900
5,1,1,6, 0.057664463512
5,1,1,9,-0.026820057771
5,1,2,2, 0.088879324682
5,1,2,7, 0.003182185776
5,1,3,3, 0.088879324682
5,1,3,8, 0.003182185776
5,1,4,0, 0.019516485043
5,1,4,1, 0.017235023134
5,1,4,4, 0.098309933995
5,1,4,5, 0.014427026858
5,1,4,6, 0.023335079713
5,1,4,9,-0.023289677014
5,1,5,0, 0.010470106084
5,1,5,1, 0.037804947900
5,1,5,4, 0.014427026858
5,1,5,5, 0.169794921121
5,1,5,6, 0.102369997229
5,1,5,9,-0.017436800470
5,1,6,0, 0.026799605041
5,1,6,1, 0.057664463512
5,1,6,4, 0.023335079713
5,1,6,5, 0.102369997229
5,1,6,6, 0.113004202675
5,1,6,9,-0.013234476328
5,1,7,2, 0.003182185776
5,1,7,7, 0.156238887620
5,1,8,3, 0.003182185776
5,1,8,8, 0.156238887620
5,1,9,0,-0.014613290481
5,1,9,1,-0.026820057771
5,1,9,4,-0.023289677014
5,1,9,5,-0.017436800470
5,1,9,6,-0.013234476328
5,1,9,9, 0.159499770397
5,2,0,2, 0.004170120473
5,2,0,7, 0.000275200564
5,2,1,2, 0.003138233608
5,2,1,7, 0.000847967075
5,2,2,0, 0.004170120473
5,2,2,1, 0.003138233608
5,2,2,4, 0.002062534195
5,2,2,5, 0.000334517870
5,2,2,6, 0.001357318705
5,2,2,9,-0.000443389859
5,2,4,2, 0.002062534195
5,2,4,7, 0.000392090436
5,2,5,2, 0.000334517870
5,2,5,7, 0.002043811047
5,2,6,2, 0.001357318705
5,2,6,7, 0.001713464588
5,2,7,0, 0.000275200564
5,2,7,1, 0.000847967075
5,2,7,4, 0.000392090436
5,2,7,5, 0.002043811047
5,2,7,6, 0.001713464588
5,2,7,9,-0.001244898680
5,2,9,2,-0.000443389859
5,2,9,7,-0.001244898680
5,3,0,3, 0.004170120473
5,3,0,8, 0.000275200564
5,3,1,3, 0.003138233608
5,3,1,8, 0.000847967075
5,3,3,0, 0.004170120473
5,3,3,1, 0.003138233608
5,3,3,4, 0.002062534195
5,3,3,5, 0.000334517870
5,3,3,6, 0.001357318705
5,3,3,9,-0.000443389859
5,3,4,3, 0.002062534195
5,3,4,8, 0.000392090436
5,3,5,3, 0.000334517870
5,3,5,8, 0.002043811047
5,3,6,3, 0.001357318705
5,3,6,8, 0.001713464588
5,3,8,0, 0.000275200564
5,3,8,1, 0.000847967075
5,3,8,4, 0.000392090436
5,3,8,5, 0.002043811047
5,3,8,6, 0.001713464588
5,3,8,9,-0.001244898680
5,3,9,3,-0.000443389859
5,3,9,8,-0.001244898680
5,4,0,0, 0.053077732172
5,4,0,1, 0.033972463975
5,4,0,4, 0.015073186233
5,4,0,5, 0.005318833717
5,4,0,6, 0.014613290481
5,4,0,9,-0.007802099308
5,4,1,0, 0.033972463975
5,4,1,1, 0.040365645894
5,4,1,4, 0.011945248597
5,4,1,5, 0.014427026858
5,4,1,6, 0.025088194921
5,4,1,9,-0.013335874163
5,4,2,2, 0.049016077424
5,4,2,7, 0.001615463286
5,4,3,3, 0.049016077424
5,4,3,8, 0.001615463286
5,4,4,0, 0.015073186233
5,4,4,1, 0.011945248597
5,4,4,4, 0.057923991235
5,4,4,5, 0.007817799082
5,4,4,6, 0.013558911593
5,4,4,9,-0.012939591529
5,4,5,0, 0.005318833717
5,4,5,1, 0.014427026858
5,4,5,4, 0.007817799082
5,4,5,5, 0.052302455655
5,4,5,6, 0.033504208295
5,4,5,9,-0.014320661045
5,4,6,0, 0.014613290481
5,4,6,1, 0.025088194921
5,4,6,4, 0.013558911593
5,4,6,5, 0.033504208295
5,4,6,6, 0.040046268818
5,4,6,9,-0.011504700400
5,4,7,2, 0.001615463286
5,4,7,7, 0.048220200008
5,4,8,3, 0.001615463286
5,4,8,8, 0.048220200008
5,4,9,0,-0.007802099308
5,4,9,1,-0.013335874163
5,4,9,4,-0.012939591529
5,4,9,5,-0.014320661045
5,4,9,6,-0.011504700400
5,4,9,9, 0.056807664889
5,5,0,0, 0.308311570145
5,5,0,1, 0.210391458298
5,5,0,4, 0.059405548916
5,5,0,5, 0.039400034028
5,5,0,6, 0.092587918247
5,5,0,9,-0.053077732172
5,5,1,0, 0.210391458298
5,5,1,1, 0.296307712791
5,5,1,4, 0.055114437107
5,5,1,5, 0.169794921121
5,5,1,6, 0.226681702343
5,5,1,9,-0.096464702262
5,5,2,2, 0.298455204780
5,5,2,7, 0.011477522024
5,5,3,3, 0.298455204780
5,5,3,8, 0.011477522024
5,5,4,0, 0.059405548916
5,5,4,1, 0.055114437107
5,5,4,4, 0.327948411151
5,5,4,5, 0.052302455655
5,5,4,6, 0.079808658475
5,5,4,9,-0.083180101241
5,5,5,0, 0.039400034028
5,5,5,1, 0.169794921121
5,5,5,4, 0.052302455655
5,5,5,5, 0.897251802255
5,5,5,6, 0.504699283325
5,5,6,0, 0.092587918247
5,5,6,1, 0.226681702343
5,5,6,4, 0.079808658475
5,5,6,5, 0.504699283325
5,5,6,6, 0.507364877272
5,5,7,2, 0.011477522024
5,5,7,7, 0.775037038942
5,5,8,3, 0.011477522024
5,5,8,8, 0.775037038942
5,5,9,0,-0.053077732172
5,5,9,1,-0.096464702262
5,5,9,4,-0.083180101241
5,5,9,9, 0.775037038942
5,6,0,0, 0.210391458298
5,6,0,1, 0.143026864162
5,6,0,4, 0.039473101985
5,6,0,5, 0.024968362427
5,6,0,6, 0.061979343677
5,6,0,9,-0.033972463975
5,6,1,0, 0.143026864162
5,6,1,1, 0.199661788415
5,6,1,4, 0.036168770562
5,6,1,5, 0.102369997229
5,6,1,6, 0.147708693016
5,6,1,9,-0.060649116709
5,6,2,2, 0.204028204504
5,6,2,7, 0.007486954884
5,6,3,3, 0.204028204504
5,6,3,8, 0.007486954884
5,6,4,0, 0.039473101985
5,6,4,1, 0.036168770562
5,6,4,4, 0.222440394275
5,6,4,5, 0.033504208295
5,6,4,6, 0.052767749636
5,6,4,9,-0.053481598334
5,6,5,0, 0.024968362427
5,6,5,1, 0.102369997229
5,6,5,4, 0.033504208295
5,6,5,5, 0.504699283325
5,6,5,6, 0.300015949963
5,6,6,0, 0.061979343677
5,6,6,1, 0.147708693016
5,6,6,4, 0.052767749636
5,6,6,5, 0.300015949963
5,6,6,6, 0.324022459289
5,6,7,2, 0.007486954884
5,6,7,7, 0.462081934851
5,6,8,3, 0.007486954884
5,6,8,8, 0.462081934851
5,6,9,0,-0.033972463975
5,6,9,1,-0.060649116709
5,6,9,4,-0.053481598334
5,6,9,9, 0.462081934851
5,7,0,2, 0.011574995980
5,7,0,7, 0.004170120473
5,7,1,2, 0.010755762370
5,7,1,7, 0.031673653127
5,7,2,0, 0.011574995980
5,7,2,1, 0.010755762370
5,7,2,4, 0.005792322943
5,7,2,5, 0.002043811047
5,7,2,6, 0.005504944432
5,7,2,9,-0.002806437780
5,7,4,2, 0.005792322943
5,7,4,7, 0.004400267826
5,7,5,2, 0.002043811047
5,7,5,7, 0.152608082603
5,7,6,2, 0.005504944432
5,7,6,7, 0.101353944495
5,7,7,0, 0.004170120473
5,7,7,1, 0.031673653127
5,7,7,4, 0.004400267826
5,7,7,5, 0.152608082603
5,7,7,6, 0.101353944495
5,7,9,2,-0.002806437780
5,8,0,3, 0.011574995980
5,8,0,8, 0.004170120473
5,8,1,3, 0.010755762370
5,8,1,8, 0.031673653127
5,8,3,0, 0.011574995980
5,8,3,1, 0.010755762370
5,8,3,4, 0.005792322943
5,8,3,5, 0.002043811047
5,8,3,6, 0.005504944432
5,8,3,9,-0.002806437780
5,8,4,3, 0.005792322943
5,8,4,8, 0.004400267826
5,8,5,3, 0.002043811047
5,8,5,8, 0.152608082603
5,8,6,3, 0.005504944432
5,8,6,8, 0.101353944495
5,8,8,0, 0.004170120473
5,8,8,1, 0.031673653127
5,8,8,4, 0.004400267826
5,8,8,5, 0.152608082603
5,8,8,6, 0.101353944495
5,8,9,3,-0.002806437780
5,9,0,0,-0.059405548916
5,9,0,1,-0.039473101985
5,9,0,4,-0.022435279485
5,9,0,5,-0.009487717281
5,9,0,6,-0.019516485043
5,9,0,9, 0.015073186233
5,9,1,0,-0.039473101985
5,9,1,1,-0.045993808339
5,9,1,4,-0.019978290090
5,9,1,5,-0.017436800470
5,9,1,6,-0.027296968759
5,9,1,9, 0.039150629423
5,9,2,2,-0.053949896303
5,9,2,7,-0.002806437780
5,9,3,3,-0.053949896303
5,9,3,8,-0.002806437780
5,9,4,0,-0.022435279485
5,9,4,1,-0.019978290090
5,9,4,4,-0.070249789552
5,9,4,5,-0.014320661045
5,9,4,6,-0.021016678887
5,9,4,9, 0.024492038674
5,9,5,0,-0.009487717281
5,9,5,1,-0.017436800470
5,9,5,4,-0.014320661045
5,9,5,9, 0.152608082603
5,9,6,0,-0.019516485043
5,9,6,1,-0.027296968759
5,9,6,4,-0.021016678887
5,9,6,9, 0.101353944495
5,9,7,2,-0.002806437780
5,9,8,3,-0.002806437780
5,9,9,0, 0.015073186233
5,9,9,1, 0.039150629423
5,9,9,4, 0.024492038674
5,9,9,5, 0.152608082603
5,9,9,6, 0.101353944495
6,0,0,0, 0.169794921121
6,0,0,1, 0.102369997229
6,0,0,4, 0.017436800470
6,0,0,5, 0.010470106084
6,0,0,6, 0.037804947900
6,0,0,9,-0.014427026858
6,0,1,0, 0.102369997229
6,0,1,1, 0.113004202675
6,0,1,4, 0.013234476328
6,0,1,5, 0.026799605041
6,0,1,6, 0.057664463512
6,0,1,9,-0.023335079713
6,0,2,2, 0.156238887620
6,0,2,7, 0.003182185776
6,0,3,3, 0.156238887620
6,0,3,8, 0.003182185776
6,0,4,0, 0.017436800470
6,0,4,1, 0.013234476328
6,0,4,4, 0.159499770397
6,0,4,5, 0.014613290481
6,0,4,6, 0.026820057771
6,0,4,9,-0.023289677014
6,0,5,0, 0.010470106084
6,0,5,1, 0.026799605041
6,0,5,4, 0.014613290481
6,0,5,5, 0.092587918247
6,0,5,6, 0.061979343677
6,0,5,9,-0.019516485043
6,0,6,0, 0.037804947900
6,0,6,1, 0.057664463512
6,0,6,4, 0.026820057771
6,0,6,5, 0.061979343677
6,0,6,6, 0.082644774858
6,0,6,9,-0.017235023134
6,0,7,2, 0.003182185776
6,0,7,7, 0.088879324682
6,0,8,3, 0.003182185776
6,0,8,8, 0.088879324682
6,0,9,0,-0.014427026858
6,0,9,1,-0.023335079713
6,0,9,4,-0.023289677014
6,0,9,5,-0.019516485043
6,0,9,6,-0.017235023134
6,0,9,9, 0.098309933995
6,1,0,0, 0.226681702343
6,1,0,1, 0.147708693016
6,1,0,4, 0.027296968759
6,1,0,5, 0.018247223388
6,1,0,6, 0.057664463512
6,1,0,9,-0.025088194921
6,1,1,0, 0.147708693016
6,1,1,1, 0.187551220703
6,1,1,4, 0.023408749271
6,1,1,5, 0.057664463512
6,1,1,6, 0.109504232283
6,1,1,9,-0.043604309265
6,1,2,2, 0.219919447708
6,1,2,7, 0.005699404888
6,1,3,3, 0.219919447708
6,1,3,8, 0.005699404888
6,1,4,0, 0.027296968759
6,1,4,1, 0.023408749271
6,1,4,4, 0.225752084012
6,1,4,5, 0.025088194921
6,1,4,6, 0.043604309265
6,1,4,9,-0.039985333662
6,1,5,0, 0.018247223388
6,1,5,1, 0.057664463512
6,1,5,4, 0.025088194921
6,1,5,5, 0.226681702343
6,1,5,6, 0.147708693016
6,1,5,9,-0.027296968759
6,1,6,0, 0.057664463512
6,1,6,1, 0.109504232283
6,1,6,4, 0.043604309265
6,1,6,5, 0.147708693016
6,1,6,6, 0.187551220703
6,1,6,9,-0.023408749271
6,1,7,2, 0.005699404888
6,1,7,7, 0.219919447708
6,1,8,3, 0.005699404888
6,1,8,8, 0.219919447708
6,1,9,0,-0.025088194921
6,1,9,1,-0.043604309265
6,1,9,4,-0.039985333662
6,1,9,5,-0.027296968759
6,1,9,6,-0.023408749271
6,1,9,9, 0.225752084012
6,2,0,2, 0.031673653127
6,2,0,7, 0.000847967075
6,2,1,2, 0.022907514437
6,2,1,7, 0.002493550086
6,2,2,0, 0.031673653127
6,2,2,1, 0.022907514437
6,2,2,4, 0.005516562632
6,2,2,5, 0.001357318705
6,2,2,6, 0.008082595740
6,2,2,9,-0.001575067819
6,2,4,2, 0.005516562632
6,2,4,7, 0.001177534997
6,2,5,2, 0.001357318705
6,2,5,7, 0.005504944432
6,2,6,2, 0.008082595740
6,2,6,7, 0.004965818716
6,2,7,0, 0.000847967075
6,2,7,1, 0.002493550086
6,2,7,4, 0.001177534997
6,2,7,5, 0.005504944432
6,2,7,6, 0.004965818716
6,2,7,9,-0.002941449361
6,2,9,2,-0.001575067819
6,2,9,7,-0.002941449361
6,3,0,3, 0.031673653127
6,3,0,8, 0.000847967075
6,3,1,3, 0.022907514437
6,3,1,8, 0.002493550086
6,3,3,0, 0.031673653127
6,3,3,1, 0.022907514437
6,3,3,4, 0.005516562632
6,3,3,5, 0.001357318705
6,3,3,6, 0.008082595740
6,3,3,9,-0.001575067819
6,3,4,3, 0.005516562632
6,3,4,8, 0.001177534997
6,3,5,3, 0.001357318705
6,3,5,8, 0.005504944432
6,3,6,3, 0.008082595740
6,3,6,8, 0.004965818716
6,3,8,0, 0.000847967075
6,3,8,1, 0.002493550086
6,3,8,4, 0.001177534997
6,3,8,5, 0.005504944432
6,3,8,6, 0.004965818716
6,3,8,9,-0.002941449361
6,3,9,3,-0.001575067819
6,3,9,8,-0.002941449361
6,4,0,0, 0.096464702262
6,4,0,1, 0.060649116709
6,4,0,4, 0.039150629423
6,4,0,5, 0.009226202168
6,4,0,6, 0.026820057771
6,4,0,9,-0.013335874163
6,4,1,0, 0.060649116709
6,4,1,1, 0.069951486833
6,4,1,4, 0.028836341053
6,4,1,5, 0.023335079713
6,4,1,6, 0.043604309265
6,4,1,9,-0.021731762455
6,4,2,2, 0.089387865326
6,4,2,7, 0.002833550738
6,4,3,3, 0.089387865326
6,4,3,8, 0.002833550738
6,4,4,0, 0.039150629423
6,4,4,1, 0.028836341053
6,4,4,4, 0.101542616841
6,4,4,5, 0.013558911593
6,4,4,6, 0.025932426188
6,4,4,9,-0.022093983839
6,4,5,0, 0.009226202168
6,4,5,1, 0.023335079713
6,4,5,4, 0.013558911593
6,4,5,5, 0.079808658475
6,4,5,6, 0.052767749636
6,4,5,9,-0.021016678887
6,4,6,0, 0.026820057771
6,4,6,1, 0.043604309265
6,4,6,4, 0.025932426188
6,4,6,5, 0.052767749636
6,4,6,6, 0.066491322996
6,4,6,9,-0.018057235364
6,4,7,2, 0.002833550738
6,4,7,7, 0.075140702438
6,4,8,3, 0.002833550738
6,4,8,8, 0.075140702438
6,4,9,0,-0.013335874163
6,4,9,1,-0.021731762455
6,4,9,4,-0.022093983839
6,4,9,5,-0.021016678887
6,4,9,6,-0.018057235364
6,4,9,9, 0.087533586869
6,5,0,0, 0.210391458298
6,5,0,1, 0.143026864162
6,5,0,4, 0.039473101985
6,5,0,5, 0.024968362427
6,5,0,6, 0.061979343677
6,5,0,9,-0.033972463975
6,5,1,0, 0.143026864162
6,5,1,1, 0.199661788415
6,5,1,4, 0.036168770562
6,5,1,5, 0.102369997229
6,5,1,6, 0.147708693016
6,5,1,9,-0.060649116709
6,5,2,2, 0.204028204504
6,5,2,7, 0.007486954884
6,5,3,3, 0.204028204504
6,5,3,8, 0.007486954884
6,5,4,0, 0.039473101985
6,5,4,1, 0.036168770562
6,5,4,4, 0.222440394275
6,5,4,5, 0.033504208295
6,5,4,6, 0.052767749636
6,5,4,9,-0.053481598334
6,5,5,0, 0.024968362427
6,5,5,1, 0.102369997229
6,5,5,4, 0.033504208295
6,5,5,5, 0.504699283325
6,5,5,6, 0.300015949963
6,5,6,0, 0.061979343677
6,5,6,1, 0.147708693016
6,5,6,4, 0.052767749636
6,5,6,5, 0.300015949963
6,5,6,6, 0.324022459289
6,5,7,2, 0.007486954884
6,5,7,7, 0.462081934851
6,5,8,3, 0.007486954884
6,5,8,8, 0.462081934851
6,5,9,0,-0.033972463975
6,5,9,1,-0.060649116709
6,5,9,4,-0.053481598334
6,5,9,9, 0.462081934851
6,6,0,0, 0.296307712791
6,6,0,1, 0.199661788415
6,6,0,4, 0.045993808339
6,6,0,5, 0.029670467795
6,6,0,6, 0.082644774858
6,6,0,9,-0.040365645894
6,6,1,0, 0.199661788415
6,6,1,1, 0.274845500747
6,6,1,4, 0.041392171492
6,6,1,5, 0.113004202675
6,6,1,6, 0.187551220703
6,6,1,9,-0.069951486833
6,6,2,2, 0.289603130599
6,6,2,7, 0.009186521289
6,6,3,3, 0.289603130599
6,6,3,8, 0.009186521289
6,6,4,0, 0.045993808339
6,6,4,1, 0.041392171492
6,6,4,4, 0.304914822268
6,6,4,5, 0.040046268818
6,6,4,6, 0.066491322996
6,6,4,9,-0.063698115096
6,6,5,0, 0.029670467795
6,6,5,1, 0.113004202675
6,6,5,4, 0.040046268818
6,6,5,5, 0.507364877272
6,6,5,6, 0.324022459289
6,6,6,0, 0.082644774858
6,6,6,1, 0.187551220703
6,6,6,4, 0.066491322996
6,6,6,5, 0.324022459289
6,6,6,6, 0.394125899248
6,6,7,2, 0.009186521289
6,6,7,7, 0.491073083906
6,6,8,3, 0.009186521289
6,6,8,8, 0.491073083906
6,6,9,0,-0.040365645894
6,6,9,1,-0.069951486833
6,6,9,4,-0.063698115096
6,6,9,9, 0.491073083906
6,7,0,2, 0.010755762370
6,7,0,7, 0.003138233608
6,7,1,2, 0.009927733094
6,7,1,7, 0.022907514437
6,7,2,0, 0.010755762370
6,7,2,1, 0.009927733094
6,7,2,4, 0.005267412944
6,7,2,5, 0.001713464588
6,7,2,6, 0.004965818716
6,7,2,9,-0.002337358562
6,7,4,2, 0.005267412944
6,7,4,7, 0.003393355877
6,7,5,2, 0.001713464588
6,7,5,7, 0.101353944495
6,7,6,2, 0.004965818716
6,7,6,7, 0.072461555243
6,7,7,0, 0.003138233608
6,7,7,1, 0.022907514437
6,7,7,4, 0.003393355877
6,7,7,5, 0.101353944495
6,7,7,6, 0.072461555243
6,7,9,2,-0.002337358562
6,8,0,3, 0.010755762370
6,8,0,8, 0.003138233608
6,8,1,3, 0.009927733094
6,8,1,8, 0.022907514437
6,8,3,0, 0.010755762370
6,8,3,1, 0.009927733094
6,8,3,4, 0.005267412944
6,8,3,5, 0.001713464588
6,8,3,6, 0.004965818716
6,8,3,9,-0.002337358562
6,8,4,3, 0.005267412944
6,8,4,8, 0.003393355877
6,8,5,3, 0.001713464588
6,8,5,8, 0.101353944495
6,8,6,3, 0.004965818716
6,8,6,8, 0.072461555243
6,8,8,0, 0.003138233608
6,8,8,1, 0.022907514437
6,8,8,4, 0.003393355877
6,8,8,5, 0.101353944495
6,8,8,6, 0.072461555243
6,8,9,3,-0.002337358562
6,9,0,0,-0.055114437107
6,9,0,1,-0.036168770562
6,9,0,4,-0.019978290090
6,9,0,5,-0.007560036214
6,9,0,6,-0.017235023134
6,9,0,9, 0.011945248597
6,9,1,0,-0.036168770562
6,9,1,1,-0.041392171492
6,9,1,4,-0.017332495032
6,9,1,5,-0.013234476328
6,9,1,6,-0.023408749271
6,9,1,9, 0.028836341053
6,9,2,2,-0.050364015600
6,9,2,7,-0.002337358562
6,9,3,3,-0.050364015600
6,9,3,8,-0.002337358562
6,9,4,0,-0.019978290090
6,9,4,1,-0.017332495032
6,9,4,4,-0.063919017740
6,9,4,5,-0.011504700400
6,9,4,6,-0.018057235364
6,9,4,9, 0.019629794256
6,9,5,0,-0.007560036214
6,9,5,1,-0.013234476328
6,9,5,4,-0.011504700400
6,9,5,9, 0.101353944495
6,9,6,0,-0.017235023134
6,9,6,1,-0.023408749271
6,9,6,4,-0.018057235364
6,9,6,9, 0.072461555243
6,9,7,2,-0.002337358562
6,9,8,3,-0.002337358562
6,9,9,0, 0.011945248597
6,9,9,1, 0.028836341053
6,9,9,4, 0.019629794256
6,9,9,5, 0.101353944495
6,9,9,6, 0.072461555243
7,0,0,2, 0.002043811047
7,0,0,7, 0.000334517870
7,0,1,2, 0.001713464588
7,0,1,7, 0.001357318705
7,0,2,0, 0.002043811047
7,0,2,1, 0.001713464588
7,0,2,4, 0.001244898680
7,0,2,5, 0.000275200564
7,0,2,6, 0.000847967075
7,0,2,9,-0.000392090436
7,0,4,2, 0.001244898680
7,0,4,7, 0.000443389859
7,0,5,2, 0.000275200564
7,0,5,7, 0.004170120473
7,0,6,2, 0.000847967075
7,0,6,7, 0.003138233608
7,0,7,0, 0.000334517870
7,0,7,1, 0.001357318705
7,0,7,4, 0.000443389859
7,0,7,5, 0.004170120473
7,0,7,6, 0.003138233608
7,0,7,9,-0.002062534195
7,0,9,2,-0.000392090436
7,0,9,7,-0.002062534195
7,1,0,2, 0.005504944432
7,1,0,7, 0.001357318705
7,1,1,2, 0.004965818716
7,1,1,7, 0.008082595740
7,1,2,0, 0.005504944432
7,1,2,1, 0.004965818716
7,1,2,4, 0.002941449361
7,1,2,5, 0.000847967075
7,1,2,6, 0.002493550086
7,1,2,9,-0.001177534997
7,1,4,2, 0.002941449361
7,1,4,7, 0.001575067819
7,1,5,2, 0.000847967075
7,1,5,7, 0.031673653127
7,1,6,2, 0.002493550086
7,1,6,7, 0.022907514437
7,1,7,0, 0.001357318705
7,1,7,1, 0.008082595740
7,1,7,4, 0.001575067819
7,1,7,5, 0.031673653127
7,1,7,6, 0.022907514437
7,1,7,9,-0.005516562632
7,1,9,2,-0.001177534997
7,1,9,7,-0.005516562632
7,2,0,0, 0.011477522024
7,2,0,1, 0.007486954884
7,2,0,4, 0.002806437780
7,2,0,5, 0.001123782779
7,2,0,6, 0.003182185776
7,2,0,9,-0.001615463286
7,2,1,0, 0.007486954884
7,2,1,1, 0.009186521289
7,2,1,4, 0.002337358562
7,2,1,5, 0.003182185776
7,2,1,6, 0.005699404888
7,2,1,9,-0.002833550738
7,2,2,2, 0.011234345481
7,2,2,7, 0.000380923638
7,2,3,3, 0.010640989452
7,2,3,8, 0.000334279928
7,2,4,0, 0.002806437780
7,2,4,1, 0.002337358562
7,2,4,4, 0.012207624695
7,2,4,5, 0.001615463286
7,2,4,6, 0.002833550738
7,2,4,9,-0.002632164927
7,2,5,0, 0.001123782779
7,2,5,1, 0.003182185776
7,2,5,4, 0.001615463286
7,2,5,5, 0.011477522024
7,2,5,6, 0.007486954884
7,2,5,9,-0.002806437780
7,2,6,0, 0.003182185776
7,2,6,1, 0.005699404888
7,2,6,4, 0.002833550738
7,2,6,5, 0.007486954884
7,2,6,6, 0.009186521289
7,2,6,9,-0.002337358562
7,2,7,2, 0.000380923638
7,2,7,7, 0.011234345481
7,2,8,3, 0.000334279928
7,2,8,8, 0.010640989452
7,2,9,0,-0.001615463286
7,2,9,1,-0.002833550738
7,2,9,4,-0.002632164927
7,2,9,5,-0.002806437780
7,2,9,6,-0.002337358562
7,2,9,9, 0.012207624695
7,3,2,3, 0.000296678015
7,3,2,8, 0.000023321855
7,3,3,2, 0.000296678015
7,3,3,7, 0.000023321855
7,3,7,3, 0.000023321855
7,3,7,8, 0.000296678015
7,3,8,2, 0.000023321855
7,3,8,7, 0.000296678015
7,4,0,2, 0.002806437780
7,4,0,7, 0.000443389859
7,4,1,2, 0.002337358562
7,4,1,7, 0.001575067819
7,4,2,0, 0.002806437780
7,4,2,1, 0.002337358562
7,4,2,4, 0.001863313258
7,4,2,5, 0.000392090436
7,4,2,6, 0.001177534997
7,4,2,9,-0.000569967116
7,4,4,2, 0.001863313258
7,4,4,7, 0.000616610826
7,4,5,2, 0.000392090436
7,4,5,7, 0.004400267826
7,4,6,2, 0.001177534997
7,4,6,7, 0.003393355877
7,4,7,0, 0.000443389859
7,4,7,1, 0.001575067819
7,4,7,4, 0.000616610826
7,4,7,5, 0.004400267826
7,4,7,6, 0.003393355877
7,4,7,9,-0.002665034706
7,4,9,2,-0.000569967116
7,4,9,7,-0.002665034706
7,5,0,2, 0.011574995980
7,5,0,7, 0.004170120473
7,5,1,2, 0.010755762370
7,5,1,7, 0.031673653127
7,5,2,0, 0.011574995980
7,5,2,1, 0.010755762370
7,5,2,4, 0.005792322943
7,5,2,5, 0.002043811047
7,5,2,6, 0.005504944432
7,5,2,9,-0.002806437780
7,5,4,2, 0.005792322943
7,5,4,7, 0.004400267826
7,5,5,2, 0.002043811047
7,5,5,7, 0.152608082603
7,5,6,2, 0.005504944432
7,5,6,7, 0.101353944495
7,5,7,0, 0.004170120473
7,5,7,1, 0.031673653127
7,5,7,4, 0.004400267826
7,5,7,5, 0.152608082603
7,5,7,6, 0.101353944495
7,5,9,2,-0.002806437780
7,6,0,2, 0.010755762370
7,6,0,7, 0.003138233608
7,6,1,2, 0.009927733094
7,6,1,7, 0.022907514437
7,6,2,0, 0.010755762370
7,6,2,1, 0.009927733094
7,6,2,4, 0.005267412944
7,6,2,5, 0.001713464588
7,6,2,6, 0.004965818716
7,6,2,9,-0.002337358562
7,6,4,2, 0.005267412944
7,6,4,7, 0.003393355877
7,6,5,2, 0.001713464588
7,6,5,7, 0.101353944495
7,6,6,2, 0.004965818716
7,6,6,7, 0.072461555243
7,6,7,0, 0.003138233608
7,6,7,1, 0.022907514437
7,6,7,4, 0.003393355877
7,6,7,5, 0.101353944495
7,6,7,6, 0.072461555243
7,6,9,2,-0.002337358562
7,7,0,0, 0.298455204780
7,7,0,1, 0.204028204504
7,7,0,4, 0.053949896303
7,7,0,5, 0.036433595174
7,7,0,6, 0.088879324682
7,7,0,9,-0.049016077424
7,7,1,0, 0.204028204504
7,7,1,1, 0.289603130599
7,7,1,4, 0.050364015600
7,7,1,5, 0.156238887620
7,7,1,6, 0.219919447708
7,7,1,9,-0.089387865326
7,7,2,2, 0.291377730161
7,7,2,7, 0.011234345481
7,7,3,3, 0.289409017738
7,7,3,8, 0.010640989452
7,7,4,0, 0.053949896303
7,7,4,1, 0.050364015600
7,7,4,4, 0.314653308493
7,7,4,5, 0.048220200008
7,7,4,6, 0.075140702438
7,7,4,9,-0.076495785101
7,7,5,0, 0.036433595174
7,7,5,1, 0.156238887620
7,7,5,4, 0.048220200008
7,7,5,5, 0.775037038942
7,7,5,6, 0.462081934851
7,7,6,0, 0.088879324682
7,7,6,1, 0.219919447708
7,7,6,4, 0.075140702438
7,7,6,5, 0.462081934851
7,7,6,6, 0.491073083906
7,7,7,2, 0.011234345481
7,7,7,7, 0.785718708997
7,7,8,3, 0.010640989452
7,7,8,8, 0.689508254834
7,7,9,0,-0.049016077424
7,7,9,1,-0.089387865326
7,7,9,4,-0.076495785101
7,7,9,9, 0.689508254834
7,8,2,3, 0.000984356211
7,8,2,8, 0.000296678015
7,8,3,2, 0.000984356211
7,8,3,7, 0.000296678015
7,8,7,3, 0.000296678015
7,8,7,8, 0.048105227081
7,8,8,2, 0.000296678015
7,8,8,7, 0.048105227081
7,9,0,2,-0.005792322943
7,9,0,7,-0.002062534195
7,9,1,2,-0.005267412944
7,9,1,7,-0.005516562632
7,9,2,0,-0.005792322943
7,9,2,1,-0.005267412944
7,9,2,4,-0.003820815568
7,9,2,5,-0.001244898680
7,9,2,6,-0.002941449361
7,9,2,9, 0.001863313258
7,9,4,2,-0.003820815568
7,9,4,7,-0.002665034706
7,9,5,2,-0.001244898680
7,9,6,2,-0.002941449361
7,9,7,0,-0.002062534195
7,9,7,1,-0.005516562632
7,9,7,4,-0.002665034706
7,9,7,9, 0.048105227081
7,9,9,2, 0.001863313258
7,9,9,7, 0.048105227081
8,0,0,3, 0.002043811047
8,0,0,8, 0.000334517870
8,0,1,3, 0.001713464588
8,0,1,8, 0.001357318705
8,0,3,0, 0.002043811047
8,0,3,1, 0.001713464588
8,0,3,4, 0.001244898680
8,0,3,5, 0.000275200564
8,0,3,6, 0.000847967075
8,0,3,9,-0.000392090436
8,0,4,3, 0.001244898680
8,0,4,8, 0.000443389859
8,0,5,3, 0.000275200564
8,0,5,8, 0.004170120473
8,0,6,3, 0.000847967075
8,0,6,8, 0.003138233608
8,0,8,0, 0.000334517870
8,0,8,1, 0.001357318705
8,0,8,4, 0.000443389859
8,0,8,5, 0.004170120473
8,0,8,6, 0.003138233608
8,0,8,9,-0.002062534195
8,0,9,3,-0.000392090436
8,0,9,8,-0.002062534195
8,1,0,3, 0.005504944432
8,1,0,8, 0.001357318705
8,1,1,3, 0.004965818716
8,1,1,8, 0.008082595740
8,1,3,0, 0.005504944432
8,1,3,1, 0.004965818716
8,1,3,4, 0.002941449361
8,1,3,5, 0.000847967075
8,1,3,6, 0.002493550086
8,1,3,9,-0.001177534997
8,1,4,3, 0.002941449361
8,1,4,8, 0.001575067819
8,1,5,3, 0.000847967075
8,1,5,8, 0.031673653127
8,1,6,3, 0.002493550086
8,1,6,8, 0.022907514437
8,1,8,0, 0.001357318705
8,1,8,1, 0.008082595740
8,1,8,4, 0.001575067819
8,1,8,5, 0.031673653127
8,1,8,6, 0.022907514437
8,1,8,9,-0.005516562632
8,1,9,3,-0.001177534997
8,1,9,8,-0.005516562632
8,2,2,3, 0.000296678015
8,2,2,8, 0.000023321855
8,2,3,2, 0.000296678015
8,2,3,7, 0.000023321855
8,2,7,3, 0.000023321855
8,2,7,8, 0.000296678015
8,2,8,2, 0.000023321855
8,2,8,7, 0.000296678015
8,3,0,0, 0.011477522024
8,3,0,1, 0.007486954884
8,3,0,4, 0.002806437780
8,3,0,5, 0.001123782779
8,3,0,6, 0.003182185776
8,3,0,9,-0.001615463286
8,3,1,0, 0.007486954884
8,3,1,1, 0.009186521289
8,3,1,4, 0.002337358562
8,3,1,5, 0.003182185776
8,3,1,6, 0.005699404888
8,3,1,9,-0.002833550738
8,3,2,2, 0.010640989452
8,3,2,7, 0.000334279928
8,3,3,3, 0.011234345481
8,3,3,8, 0.000380923638
8,3,4,0, 0.002806437780
8,3,4,1, 0.002337358562
8,3,4,4, 0.012207624695
8,3,4,5, 0.001615463286
8,3,4,6, 0.002833550738
8,3,4,9,-0.002632164927
8,3,5,0, 0.001123782779
8,3,5,1, 0.003182185776
8,3,5,4, 0.001615463286
8,3,5,5, 0.011477522024
8,3,5,6, 0.007486954884
8,3,5,9,-0.002806437780
8,3,6,0, 0.003182185776
8,3,6,1, 0.005699404888
8,3,6,4, 0.002833550738
8,3,6,5, 0.007486954884
8,3,6,6, 0.009186521289
8,3,6,9,-0.002337358562
8,3,7,2, 0.000334279928
8,3,7,7, 0.010640989452
8,3,8,3, 0.000380923638
8,3,8,8, 0.011234345481
8,3,9,0,-0.001615463286
8,3,9,1,-0.002833550738
8,3,9,4,-0.002632164927
8,3,9,5,-0.002806437780
8,3,9,6,-0.002337358562
8,3,9,9, 0.012207624695
8,4,0,3, 0.002806437780
8,4,0,8, 0.000443389859
8,4,1,3, 0.002337358562
8,4,1,8, 0.001575067819
8,4,3,0, 0.002806437780
8,4,3,1, 0.002337358562
8,4,3,4, 0.001863313258
8,4,3,5, 0.000392090436
8,4,3,6, 0.001177534997
8,4,3,9,-0.000569967116
8,4,4,3, 0.001863313258
8,4,4,8, 0.000616610826
8,4,5,3, 0.000392090436
8,4,5,8, 0.004400267826
8,4,6,3, 0.001177534997
8,4,6,8, 0.003393355877
8,4,8,0, 0.000443389859
8,4,8,1, 0.001575067819
8,4,8,4, 0.000616610826
8,4,8,5, 0.004400267826
8,4,8,6, 0.003393355877
8,4,8,9,-0.002665034706
8,4,9,3,-0.000569967116
8,4,9,8,-0.002665034706
8,5,0,3, 0.011574995980
8,5,0,8, 0.004170120473
8,5,1,3, 0.010755762370
8,5,1,8, 0.031673653127
8,5,3,0, 0.011574995980
8,5,3,1, 0.010755762370
8,5,3,4, 0.005792322943
8,5,3,5, 0.002043811047
8,5,3,6, 0.005504944432
8,5,3,9,-0.002806437780
8,5,4,3, 0.005792322943
8,5,4,8, 0.004400267826
8,5,5,3, 0.002043811047
8,5,5,8, 0.152608082603
8,5,6,3, 0.005504944432
8,5,6,8, 0.101353944495
8,5,8,0, 0.004170120473
8,5,8,1, 0.031673653127
8,5,8,4, 0.004400267826
8,5,8,5, 0.152608082603
8,5,8,6, 0.101353944495
8,5,9,3,-0.002806437780
8,6,0,3, 0.010755762370
8,6,0,8, 0.003138233608
8,6,1,3, 0.009927733094
8,6,1,8, 0.022907514437
8,6,3,0, 0.010755762370
8,6,3,1, 0.009927733094
8,6,3,4, 0.005267412944
8,6,3,5, 0.001713464588
8,6,3,6, 0.004965818716
8,6,3,9,-0.002337358562
8,6,4,3, 0.005267412944
8,6,4,8, 0.003393355877
8,6,5,3, 0.001713464588
8,6,5,8, 0.101353944495
8,6,6,3, 0.004965818716
8,6,6,8, 0.072461555243
8,6,8,0, 0.003138233608
8,6,8,1, 0.022907514437
8,6,8,4, 0.003393355877
8,6,8,5, 0.101353944495
8,6,8,6, 0.072461555243
8,6,9,3,-0.002337358562
8,7,2,3, 0.000984356211
8,7,2,8, 0.000296678015
8,7,3,2, 0.000984356211
8,7,3,7, 0.000296678015
8,7,7,3, 0.000296678015
8,7,7,8, 0.048105227081
8,7,8,2, 0.000296678015
8,7,8,7, 0.048105227081
8,8,0,0, 0.298455204780
8,8,0,1, 0.204028204504
8,8,0,4, 0.053949896303
8,8,0,5, 0.036433595174
8,8,0,6, 0.088879324682
8,8,0,9,-0.049016077424
8,8,1,0, 0.204028204504
8,8,1,1, 0.289603130599
8,8,1,4, 0.050364015600
8,8,1,5, 0.156238887620
8,8,1,6, 0.219919447708
8,8,1,9,-0.089387865326
8,8,2,2, 0.289409017738
8,8,2,7, 0.010640989452
8,8,3,3, 0.291377730161
8,8,3,8, 0.011234345481
8,8,4,0, 0.053949896303
8,8,4,1, 0.050364015600
8,8,4,4, 0.314653308493
8,8,4,5, 0.048220200008
8,8,4,6, 0.075140702438
8,8,4,9,-0.076495785101
8,8,5,0, 0.036433595174
8,8,5,1, 0.156238887620
8,8,5,4, 0.048220200008
8,8,5,5, 0.775037038942
8,8,5,6, 0.462081934851
8,8,6,0, 0.088879324682
8,8,6,1, 0.219919447708
8,8,6,4, 0.075140702438
8,8,6,5, 0.462081934851
8,8,6,6, 0.491073083906
8,8,7,2, 0.010640989452
8,8,7,7, 0.689508254834
8,8,8,3, 0.011234345481
8,8,8,8, 0.785718708997
8,8,9,0,-0.049016077424
8,8,9,1,-0.089387865326
8,8,9,4,-0.076495785101
8,8,9,9, 0.689508254834
8,9,0,3,-0.005792322943
8,9,0,8,-0.002062534195
8,9,1,3,-0.005267412944
8,9,1,8,-0.005516562632
8,9,3,0,-0.005792322943
8,9,3,1,-0.005267412944
8,9,3,4,-0.003820815568
8,9,3,5,-0.001244898680
8,9,3,6,-0.002941449361
8,9,3,9, 0.001863313258
8,9,4,3,-0.003820815568
8,9,4,8,-0.002665034706
8,9,5,3,-0.001244898680
8,9,6,3,-0.002941449361
8,9,8,0,-0.002062534195
8,9,8,1,-0.005516562632
8,9,8,4,-0.002665034706
8,9,8,9, 0.048105227081
8,9,9,3, 0.001863313258
8,9,9,8, 0.048105227081
9,0,0,0,-0.052302455655
9,0,0,1,-0.033504208295
9,0,0,4,-0.014320661045
9,0,0,5,-0.005318833717
9,0,0,6,-0.014427026858
9,0,0,9, 0.007817799082
9,0,1,0,-0.033504208295
9,0,1,1,-0.040046268818
9,0,1,4,-0.011504700400
9,0,1,5,-0.014613290481
9,0,1,6,-0.025088194921
9,0,1,9, 0.013558911593
9,0,2,2,-0.048220200008
9,0,2,7,-0.001615463286
9,0,3,3,-0.048220200008
9,0,3,8,-0.001615463286
9,0,4,0,-0.014320661045
9,0,4,1,-0.011504700400
9,0,4,4,-0.056807664889
9,0,4,5,-0.007802099308
9,0,4,6,-0.013335874163
9,0,4,9, 0.012939591529
9,0,5,0,-0.005318833717
9,0,5,1,-0.014613290481
9,0,5,4,-0.007802099308
9,0,5,5,-0.053077732172
9,0,5,6,-0.033972463975
9,0,5,9, 0.015073186233
9,0,6,0,-0.014427026858
9,0,6,1,-0.025088194921
9,0,6,4,-0.013335874163
9,0,6,5,-0.033972463975
9,0,6,6,-0.040365645894
9,0,6,9, 0.011945248597
9,0,7,2,-0.001615463286
9,0,7,7,-0.049016077424
9,0,8,3,-0.001615463286
9,0,8,8,-0.049016077424
9,0,9,0, 0.007817799082
9,0,9,1, 0.013558911593
9,0,9,4, 0.012939591529
9,0,9,5, 0.015073186233
9,0,9,6, 0.011945248597
9,0,9,9,-0.057923991235
9,1,0,0,-0.079808658475
9,1,0,1,-0.052767749636
9,1,0,4,-0.021016678887
9,1,0,5,-0.009226202168
9,1,0,6,-0.023335079713
9,1,0,9, 0.013558911593
9,1,1,0,-0.052767749636
9,1,1,1,-0.066491322996
9,1,1,4,-0.018057235364
9,1,1,5,-0.026820057771
9,1,1,6,-0.043604309265
9,1,1,9, 0.025932426188
9,1,2,2,-0.075140702438
9,1,2,7,-0.002833550738
9,1,3,3,-0.075140702438
9,1,3,8,-0.002833550738
9,1,4,0,-0.021016678887
9,1,4,1,-0.018057235364
9,1,4,4,-0.087533586869
9,1,4,5,-0.013335874163
9,1,4,6,-0.021731762455
9,1,4,9, 0.022093983839
9,1,5,0,-0.009226202168
9,1,5,1,-0.026820057771
9,1,5,4,-0.013335874163
9,1,5,5,-0.096464702262
9,1,5,6,-0.060649116709
9,1,5,9, 0.039150629423
9,1,6,0,-0.023335079713
9,1,6,1,-0.043604309265
9,1,6,4,-0.021731762455
9,1,6,5,-0.060649116709
9,1,6,6,-0.069951486833
9,1,6,9, 0.028836341053
9,1,7,2,-0.002833550738
9,1,7,7,-0.089387865326
9,1,8,3,-0.002833550738
9,1,8,8,-0.089387865326
9,1,9,0, 0.013558911593
9,1,9,1, 0.025932426188
9,1,9,4, 0.022093983839
9,1,9,5, 0.039150629423
9,1,9,6, 0.028836341053
9,1,9,9,-0.101542616841
9,2,0,2,-0.004400267826
9,2,0,7,-0.000392090436
9,2,1,2,-0.003393355877
9,2,1,7,-0.001177534997
9,2,2,0,-0.004400267826
9,2,2,1,-0.003393355877
9,2,2,4,-0.002665034706
9,2,2,5,-0.000443389859
9,2,2,6,-0.001575067819
9,2,2,9, 0.000616610826
9,2,4,2,-0.002665034706
9,2,4,7,-0.000569967116
9,2,5,2,-0.000443389859
9,2,5,7,-0.002806437780
9,2,6,2,-0.001575067819
9,2,6,7,-0.002337358562
9,2,7,0,-0.000392090436
9,2,7,1,-0.001177534997
9,2,7,4,-0.000569967116
9,2,7,5,-0.002806437780
9,2,7,6,-0.002337358562
9,2,7,9, 0.001863313258
9,2,9,2, 0.000616610826
9,2,9,7, 0.001863313258
9,3,0,3,-0.004400267826
9,3,0,8,-0.000392090436
9,3,1,3,-0.003393355877
9,3,1,8,-0.001177534997
9,3,3,0,-0.004400267826
9,3,3,1,-0.003393355877
9,3,3,4,-0.002665034706
9,3,3,5,-0.000443389859
9,3,3,6,-0.001575067819
9,3,3,9, 0.000616610826
9,3,4,3,-0.002665034706
9,3,4,8,-0.000569967116
9,3,5,3,-0.000443389859
9,3,5,8,-0.002806437780
9,3,6,3,-0.001575067819
9,3,6,8,-0.002337358562
9,3,8,0,-0.000392090436
9,3,8,1,-0.001177534997
9,3,8,4,-0.000569967116
9,3,8,5,-0.002806437780
9,3,8,6,-0.002337358562
9,3,8,9, 0.001863313258
9,3,9,3, 0.000616610826
9,3,9,8, 0.001863313258
9,4,0,0,-0.083180101241
9,4,0,1,-0.053481598334
9,4,0,4,-0.024492038674
9,4,0,5,-0.008708352005
9,4,0,6,-0.023289677014
9,4,0,9, 0.012939591529
9,4,1,0,-0.053481598334
9,4,1,1,-0.063698115096
9,4,1,4,-0.019629794256
9,4,1,5,-0.023289677014
9,4,1,6,-0.039985333662
9,4,1,9, 0.022093983839
9,4,2,2,-0.076495785101
9,4,2,7,-0.002632164927
9,4,3,3,-0.076495785101
9,4,3,8,-0.002632164927
9,4,4,0,-0.024492038674
9,4,4,1,-0.019629794256
9,4,4,4,-0.092521511682
9,4,4,5,-0.012939591529
9,4,4,6,-0.022093983839
9,4,4,9, 0.021615051065
9,4,5,0,-0.008708352005
9,4,5,1,-0.023289677014
9,4,5,4,-0.012939591529
9,4,5,5,-0.083180101241
9,4,5,6,-0.053481598334
9,4,5,9, 0.024492038674
9,4,6,0,-0.023289677014
9,4,6,1,-0.039985333662
9,4,6,4,-0.022093983839
9,4,6,5,-0.053481598334
9,4,6,6,-0.063698115096
9,4,6,9, 0.019629794256
9,4,7,2,-0.002632164927
9,4,7,7,-0.076495785101
9,4,8,3,-0.002632164927
9,4,8,8,-0.076495785101
9,4,9,0, 0.012939591529
9,4,9,1, 0.022093983839
9,4,9,4, 0.021615051065
9,4,9,5, 0.024492038674
9,4,9,6, 0.019629794256
9,4,9,9,-0.092521511682
9,5,0,0,-0.059405548916
9,5,0,1,-0.039473101985
9,5,0,4,-0.022435279485
9,5,0,5,-0.009487717281
9,5,0,6,-0.019516485043
9,5,0,9, 0.015073186233
9,5,1,0,-0.039473101985
9,5,1,1,-0.045993808339
9,5,1,4,-0.019978290090
9,5,1,5,-0.017436800470
9,5,1,6,-0.027296968759
9,5,1,9, 0.039150629423
9,5,2,2,-0.053949896303
9,5,2,7,-0.002806437780
9,5,3,3,-0.053949896303
9,5,3,8,-0.002806437780
9,5,4,0,-0.022435279485
9,5,4,1,-0.019978290090
9,5,4,4,-0.070249789552
9,5,4,5,-0.014320661045
9,5,4,6,-0.021016678887
9,5,4,9, 0.024492038674
9,5,5,0,-0.009487717281
9,5,5,1,-0.017436800470
9,5,5,4,-0.014320661045
9,5,5,9, 0.152608082603
9,5,6,0,-0.019516485043
9,5,6,1,-0.027296968759
9,5,6,4,-0.021016678887
9,5,6,9, 0.101353944495
9,5,7,2,-0.002806437780
9,5,8,3,-0.002806437780
9,5,9,0, 0.015073186233
9,5,9,1, 0.039150629423
9,5,9,4, 0.024492038674
9,5,9,5, 0.152608082603
9,5,9,6, 0.101353944495
9,6,0,0,-0.055114437107
9,6,0,1,-0.036168770562
9,6,0,4,-0.019978290090
9,6,0,5,-0.007560036214
9,6,0,6,-0.017235023134
9,6,0,9, 0.011945248597
9,6,1,0,-0.036168770562
9,6,1,1,-0.041392171492
9,6,1,4,-0.017332495032
9,6,1,5,-0.013234476328
9,6,1,6,-0.023408749271
9,6,1,9, 0.028836341053
9,6,2,2,-0.050364015600
9,6,2,7,-0.002337358562
9,6,3,3,-0.050364015600
9,6,3,8,-0.002337358562
9,6,4,0,-0.019978290090
9,6,4,1,-0.017332495032
9,6,4,4,-0.063919017740
9,6,4,5,-0.011504700400
9,6,4,6,-0.018057235364
9,6,4,9, 0.019629794256
9,6,5,0,-0.007560036214
9,6,5,1,-0.013234476328
9,6,5,4,-0.011504700400
9,6,5,9, 0.101353944495
9,6,6,0,-0.017235023134
9,6,6,1,-0.023408749271
9,6,6,4,-0.018057235364
9,6,6,9, 0.072461555243
9,6,7,2,-0.002337358562
9,6,8,3,-0.002337358562
9,6,9,0, 0.011945248597
9,6,9,1, 0.028836341053
9,6,9,4, 0.019629794256
9,6,9,5, 0.101353944495
9,6,9,6, 0.072461555243
9,7,0,2,-0.005792322943
9,7,0,7,-0.002062534195
9,7,1,2,-0.005267412944
9,7,1,7,-0.005516562632
9,7,2,0,-0.005792322943
9,7,2,1,-0.005267412944
9,7,2,4,-0.003820815568
9,7,2,5,-0.001244898680
9,7,2,6,-0.002941449361
9,7,2,9, 0.001863313258
9,7,4,2,-0.003820815568
9,7,4,7,-0.002665034706
9,7,5,2,-0.001244898680
9,7,6,2,-0.002941449361
9,7,7,0,-0.002062534195
9,7,7,1,-0.005516562632
9,7,7,4,-0.002665034706
9,7,7,9, 0.048105227081
9,7,9,2, 0.001863313258
9,7,9,7, 0.048105227081
9,8,0,3,-0.005792322943
9,8,0,8,-0.002062534195
9,8,1,3,-0.005267412944
9,8,1,8,-0.005516562632
9,8,3,0,-0.005792322943
9,8,3,1,-0.005267412944
9,8,3,4,-0.003820815568
9,8,3,5,-0.001244898680
9,8,3,6,-0.002941449361
9,8,3,9, 0.001863313258
9,8,4,3,-0.003820815568
9,8,4,8,-0.002665034706
9,8,5,3,-0.001244898680
9,8,6,3,-0.002941449361
9,8,8,0,-0.002062534195
9,8,8,1,-0.005516562632
9,8,8,4,-0.002665034706
9,8,8,9, 0.048105227081
9,8,9,3, 0.001863313258
9,8,9,8, 0.048105227081
9,9,0,0, 0.327948411151
9,9,0,1, 0.222440394275
9,9,0,4, 0.070249789552
9,9,0,5, 0.041219146148
9,9,0,6, 0.098309933995
9,9,0,9,-0.057923991235
9,9,1,0, 0.222440394275
9,9,1,1, 0.304914822268
9,9,1,4, 0.063919017740
9,9,1,5, 0.159499770397
9,9,1,6, 0.225752084012
9,9,1,9,-0.101542616841
9,9,2,2, 0.314653308493
9,9,2,7, 0.012207624695
9,9,3,3, 0.314653308493
9,9,3,8, 0.012207624695
9,9,4,0, 0.070249789552
9,9,4,1, 0.063919017740
9,9,4,4, 0.354501960093
9,9,4,5, 0.056807664889
9,9,4,6, 0.087533586869
9,9,4,9,-0.092521511682
9,9,5,0, 0.041219146148
9,9,5,1, 0.159499770397
9,9,5,4, 0.056807664889
9,9,5,5, 0.775037038942
9,9,5,6, 0.462081934851
9,9,6,0, 0.098309933995
9,9,6,1, 0.225752084012
9,9,6,4, 0.087533586869
9,9,6,5, 0.462081934851
9,9,6,6, 0.491073083906
9,9,7,2, 0.012207624695
9,9,7,7, 0.689508254834
9,9,8,3, 0.012207624695
9,9,8,8, 0.689508254834
9,9,9,0,-0.057923991235
9,9,9,1,-0.101542616841
9,9,9,4,-0.092521511682
9,9,9,9, 0.785718708997
