0,0,0,0, 0.897251802255
0,0,0,1, 0.504699283325
0,0,0,5, 0.461348781214
0,0,0,6, 0.416381592743
0,0,0,9,-0.533448582438
0,0,1,0, 0.504699283325
0,0,1,1, 0.507364877272
0,0,1,5, 0.353230883754
0,0,1,6, 0.439439227828
0,0,1,9,-0.207526596171
0,0,2,2, 0.775037038942
0,0,2,7, 0.363256930022
0,0,3,3, 0.775037038942
0,0,3,8, 0.363256930022
0,0,4,4, 0.775037038942
0,0,4,5, 0.378974661895
0,0,4,6, 0.102309434786
0,0,4,9,-0.184392959181
0,0,5,0, 0.461348781214
0,0,5,1, 0.353230883754
0,0,5,4, 0.378974661895
0,0,5,5, 0.630796908204
0,0,5,6, 0.393610638761
0,0,5,9,-0.165926268936
0,0,6,0, 0.416381592743
0,0,6,1, 0.439439227828
0,0,6,4, 0.102309434786
0,0,6,5, 0.393610638761
0,0,6,6, 0.450437767176
0,0,6,9,-0.126880493840
0,0,7,2, 0.363256930022
0,0,7,7, 0.574569981279
0,0,8,3, 0.363256930022
0,0,8,8, 0.574569981279
0,0,9,0,-0.533448582438
0,0,9,1,-0.207526596171
0,0,9,4,-0.184392959181
0,0,9,5,-0.165926268936
0,0,9,6,-0.126880493840
0,0,9,9, 0.670011585404
0,1,0,0, 0.504699283325
0,1,0,1, 0.300015949963
0,1,0,5, 0.270693528803
0,1,0,6, 0.248149567569
0,1,0,9,-0.294910172758
0,1,1,0, 0.300015949963
0,1,1,1, 0.324022459289
0,1,1,5, 0.219477726960
0,1,1,6, 0.281756136123
0,1,1,9,-0.113475595636
0,1,2,2, 0.462081934851
0,1,2,7, 0.221595357513
0,1,3,3, 0.462081934851
0,1,3,8, 0.221595357513
0,1,4,4, 0.462081934851
0,1,4,5, 0.232265230295
0,1,4,6, 0.064018673520
0,1,4,9,-0.103169444902
0,1,5,0, 0.270693528803
0,1,5,1, 0.219477726960
0,1,5,4, 0.232265230295
0,1,5,5, 0.393610638761
0,1,5,6, 0.248091840431
0,1,5,9,-0.078823562157
0,1,6,0, 0.248149567569
0,1,6,1, 0.281756136123
0,1,6,4, 0.064018673520
0,1,6,5, 0.248091840431
0,1,6,6, 0.291942388216
0,1,6,9,-0.062408895561
0,1,7,2, 0.221595357513
0,1,7,7, 0.368139875640
0,1,8,3, 0.221595357513
0,1,8,8, 0.368139875640
0,1,9,0,-0.294910172758
0,1,9,1,-0.113475595636
0,1,9,4,-0.103169444902
0,1,9,5,-0.078823562157
0,1,9,6,-0.062408895561
0,1,9,9, 0.400749170585
0,2,0,2, 0.152608082603
0,2,0,7, 0.067886003949
0,2,1,2, 0.101353944495
0,2,1,7, 0.055963290643
0,2,2,0, 0.152608082603
0,2,2,1, 0.101353944495
0,2,2,5, 0.075136152606
0,2,2,6, 0.082567554946
0,2,2,9,-0.097567667503
0,2,4,7, 0.055382450862
0,2,5,2, 0.075136152606
0,2,5,7, 0.077476272675
0,2,6,2, 0.082567554946
0,2,6,7, 0.059211428679
0,2,7,0, 0.067886003949
0,2,7,1, 0.055963290643
0,2,7,4, 0.055382450862
0,2,7,5, 0.077476272675
0,2,7,6, 0.059211428679
0,2,7,9,-0.042763942325
0,2,9,2,-0.097567667503
0,2,9,7,-0.042763942325
0,3,0,3, 0.152608082603
0,3,0,8, 0.067886003949
0,3,1,3, 0.101353944495
0,3,1,8, 0.055963290643
0,3,3,0, 0.152608082603
0,3,3,1, 0.101353944495
0,3,3,5, 0.075136152606
0,3,3,6, 0.082567554946
0,3,3,9,-0.097567667503
0,3,4,8, 0.055382450862
0,3,5,3, 0.075136152606
0,3,5,8, 0.077476272675
0,3,6,3, 0.082567554946
0,3,6,8, 0.059211428679
0,3,8,0, 0.067886003949
0,3,8,1, 0.055963290643
0,3,8,4, 0.055382450862
0,3,8,5, 0.077476272675
0,3,8,6, 0.059211428679
0,3,8,9,-0.042763942325
0,3,9,3,-0.097567667503
0,3,9,8,-0.042763942325
0,4,0,4, 0.152608082603
0,4,0,5, 0.070080019662
0,4,0,6, 0.018526709662
0,4,0,9,-0.040511285711
0,4,1,4, 0.101353944495
0,4,1,5, 0.061496388592
0,4,1,6, 0.025070096169
0,4,1,9,-0.008491188380
0,4,2,7, 0.055382450862
0,4,3,8, 0.055382450862
0,4,4,0, 0.152608082603
0,4,4,1, 0.101353944495
0,4,4,5, 0.130427192991
0,4,4,6, 0.085979807669
0,4,4,9,-0.079943976360
0,4,5,0, 0.070080019662
0,4,5,1, 0.061496388592
0,4,5,4, 0.130427192991
0,4,5,5, 0.165926268936
0,4,5,6, 0.078823562157
0,4,5,9,-0.017847236891
0,4,6,0, 0.018526709662
0,4,6,1, 0.025070096169
0,4,6,4, 0.085979807669
0,4,6,5, 0.078823562157
0,4,6,6, 0.047567440340
0,4,6,9,-0.000463163719
0,4,7,2, 0.055382450862
0,4,7,7, 0.135366731305
0,4,8,3, 0.055382450862
0,4,8,8, 0.135366731305
0,4,9,0,-0.040511285711
0,4,9,1,-0.008491188380
0,4,9,4,-0.079943976360
0,4,9,5,-0.017847236891
0,4,9,6,-0.000463163719
0,4,9,9, 0.121511889271
0,5,0,0, 0.461348781214
0,5,0,1, 0.270693528803
0,5,0,4, 0.070080019662
0,5,0,5, 0.284443807941
0,5,0,6, 0.233520674942
0,5,0,9,-0.285092930048
0,5,1,0, 0.270693528803
0,5,1,1, 0.285918932549
0,5,1,4, 0.049698028375
0,5,1,5, 0.233520674942
0,5,1,6, 0.263164162937
0,5,1,9,-0.101907901007
0,5,2,2, 0.410289009639
0,5,2,7, 0.226040469982
0,5,3,3, 0.410289009639
0,5,3,8, 0.226040469982
0,5,4,0, 0.070080019662
0,5,4,1, 0.049698028375
0,5,4,4, 0.434173089089
0,5,4,5, 0.285092930048
0,5,4,6, 0.101907901007
0,5,4,9,-0.128070495493
0,5,5,0, 0.284443807941
0,5,5,1, 0.233520674942
0,5,5,4, 0.285092930048
0,5,5,5, 0.461348781214
0,5,5,6, 0.270693528803
0,5,5,9,-0.070080019662
0,5,6,0, 0.233520674942
0,5,6,1, 0.263164162937
0,5,6,4, 0.101907901007
0,5,6,5, 0.270693528803
0,5,6,6, 0.285918932549
0,5,6,9,-0.049698028375
0,5,7,2, 0.226040469982
0,5,7,7, 0.410289009639
0,5,8,3, 0.226040469982
0,5,8,8, 0.410289009639
0,5,9,0,-0.285092930048
0,5,9,1,-0.101907901007
0,5,9,4,-0.128070495493
0,5,9,5,-0.070080019662
0,5,9,6,-0.049698028375
0,5,9,9, 0.434173089089
0,6,0,0, 0.416381592743
0,6,0,1, 0.248149567569
0,6,0,4, 0.018526709662
0,6,0,5, 0.233520674942
0,6,0,6, 0.208079179478
0,6,0,9,-0.246684325431
0,6,1,0, 0.248149567569
0,6,1,1, 0.269058785895
0,6,1,4, 0.013876120501
0,6,1,5, 0.192115584121
0,6,1,6, 0.238827179451
0,6,1,9,-0.092368303315
0,6,2,2, 0.381567611415
0,6,2,7, 0.191401808394
0,6,3,3, 0.381567611415
0,6,3,8, 0.191401808394
0,6,4,0, 0.018526709662
0,6,4,1, 0.013876120501
0,6,4,4, 0.383049328553
0,6,4,5, 0.210688267336
0,6,4,6, 0.065141049989
0,6,4,9,-0.092871581750
0,6,5,0, 0.233520674942
0,6,5,1, 0.192115584121
0,6,5,4, 0.210688267336
0,6,5,5, 0.353230883754
0,6,5,6, 0.219477726960
0,6,5,9,-0.061496388592
0,6,6,0, 0.208079179478
0,6,6,1, 0.238827179451
0,6,6,4, 0.065141049989
0,6,6,5, 0.219477726960
0,6,6,6, 0.252123181020
0,6,6,9,-0.047733485009
0,6,7,2, 0.191401808394
0,6,7,7, 0.329233566151
0,6,8,3, 0.191401808394
0,6,8,8, 0.329233566151
0,6,9,0,-0.246684325431
0,6,9,1,-0.092368303315
0,6,9,4,-0.092871581750
0,6,9,5,-0.061496388592
0,6,9,6,-0.047733485009
0,6,9,9, 0.351631207486
0,7,0,2, 0.067886003949
0,7,0,7, 0.047584666194
0,7,1,2, 0.047569589460
0,7,1,7, 0.045191131948
0,7,2,0, 0.067886003949
0,7,2,1, 0.047569589460
0,7,2,4, 0.023926544889
0,7,2,5, 0.046807085927
0,7,2,6, 0.042424909358
0,7,2,9,-0.049256138605
0,7,4,2, 0.023926544889
0,7,4,7, 0.053247584234
0,7,5,2, 0.046807085927
0,7,5,7, 0.075136152606
0,7,6,2, 0.042424909358
0,7,6,7, 0.051953475003
0,7,7,0, 0.047584666194
0,7,7,1, 0.045191131948
0,7,7,4, 0.053247584234
0,7,7,5, 0.075136152606
0,7,7,6, 0.051953475003
0,7,7,9,-0.019636164049
0,7,9,2,-0.049256138605
0,7,9,7,-0.019636164049
0,8,0,3, 0.067886003949
0,8,0,8, 0.047584666194
0,8,1,3, 0.047569589460
0,8,1,8, 0.045191131948
0,8,3,0, 0.067886003949
0,8,3,1, 0.047569589460
0,8,3,4, 0.023926544889
0,8,3,5, 0.046807085927
0,8,3,6, 0.042424909358
0,8,3,9,-0.049256138605
0,8,4,3, 0.023926544889
0,8,4,8, 0.053247584234
0,8,5,3, 0.046807085927
0,8,5,8, 0.075136152606
0,8,6,3, 0.042424909358
0,8,6,8, 0.051953475003
0,8,8,0, 0.047584666194
0,8,8,1, 0.045191131948
0,8,8,4, 0.053247584234
0,8,8,5, 0.075136152606
0,8,8,6, 0.051953475003
0,8,8,9,-0.019636164049
0,8,9,3,-0.049256138605
0,8,9,8,-0.019636164049
0,9,0,0,-0.533448582438
0,9,0,1,-0.294910172758
0,9,0,4,-0.040511285711
0,9,0,5,-0.285092930048
0,9,0,6,-0.246684325431
0,9,0,9, 0.335400102931
0,9,1,0,-0.294910172758
0,9,1,1,-0.286792200124
0,9,1,4,-0.023514559184
0,9,1,5,-0.210688267336
0,9,1,6,-0.250696599901
0,9,1,9, 0.136113749217
0,9,2,2,-0.457723600520
0,9,2,7,-0.224124633246
0,9,3,3,-0.457723600520
0,9,3,8,-0.224124633246
0,9,4,0,-0.040511285711
0,9,4,1,-0.023514559184
0,9,4,4,-0.450626089033
0,9,4,5,-0.244166049930
0,9,4,6,-0.077195898316
0,9,4,9, 0.139539171359
0,9,5,0,-0.285092930048
0,9,5,1,-0.210688267336
0,9,5,4,-0.244166049930
0,9,5,5,-0.378974661895
0,9,5,6,-0.232265230295
0,9,5,9, 0.130427192991
0,9,6,0,-0.246684325431
0,9,6,1,-0.250696599901
0,9,6,4,-0.077195898316
0,9,6,5,-0.232265230295
0,9,6,6,-0.256494284292
0,9,6,9, 0.092838590479
0,9,7,2,-0.224124633246
0,9,7,7,-0.341219167050
0,9,8,3,-0.224124633246
0,9,8,8,-0.341219167050
0,9,9,0, 0.335400102931
0,9,9,1, 0.136113749217
0,9,9,4, 0.139539171359
0,9,9,5, 0.130427192991
0,9,9,6, 0.092838590479
0,9,9,9,-0.401366920740
1,0,0,0, 0.504699283325
1,0,0,1, 0.300015949963
1,0,0,5, 0.270693528803
1,0,0,6, 0.248149567569
1,0,0,9,-0.294910172758
1,0,1,0, 0.300015949963
1,0,1,1, 0.324022459289
1,0,1,5, 0.219477726960
1,0,1,6, 0.281756136123
1,0,1,9,-0.113475595636
1,0,2,2, 0.462081934851
1,0,2,7, 0.221595357513
1,0,3,3, 0.462081934851
1,0,3,8, 0.221595357513
1,0,4,4, 0.462081934851
1,0,4,5, 0.232265230295
1,0,4,6, 0.064018673520
1,0,4,9,-0.103169444902
1,0,5,0, 0.270693528803
1,0,5,1, 0.219477726960
1,0,5,4, 0.232265230295
1,0,5,5, 0.393610638761
1,0,5,6, 0.248091840431
1,0,5,9,-0.078823562157
1,0,6,0, 0.248149567569
1,0,6,1, 0.281756136123
1,0,6,4, 0.064018673520
1,0,6,5, 0.248091840431
1,0,6,6, 0.291942388216
1,0,6,9,-0.062408895561
1,0,7,2, 0.221595357513
1,0,7,7, 0.368139875640
1,0,8,3, 0.221595357513
1,0,8,8, 0.368139875640
1,0,9,0,-0.294910172758
1,0,9,1,-0.113475595636
1,0,9,4,-0.103169444902
1,0,9,5,-0.078823562157
1,0,9,6,-0.062408895561
1,0,9,9, 0.400749170585
1,1,0,0, 0.507364877272
1,1,0,1, 0.324022459289
1,1,0,5, 0.285918932549
1,1,0,6, 0.269058785895
1,1,0,9,-0.286792200124
1,1,1,0, 0.324022459289
1,1,1,1, 0.394125899248
1,1,1,5, 0.252123181020
1,1,1,6, 0.345565243598
1,1,1,9,-0.103204945345
1,1,2,2, 0.491073083906
1,1,2,7, 0.243168503895
1,1,3,3, 0.491073083906
1,1,3,8, 0.243168503895
1,1,4,4, 0.491073083906
1,1,4,5, 0.256494284292
1,1,4,6, 0.073233046338
1,1,4,9,-0.098454876891
1,1,5,0, 0.285918932549
1,1,5,1, 0.252123181020
1,1,5,4, 0.256494284292
1,1,5,5, 0.450437767176
1,1,5,6, 0.291942388216
1,1,5,9,-0.047567440340
1,1,6,0, 0.269058785895
1,1,6,1, 0.345565243598
1,1,6,4, 0.073233046338
1,1,6,5, 0.291942388216
1,1,6,6, 0.366384475421
1,1,6,9,-0.040539996609
1,1,7,2, 0.243168503895
1,1,7,7, 0.436687401734
1,1,8,3, 0.243168503895
1,1,8,8, 0.436687401734
1,1,9,0,-0.286792200124
1,1,9,1,-0.103204945345
1,1,9,4,-0.098454876891
1,1,9,5,-0.047567440340
1,1,9,6,-0.040539996609
1,1,9,9, 0.445410861707
1,2,0,2, 0.101353944495
1,2,0,7, 0.047569589460
1,2,1,2, 0.072461555243
1,2,1,7, 0.042774277806
1,2,2,0, 0.101353944495
1,2,2,1, 0.072461555243
1,2,2,5, 0.051953475003
1,2,2,6, 0.059152093189
1,2,2,9,-0.063456599438
1,2,4,7, 0.041010782766
1,2,5,2, 0.051953475003
1,2,5,7, 0.059211428679
1,2,6,2, 0.059152093189
1,2,6,7, 0.046224749244
1,2,7,0, 0.047569589460
1,2,7,1, 0.042774277806
1,2,7,4, 0.041010782766
1,2,7,5, 0.059211428679
1,2,7,6, 0.046224749244
1,2,7,9,-0.026425080184
1,2,9,2,-0.063456599438
1,2,9,7,-0.026425080184
1,3,0,3, 0.101353944495
1,3,0,8, 0.047569589460
1,3,1,3, 0.072461555243
1,3,1,8, 0.042774277806
1,3,3,0, 0.101353944495
1,3,3,1, 0.072461555243
1,3,3,5, 0.051953475003
1,3,3,6, 0.059152093189
1,3,3,9,-0.063456599438
1,3,4,8, 0.041010782766
1,3,5,3, 0.051953475003
1,3,5,8, 0.059211428679
1,3,6,3, 0.059152093189
1,3,6,8, 0.046224749244
1,3,8,0, 0.047569589460
1,3,8,1, 0.042774277806
1,3,8,4, 0.041010782766
1,3,8,5, 0.059211428679
1,3,8,6, 0.046224749244
1,3,8,9,-0.026425080184
1,3,9,3,-0.063456599438
1,3,9,8,-0.026425080184
1,4,0,4, 0.101353944495
1,4,0,5, 0.049698028375
1,4,0,6, 0.013876120501
1,4,0,9,-0.023514559184
1,4,1,4, 0.072461555243
1,4,1,5, 0.047733485009
1,4,1,6, 0.021116938575
1,4,1,9,-0.001320261782
1,4,2,7, 0.041010782766
1,4,3,8, 0.041010782766
1,4,4,0, 0.101353944495
1,4,4,1, 0.072461555243
1,4,4,5, 0.092838590479
1,4,4,6, 0.061839496973
1,4,4,9,-0.047761505439
1,4,5,0, 0.049698028375
1,4,5,1, 0.047733485009
1,4,5,4, 0.092838590479
1,4,5,5, 0.126880493840
1,4,5,6, 0.062408895561
1,4,5,9,-0.000463163719
1,4,6,0, 0.013876120501
1,4,6,1, 0.021116938575
1,4,6,4, 0.061839496973
1,4,6,5, 0.062408895561
1,4,6,6, 0.040539996609
1,4,6,9, 0.006688542998
1,4,7,2, 0.041010782766
1,4,7,7, 0.108867713534
1,4,8,3, 0.041010782766
1,4,8,8, 0.108867713534
1,4,9,0,-0.023514559184
1,4,9,1,-0.001320261782
1,4,9,4,-0.047761505439
1,4,9,5,-0.000463163719
1,4,9,6, 0.006688542998
1,4,9,9, 0.090912557172
1,5,0,0, 0.353230883754
1,5,0,1, 0.219477726960
1,5,0,4, 0.061496388592
1,5,0,5, 0.233520674942
1,5,0,6, 0.192115584121
1,5,0,9,-0.210688267336
1,5,1,0, 0.219477726960
1,5,1,1, 0.252123181020
1,5,1,4, 0.047733485009
1,5,1,5, 0.208079179478
1,5,1,6, 0.238827179451
1,5,1,9,-0.065141049989
1,5,2,2, 0.329233566151
1,5,2,7, 0.191401808394
1,5,3,3, 0.329233566151
1,5,3,8, 0.191401808394
1,5,4,0, 0.061496388592
1,5,4,1, 0.047733485009
1,5,4,4, 0.351631207486
1,5,4,5, 0.246684325431
1,5,4,6, 0.092368303315
1,5,4,9,-0.092871581750
1,5,5,0, 0.233520674942
1,5,5,1, 0.208079179478
1,5,5,4, 0.246684325431
1,5,5,5, 0.416381592743
1,5,5,6, 0.248149567569
1,5,5,9,-0.018526709662
1,5,6,0, 0.192115584121
1,5,6,1, 0.238827179451
1,5,6,4, 0.092368303315
1,5,6,5, 0.248149567569
1,5,6,6, 0.269058785895
1,5,6,9,-0.013876120501
1,5,7,2, 0.191401808394
1,5,7,7, 0.381567611415
1,5,8,3, 0.191401808394
1,5,8,8, 0.381567611415
1,5,9,0,-0.210688267336
1,5,9,1,-0.065141049989
1,5,9,4,-0.092871581750
1,5,9,5,-0.018526709662
1,5,9,6,-0.013876120501
1,5,9,9, 0.383049328553
1,6,0,0, 0.439439227828
1,6,0,1, 0.281756136123
1,6,0,4, 0.025070096169
1,6,0,5, 0.263164162937
1,6,0,6, 0.238827179451
1,6,0,9,-0.250696599901
1,6,1,0, 0.281756136123
1,6,1,1, 0.345565243598
1,6,1,4, 0.021116938575
1,6,1,5, 0.238827179451
1,6,1,6, 0.314511046488
1,6,1,9,-0.082528344856
1,6,2,2, 0.425497313691
1,6,2,7, 0.223953348329
1,6,3,3, 0.425497313691
1,6,3,8, 0.223953348329
1,6,4,0, 0.025070096169
1,6,4,1, 0.021116938575
1,6,4,4, 0.427885853112
1,6,4,5, 0.250696599901
1,6,4,6, 0.082528344856
1,6,4,9,-0.092337764753
1,6,5,0, 0.263164162937
1,6,5,1, 0.238827179451
1,6,5,4, 0.250696599901
1,6,5,5, 0.439439227828
1,6,5,6, 0.281756136123
1,6,5,9,-0.025070096169
1,6,6,0, 0.238827179451
1,6,6,1, 0.314511046488
1,6,6,4, 0.082528344856
1,6,6,5, 0.281756136123
1,6,6,6, 0.345565243598
1,6,6,9,-0.021116938575
1,6,7,2, 0.223953348329
1,6,7,7, 0.425497313691
1,6,8,3, 0.223953348329
1,6,8,8, 0.425497313691
1,6,9,0,-0.250696599901
1,6,9,1,-0.082528344856
1,6,9,4,-0.092337764753
1,6,9,5,-0.025070096169
1,6,9,6,-0.021116938575
1,6,9,9, 0.427885853112
1,7,0,2, 0.055963290643
1,7,0,7, 0.045191131948
1,7,1,2, 0.042774277806
1,7,1,7, 0.049235022640
1,7,2,0, 0.055963290643
1,7,2,1, 0.042774277806
1,7,2,4, 0.022284151152
1,7,2,5, 0.042424909358
1,7,2,6, 0.038973908238
1,7,2,9,-0.039067850708
1,7,4,2, 0.022284151152
1,7,4,7, 0.053437763007
1,7,5,2, 0.042424909358
1,7,5,7, 0.082567554946
1,7,6,2, 0.038973908238
1,7,6,7, 0.059152093189
1,7,7,0, 0.045191131948
1,7,7,1, 0.049235022640
1,7,7,4, 0.053437763007
1,7,7,5, 0.082567554946
1,7,7,6, 0.059152093189
1,7,7,9,-0.006117690413
1,7,9,2,-0.039067850708
1,7,9,7,-0.006117690413
1,8,0,3, 0.055963290643
1,8,0,8, 0.045191131948
1,8,1,3, 0.042774277806
1,8,1,8, 0.049235022640
1,8,3,0, 0.055963290643
1,8,3,1, 0.042774277806
1,8,3,4, 0.022284151152
1,8,3,5, 0.042424909358
1,8,3,6, 0.038973908238
1,8,3,9,-0.039067850708
1,8,4,3, 0.022284151152
1,8,4,8, 0.053437763007
1,8,5,3, 0.042424909358
1,8,5,8, 0.082567554946
1,8,6,3, 0.038973908238
1,8,6,8, 0.059152093189
1,8,8,0, 0.045191131948
1,8,8,1, 0.049235022640
1,8,8,4, 0.053437763007
1,8,8,5, 0.082567554946
1,8,8,6, 0.059152093189
1,8,8,9,-0.006117690413
1,8,9,3,-0.039067850708
1,8,9,8,-0.006117690413
1,9,0,0,-0.207526596171
1,9,0,1,-0.113475595636
1,9,0,4,-0.008491188380
1,9,0,5,-0.101907901007
1,9,0,6,-0.092368303315
1,9,0,9, 0.136113749217
1,9,1,0,-0.113475595636
1,9,1,1,-0.103204945345
1,9,1,4,-0.001320261782
1,9,1,5,-0.065141049989
1,9,1,6,-0.082528344856
1,9,1,9, 0.068392802383
1,9,2,2,-0.184084537454
1,9,2,7,-0.083343284517
1,9,3,3,-0.184084537454
1,9,3,8,-0.083343284517
1,9,4,0,-0.008491188380
1,9,4,1,-0.001320261782
1,9,4,4,-0.170143135544
1,9,4,5,-0.077195898316
1,9,4,6,-0.020767169893
1,9,4,9, 0.060756480325
1,9,5,0,-0.101907901007
1,9,5,1,-0.065141049989
1,9,5,4,-0.077195898316
1,9,5,5,-0.102309434786
1,9,5,6,-0.064018673520
1,9,5,9, 0.085979807669
1,9,6,0,-0.092368303315
1,9,6,1,-0.082528344856
1,9,6,4,-0.020767169893
1,9,6,5,-0.064018673520
1,9,6,6,-0.073233046338
1,9,6,9, 0.061839496973
1,9,7,2,-0.083343284517
1,9,7,7,-0.094660743256
1,9,8,3,-0.083343284517
1,9,8,8,-0.094660743256
1,9,9,0, 0.136113749217
1,9,9,1, 0.068392802383
1,9,9,4, 0.060756480325
1,9,9,5, 0.085979807669
1,9,9,6, 0.061839496973
1,9,9,9,-0.107114181969
2,0,0,2, 0.152608082603
2,0,0,7, 0.067886003949
2,0,1,2, 0.101353944495
2,0,1,7, 0.055963290643
2,0,2,0, 0.152608082603
2,0,2,1, 0.101353944495
2,0,2,5, 0.075136152606
2,0,2,6, 0.082567554946
2,0,2,9,-0.097567667503
2,0,4,7, 0.055382450862
2,0,5,2, 0.075136152606
2,0,5,7, 0.077476272675
2,0,6,2, 0.082567554946
2,0,6,7, 0.059211428679
2,0,7,0, 0.067886003949
2,0,7,1, 0.055963290643
2,0,7,4, 0.055382450862
2,0,7,5, 0.077476272675
2,0,7,6, 0.059211428679
2,0,7,9,-0.042763942325
2,0,9,2,-0.097567667503
2,0,9,7,-0.042763942325
2,1,0,2, 0.101353944495
2,1,0,7, 0.047569589460
2,1,1,2, 0.072461555243
2,1,1,7, 0.042774277806
2,1,2,0, 0.101353944495
2,1,2,1, 0.072461555243
2,1,2,5, 0.051953475003
2,1,2,6, 0.059152093189
2,1,2,9,-0.063456599438
2,1,4,7, 0.041010782766
2,1,5,2, 0.051953475003
2,1,5,7, 0.059211428679
2,1,6,2, 0.059152093189
2,1,6,7, 0.046224749244
2,1,7,0, 0.047569589460
2,1,7,1, 0.042774277806
2,1,7,4, 0.041010782766
2,1,7,5, 0.059211428679
2,1,7,6, 0.046224749244
2,1,7,9,-0.026425080184
2,1,9,2,-0.063456599438
2,1,9,7,-0.026425080184
2,2,0,0, 0.775037038942
2,2,0,1, 0.462081934851
2,2,0,5, 0.410289009639
2,2,0,6, 0.381567611415
2,2,0,9,-0.457723600520
2,2,1,0, 0.462081934851
2,2,1,1, 0.491073083906
2,2,1,5, 0.329233566151
2,2,1,6, 0.425497313691
2,2,1,9,-0.184084537454
2,2,2,2, 0.785718708997
2,2,2,7, 0.365024468353
2,2,3,3, 0.689508254834
2,2,3,8, 0.326291247101
2,2,4,4, 0.689508254834
2,2,4,5, 0.341219167050
2,2,4,6, 0.094660743256
2,2,4,9,-0.159795655667
2,2,5,0, 0.410289009639
2,2,5,1, 0.329233566151
2,2,5,4, 0.341219167050
2,2,5,5, 0.574569981279
2,2,5,6, 0.368139875640
2,2,5,9,-0.135366731305
2,2,6,0, 0.381567611415
2,2,6,1, 0.425497313691
2,2,6,4, 0.094660743256
2,2,6,5, 0.368139875640
2,2,6,6, 0.436687401734
2,2,6,9,-0.108867713534
2,2,7,2, 0.365024468353
2,2,7,7, 0.566162146913
2,2,8,3, 0.326291247101
2,2,8,8, 0.527694445308
2,2,9,0,-0.457723600520
2,2,9,1,-0.184084537454
2,2,9,4,-0.159795655667
2,2,9,5,-0.135366731305
2,2,9,6,-0.108867713534
2,2,9,9, 0.597665058499
2,3,2,3, 0.048105227081
2,3,2,8, 0.019366610626
2,3,3,2, 0.048105227081
2,3,3,7, 0.019366610626
2,3,7,3, 0.019366610626
2,3,7,8, 0.019233850803
2,3,8,2, 0.019366610626
2,3,8,7, 0.019233850803
2,4,0,7, 0.023926544889
2,4,1,7, 0.022284151152
2,4,2,4, 0.048105227081
2,4,2,5, 0.019636164049
2,4,2,6, 0.006117690413
2,4,2,9,-0.015771753856
2,4,4,2, 0.048105227081
2,4,4,7, 0.036311228446
2,4,5,2, 0.019636164049
2,4,5,7, 0.042763942325
2,4,6,2, 0.006117690413
2,4,6,7, 0.026425080184
2,4,7,0, 0.023926544889
2,4,7,1, 0.022284151152
2,4,7,4, 0.036311228446
2,4,7,5, 0.042763942325
2,4,7,6, 0.026425080184
2,4,7,9,-0.014247433739
2,4,9,2,-0.015771753856
2,4,9,7,-0.014247433739
2,5,0,2, 0.075136152606
2,5,0,7, 0.046807085927
2,5,1,2, 0.051953475003
2,5,1,7, 0.042424909358
2,5,2,0, 0.075136152606
2,5,2,1, 0.051953475003
2,5,2,4, 0.019636164049
2,5,2,5, 0.047584666194
2,5,2,6, 0.045191131948
2,5,2,9,-0.053247584234
2,5,4,2, 0.019636164049
2,5,4,7, 0.049256138605
2,5,5,2, 0.047584666194
2,5,5,7, 0.067886003949
2,5,6,2, 0.045191131948
2,5,6,7, 0.047569589460
2,5,7,0, 0.046807085927
2,5,7,1, 0.042424909358
2,5,7,4, 0.049256138605
2,5,7,5, 0.067886003949
2,5,7,6, 0.047569589460
2,5,7,9,-0.023926544889
2,5,9,2,-0.053247584234
2,5,9,7,-0.023926544889
2,6,0,2, 0.082567554946
2,6,0,7, 0.042424909358
2,6,1,2, 0.059152093189
2,6,1,7, 0.038973908238
2,6,2,0, 0.082567554946
2,6,2,1, 0.059152093189
2,6,2,4, 0.006117690413
2,6,2,5, 0.045191131948
2,6,2,6, 0.049235022640
2,6,2,9,-0.053437763007
2,6,4,2, 0.006117690413
2,6,4,7, 0.039067850708
2,6,5,2, 0.045191131948
2,6,5,7, 0.055963290643
2,6,6,2, 0.049235022640
2,6,6,7, 0.042774277806
2,6,7,0, 0.042424909358
2,6,7,1, 0.038973908238
2,6,7,4, 0.039067850708
2,6,7,5, 0.055963290643
2,6,7,6, 0.042774277806
2,6,7,9,-0.022284151152
2,6,9,2,-0.053437763007
2,6,9,7,-0.022284151152
2,7,0,0, 0.363256930022
2,7,0,1, 0.221595357513
2,7,0,4, 0.055382450862
2,7,0,5, 0.226040469982
2,7,0,6, 0.191401808394
2,7,0,9,-0.224124633246
2,7,1,0, 0.221595357513
2,7,1,1, 0.243168503895
2,7,1,4, 0.041010782766
2,7,1,5, 0.191401808394
2,7,1,6, 0.223953348329
2,7,1,9,-0.083343284517
2,7,2,2, 0.365024468353
2,7,2,7, 0.204780700274
2,7,3,3, 0.326291247101
2,7,3,8, 0.179705512485
2,7,4,0, 0.055382450862
2,7,4,1, 0.041010782766
2,7,4,4, 0.343235864921
2,7,4,5, 0.224124633246
2,7,4,6, 0.083343284517
2,7,4,9,-0.101274337113
2,7,5,0, 0.226040469982
2,7,5,1, 0.191401808394
2,7,5,4, 0.224124633246
2,7,5,5, 0.363256930022
2,7,5,6, 0.221595357513
2,7,5,9,-0.055382450862
2,7,6,0, 0.191401808394
2,7,6,1, 0.223953348329
2,7,6,4, 0.083343284517
2,7,6,5, 0.221595357513
2,7,6,6, 0.243168503895
2,7,6,9,-0.041010782766
2,7,7,2, 0.204780700274
2,7,7,7, 0.365024468353
2,7,8,3, 0.179705512485
2,7,8,8, 0.326291247101
2,7,9,0,-0.224124633246
2,7,9,1,-0.083343284517
2,7,9,4,-0.101274337113
2,7,9,5,-0.055382450862
2,7,9,6,-0.041010782766
2,7,9,9, 0.343235864921
2,8,2,3, 0.019366610626
2,8,2,8, 0.012537593894
2,8,3,2, 0.019366610626
2,8,3,7, 0.012537593894
2,8,7,3, 0.012537593894
2,8,7,8, 0.019366610626
2,8,8,2, 0.012537593894
2,8,8,7, 0.019366610626
2,9,0,2,-0.097567667503
2,9,0,7,-0.049256138605
2,9,1,2,-0.063456599438
2,9,1,7,-0.039067850708
2,9,2,0,-0.097567667503
2,9,2,1,-0.063456599438
2,9,2,4,-0.015771753856
2,9,2,5,-0.053247584234
2,9,2,6,-0.053437763007
2,9,2,9, 0.068733563814
2,9,4,2,-0.015771753856
2,9,4,7,-0.043658376025
2,9,5,2,-0.053247584234
2,9,5,7,-0.055382450862
2,9,6,2,-0.053437763007
2,9,6,7,-0.041010782766
2,9,7,0,-0.049256138605
2,9,7,1,-0.039067850708
2,9,7,4,-0.043658376025
2,9,7,5,-0.055382450862
2,9,7,6,-0.041010782766
2,9,7,9, 0.036311228446
2,9,9,2, 0.068733563814
2,9,9,7, 0.036311228446
3,0,0,3, 0.152608082603
3,0,0,8, 0.067886003949
3,0,1,3, 0.101353944495
3,0,1,8, 0.055963290643
3,0,3,0, 0.152608082603
3,0,3,1, 0.101353944495
3,0,3,5, 0.075136152606
3,0,3,6, 0.082567554946
3,0,3,9,-0.097567667503
3,0,4,8, 0.055382450862
3,0,5,3, 0.075136152606
3,0,5,8, 0.077476272675
3,0,6,3, 0.082567554946
3,0,6,8, 0.059211428679
3,0,8,0, 0.067886003949
3,0,8,1, 0.055963290643
3,0,8,4, 0.055382450862
3,0,8,5, 0.077476272675
3,0,8,6, 0.059211428679
3,0,8,9,-0.042763942325
3,0,9,3,-0.097567667503
3,0,9,8,-0.042763942325
3,1,0,3, 0.101353944495
3,1,0,8, 0.047569589460
3,1,1,3, 0.072461555243
3,1,1,8, 0.042774277806
3,1,3,0, 0.101353944495
3,1,3,1, 0.072461555243
3,1,3,5, 0.051953475003
3,1,3,6, 0.059152093189
3,1,3,9,-0.063456599438
3,1,4,8, 0.041010782766
3,1,5,3, 0.051953475003
3,1,5,8, 0.059211428679
3,1,6,3, 0.059152093189
3,1,6,8, 0.046224749244
3,1,8,0, 0.047569589460
3,1,8,1, 0.042774277806
3,1,8,4, 0.041010782766
3,1,8,5, 0.059211428679
3,1,8,6, 0.046224749244
3,1,8,9,-0.026425080184
3,1,9,3,-0.063456599438
3,1,9,8,-0.026425080184
3,2,2,3, 0.048105227081
3,2,2,8, 0.019366610626
3,2,3,2, 0.048105227081
3,2,3,7, 0.019366610626
3,2,7,3, 0.019366610626
3,2,7,8, 0.019233850803
3,2,8,2, 0.019366610626
3,2,8,7, 0.019233850803
3,3,0,0, 0.775037038942
3,3,0,1, 0.462081934851
3,3,0,5, 0.410289009639
3,3,0,6, 0.381567611415
3,3,0,9,-0.457723600520
3,3,1,0, 0.462081934851
3,3,1,1, 0.491073083906
3,3,1,5, 0.329233566151
3,3,1,6, 0.425497313691
3,3,1,9,-0.184084537454
3,3,2,2, 0.689508254834
3,3,2,7, 0.326291247101
3,3,3,3, 0.785718708997
3,3,3,8, 0.365024468353
3,3,4,4, 0.689508254834
3,3,4,5, 0.341219167050
3,3,4,6, 0.094660743256
3,3,4,9,-0.159795655667
3,3,5,0, 0.410289009639
3,3,5,1, 0.329233566151
3,3,5,4, 0.341219167050
3,3,5,5, 0.574569981279
3,3,5,6, 0.368139875640
3,3,5,9,-0.135366731305
3,3,6,0, 0.381567611415
3,3,6,1, 0.425497313691
3,3,6,4, 0.094660743256
3,3,6,5, 0.368139875640
3,3,6,6, 0.436687401734
3,3,6,9,-0.108867713534
3,3,7,2, 0.326291247101
3,3,7,7, 0.527694445308
3,3,8,3, 0.365024468353
3,3,8,8, 0.566162146913
3,3,9,0,-0.457723600520
3,3,9,1,-0.184084537454
3,3,9,4,-0.159795655667
3,3,9,5,-0.135366731305
3,3,9,6,-0.108867713534
3,3,9,9, 0.597665058499
3,4,0,8, 0.023926544889
3,4,1,8, 0.022284151152
3,4,3,4, 0.048105227081
3,4,3,5, 0.019636164049
3,4,3,6, 0.006117690413
3,4,3,9,-0.015771753856
3,4,4,3, 0.048105227081
3,4,4,8, 0.036311228446
3,4,5,3, 0.019636164049
3,4,5,8, 0.042763942325
3,4,6,3, 0.006117690413
3,4,6,8, 0.026425080184
3,4,8,0, 0.023926544889
3,4,8,1, 0.022284151152
3,4,8,4, 0.036311228446
3,4,8,5, 0.042763942325
3,4,8,6, 0.026425080184
3,4,8,9,-0.014247433739
3,4,9,3,-0.015771753856
3,4,9,8,-0.014247433739
3,5,0,3, 0.075136152606
3,5,0,8, 0.046807085927
3,5,1,3, 0.051953475003
3,5,1,8, 0.042424909358
3,5,3,0, 0.075136152606
3,5,3,1, 0.051953475003
3,5,3,4, 0.019636164049
3,5,3,5, 0.047584666194
3,5,3,6, 0.045191131948
3,5,3,9,-0.053247584234
3,5,4,3, 0.019636164049
3,5,4,8, 0.049256138605
3,5,5,3, 0.047584666194
3,5,5,8, 0.067886003949
3,5,6,3, 0.045191131948
3,5,6,8, 0.047569589460
3,5,8,0, 0.046807085927
3,5,8,1, 0.042424909358
3,5,8,4, 0.049256138605
3,5,8,5, 0.067886003949
3,5,8,6, 0.047569589460
3,5,8,9,-0.023926544889
3,5,9,3,-0.053247584234
3,5,9,8,-0.023926544889
3,6,0,3, 0.082567554946
3,6,0,8, 0.042424909358
3,6,1,3, 0.059152093189
3,6,1,8, 0.038973908238
3,6,3,0, 0.082567554946
3,6,3,1, 0.059152093189
3,6,3,4, 0.006117690413
3,6,3,5, 0.045191131948
3,6,3,6, 0.049235022640
3,6,3,9,-0.053437763007
3,6,4,3, 0.006117690413
3,6,4,8, 0.039067850708
3,6,5,3, 0.045191131948
3,6,5,8, 0.055963290643
3,6,6,3, 0.049235022640
3,6,6,8, 0.042774277806
3,6,8,0, 0.042424909358
3,6,8,1, 0.038973908238
3,6,8,4, 0.039067850708
3,6,8,5, 0.055963290643
3,6,8,6, 0.042774277806
3,6,8,9,-0.022284151152
3,6,9,3,-0.053437763007
3,6,9,8,-0.022284151152
3,7,2,3, 0.019366610626
3,7,2,8, 0.012537593894
3,7,3,2, 0.019366610626
3,7,3,7, 0.012537593894
3,7,7,3, 0.012537593894
3,7,7,8, 0.019366610626
3,7,8,2, 0.012537593894
3,7,8,7, 0.019366610626
3,8,0,0, 0.363256930022
3,8,0,1, 0.221595357513
3,8,0,4, 0.055382450862
3,8,0,5, 0.226040469982
3,8,0,6, 0.191401808394
3,8,0,9,-0.224124633246
3,8,1,0, 0.221595357513
3,8,1,1, 0.243168503895
3,8,1,4, 0.041010782766
3,8,1,5, 0.191401808394
3,8,1,6, 0.223953348329
3,8,1,9,-0.083343284517
3,8,2,2, 0.326291247101
3,8,2,7, 0.179705512485
3,8,3,3, 0.365024468353
3,8,3,8, 0.204780700274
3,8,4,0, 0.055382450862
3,8,4,1, 0.041010782766
3,8,4,4, 0.343235864921
3,8,4,5, 0.224124633246
3,8,4,6, 0.083343284517
3,8,4,9,-0.101274337113
3,8,5,0, 0.226040469982
3,8,5,1, 0.191401808394
3,8,5,4, 0.224124633246
3,8,5,5, 0.363256930022
3,8,5,6, 0.221595357513
3,8,5,9,-0.055382450862
3,8,6,0, 0.191401808394
3,8,6,1, 0.223953348329
3,8,6,4, 0.083343284517
3,8,6,5, 0.221595357513
3,8,6,6, 0.243168503895
3,8,6,9,-0.041010782766
3,8,7,2, 0.179705512485
3,8,7,7, 0.326291247101
3,8,8,3, 0.204780700274
3,8,8,8, 0.365024468353
3,8,9,0,-0.224124633246
3,8,9,1,-0.083343284517
3,8,9,4,-0.101274337113
3,8,9,5,-0.055382450862
3,8,9,6,-0.041010782766
3,8,9,9, 0.343235864921
3,9,0,3,-0.097567667503
3,9,0,8,-0.049256138605
3,9,1,3,-0.063456599438
3,9,1,8,-0.039067850708
3,9,3,0,-0.097567667503
3,9,3,1,-0.063456599438
3,9,3,4,-0.015771753856
3,9,3,5,-0.053247584234
3,9,3,6,-0.053437763007
3,9,3,9, 0.068733563814
3,9,4,3,-0.015771753856
3,9,4,8,-0.043658376025
3,9,5,3,-0.053247584234
3,9,5,8,-0.055382450862
3,9,6,3,-0.053437763007
3,9,6,8,-0.041010782766
3,9,8,0,-0.049256138605
3,9,8,1,-0.039067850708
3,9,8,4,-0.043658376025
3,9,8,5,-0.055382450862
3,9,8,6,-0.041010782766
3,9,8,9, 0.036311228446
3,9,9,3, 0.068733563814
3,9,9,8, 0.036311228446
4,0,0,4, 0.152608082603
4,0,0,5, 0.070080019662
4,0,0,6, 0.018526709662
4,0,0,9,-0.040511285711
4,0,1,4, 0.101353944495
4,0,1,5, 0.061496388592
4,0,1,6, 0.025070096169
4,0,1,9,-0.008491188380
4,0,2,7, 0.055382450862
4,0,3,8, 0.055382450862
4,0,4,0, 0.152608082603
4,0,4,1, 0.101353944495
4,0,4,5, 0.130427192991
4,0,4,6, 0.085979807669
4,0,4,9,-0.079943976360
4,0,5,0, 0.070080019662
4,0,5,1, 0.061496388592
4,0,5,4, 0.130427192991
4,0,5,5, 0.165926268936
4,0,5,6, 0.078823562157
4,0,5,9,-0.017847236891
4,0,6,0, 0.018526709662
4,0,6,1, 0.025070096169
4,0,6,4, 0.085979807669
4,0,6,5, 0.078823562157
4,0,6,6, 0.047567440340
4,0,6,9,-0.000463163719
4,0,7,2, 0.055382450862
4,0,7,7, 0.135366731305
4,0,8,3, 0.055382450862
4,0,8,8, 0.135366731305
4,0,9,0,-0.040511285711
4,0,9,1,-0.008491188380
4,0,9,4,-0.079943976360
4,0,9,5,-0.017847236891
4,0,9,6,-0.000463163719
4,0,9,9, 0.121511889271
4,1,0,4, 0.101353944495
4,1,0,5, 0.049698028375
4,1,0,6, 0.013876120501
4,1,0,9,-0.023514559184
4,1,1,4, 0.072461555243
4,1,1,5, 0.047733485009
4,1,1,6, 0.021116938575
4,1,1,9,-0.001320261782
4,1,2,7, 0.041010782766
4,1,3,8, 0.041010782766
4,1,4,0, 0.101353944495
4,1,4,1, 0.072461555243
4,1,4,5, 0.092838590479
4,1,4,6, 0.061839496973
4,1,4,9,-0.047761505439
4,1,5,0, 0.049698028375
4,1,5,1, 0.047733485009
4,1,5,4, 0.092838590479
4,1,5,5, 0.126880493840
4,1,5,6, 0.062408895561
4,1,5,9,-0.000463163719
4,1,6,0, 0.013876120501
4,1,6,1, 0.021116938575
4,1,6,4, 0.061839496973
4,1,6,5, 0.062408895561
4,1,6,6, 0.040539996609
4,1,6,9, 0.006688542998
4,1,7,2, 0.041010782766
4,1,7,7, 0.108867713534
4,1,8,3, 0.041010782766
4,1,8,8, 0.108867713534
4,1,9,0,-0.023514559184
4,1,9,1,-0.001320261782
4,1,9,4,-0.047761505439
4,1,9,5,-0.000463163719
4,1,9,6, 0.006688542998
4,1,9,9, 0.090912557172
4,2,0,7, 0.023926544889
4,2,1,7, 0.022284151152
4,2,2,4, 0.048105227081
4,2,2,5, 0.019636164049
4,2,2,6, 0.006117690413
4,2,2,9,-0.015771753856
4,2,4,2, 0.048105227081
4,2,4,7, 0.036311228446
4,2,5,2, 0.019636164049
4,2,5,7, 0.042763942325
4,2,6,2, 0.006117690413
4,2,6,7, 0.026425080184
4,2,7,0, 0.023926544889
4,2,7,1, 0.022284151152
4,2,7,4, 0.036311228446
4,2,7,5, 0.042763942325
4,2,7,6, 0.026425080184
4,2,7,9,-0.014247433739
4,2,9,2,-0.015771753856
4,2,9,7,-0.014247433739
4,3,0,8, 0.023926544889
4,3,1,8, 0.022284151152
4,3,3,4, 0.048105227081
4,3,3,5, 0.019636164049
4,3,3,6, 0.006117690413
4,3,3,9,-0.015771753856
4,3,4,3, 0.048105227081
4,3,4,8, 0.036311228446
4,3,5,3, 0.019636164049
4,3,5,8, 0.042763942325
4,3,6,3, 0.006117690413
4,3,6,8, 0.026425080184
4,3,8,0, 0.023926544889
4,3,8,1, 0.022284151152
4,3,8,4, 0.036311228446
4,3,8,5, 0.042763942325
4,3,8,6, 0.026425080184
4,3,8,9,-0.014247433739
4,3,9,3,-0.015771753856
4,3,9,8,-0.014247433739
4,4,0,0, 0.775037038942
4,4,0,1, 0.462081934851
4,4,0,5, 0.434173089089
4,4,0,6, 0.383049328553
4,4,0,9,-0.450626089033
4,4,1,0, 0.462081934851
4,4,1,1, 0.491073083906
4,4,1,5, 0.351631207486
4,4,1,6, 0.427885853112
4,4,1,9,-0.170143135544
4,4,2,2, 0.689508254834
4,4,2,7, 0.343235864921
4,4,3,3, 0.689508254834
4,4,3,8, 0.343235864921
4,4,4,4, 0.785718708997
4,4,4,5, 0.401366920740
4,4,4,6, 0.107114181969
4,4,4,9,-0.170831757930
4,4,5,0, 0.434173089089
4,4,5,1, 0.351631207486
4,4,5,4, 0.401366920740
4,4,5,5, 0.670011585404
4,4,5,6, 0.400749170585
4,4,5,9,-0.121511889271
4,4,6,0, 0.383049328553
4,4,6,1, 0.427885853112
4,4,6,4, 0.107114181969
4,4,6,5, 0.400749170585
4,4,6,6, 0.445410861707
4,4,6,9,-0.090912557172
4,4,7,2, 0.343235864921
4,4,7,7, 0.597665058499
4,4,8,3, 0.343235864921
4,4,8,8, 0.597665058499
4,4,9,0,-0.450626089033
4,4,9,1,-0.170143135544
4,4,9,4,-0.170831757930
4,4,9,5,-0.121511889271
4,4,9,6,-0.090912557172
4,4,9,9, 0.637959317161
4,5,0,0, 0.378974661895
4,5,0,1, 0.232265230295
4,5,0,4, 0.130427192991
4,5,0,5, 0.285092930048
4,5,0,6, 0.210688267336
4,5,0,9,-0.244166049930
4,5,1,0, 0.232265230295
4,5,1,1, 0.256494284292
4,5,1,4, 0.092838590479
4,5,1,5, 0.246684325431
4,5,1,6, 0.250696599901
4,5,1,9,-0.077195898316
4,5,2,2, 0.341219167050
4,5,2,7, 0.224124633246
4,5,3,3, 0.341219167050
4,5,3,8, 0.224124633246
4,5,4,0, 0.130427192991
4,5,4,1, 0.092838590479
4,5,4,4, 0.401366920740
4,5,4,5, 0.335400102931
4,5,4,6, 0.136113749217
4,5,4,9,-0.139539171359
4,5,5,0, 0.285092930048
4,5,5,1, 0.246684325431
4,5,5,4, 0.335400102931
4,5,5,5, 0.533448582438
4,5,5,6, 0.294910172758
4,5,5,9,-0.040511285711
4,5,6,0, 0.210688267336
4,5,6,1, 0.250696599901
4,5,6,4, 0.136113749217
4,5,6,5, 0.294910172758
4,5,6,6, 0.286792200124
4,5,6,9,-0.023514559184
4,5,7,2, 0.224124633246
4,5,7,7, 0.457723600520
4,5,8,3, 0.224124633246
4,5,8,8, 0.457723600520
4,5,9,0,-0.244166049930
4,5,9,1,-0.077195898316
4,5,9,4,-0.139539171359
4,5,9,5,-0.040511285711
4,5,9,6,-0.023514559184
4,5,9,9, 0.450626089033
4,6,0,0, 0.102309434786
4,6,0,1, 0.064018673520
4,6,0,4, 0.085979807669
4,6,0,5, 0.101907901007
4,6,0,6, 0.065141049989
4,6,0,9,-0.077195898316
4,6,1,0, 0.064018673520
4,6,1,1, 0.073233046338
4,6,1,4, 0.061839496973
4,6,1,5, 0.092368303315
4,6,1,6, 0.082528344856
4,6,1,9,-0.020767169893
4,6,2,2, 0.094660743256
4,6,2,7, 0.083343284517
4,6,3,3, 0.094660743256
4,6,3,8, 0.083343284517
4,6,4,0, 0.085979807669
4,6,4,1, 0.061839496973
4,6,4,4, 0.107114181969
4,6,4,5, 0.136113749217
4,6,4,6, 0.068392802383
4,6,4,9,-0.060756480325
4,6,5,0, 0.101907901007
4,6,5,1, 0.092368303315
4,6,5,4, 0.136113749217
4,6,5,5, 0.207526596171
4,6,5,6, 0.113475595636
4,6,5,9,-0.008491188380
4,6,6,0, 0.065141049989
4,6,6,1, 0.082528344856
4,6,6,4, 0.068392802383
4,6,6,5, 0.113475595636
4,6,6,6, 0.103204945345
4,6,6,9,-0.001320261782
4,6,7,2, 0.083343284517
4,6,7,7, 0.184084537454
4,6,8,3, 0.083343284517
4,6,8,8, 0.184084537454
4,6,9,0,-0.077195898316
4,6,9,1,-0.020767169893
4,6,9,4,-0.060756480325
4,6,9,5,-0.008491188380
4,6,9,6,-0.001320261782
4,6,9,9, 0.170143135544
4,7,0,2, 0.055382450862
4,7,0,7, 0.053247584234
4,7,1,2, 0.041010782766
4,7,1,7, 0.053437763007
4,7,2,0, 0.055382450862
4,7,2,1, 0.041010782766
4,7,2,4, 0.036311228446
4,7,2,5, 0.049256138605
4,7,2,6, 0.039067850708
4,7,2,9,-0.043658376025
4,7,4,2, 0.036311228446
4,7,4,7, 0.068733563814
4,7,5,2, 0.049256138605
4,7,5,7, 0.097567667503
4,7,6,2, 0.039067850708
4,7,6,7, 0.063456599438
4,7,7,0, 0.053247584234
4,7,7,1, 0.053437763007
4,7,7,4, 0.068733563814
4,7,7,5, 0.097567667503
4,7,7,6, 0.063456599438
4,7,7,9,-0.015771753856
4,7,9,2,-0.043658376025
4,7,9,7,-0.015771753856
4,8,0,3, 0.055382450862
4,8,0,8, 0.053247584234
4,8,1,3, 0.041010782766
4,8,1,8, 0.053437763007
4,8,3,0, 0.055382450862
4,8,3,1, 0.041010782766
4,8,3,4, 0.036311228446
4,8,3,5, 0.049256138605
4,8,3,6, 0.039067850708
4,8,3,9,-0.043658376025
4,8,4,3, 0.036311228446
4,8,4,8, 0.068733563814
4,8,5,3, 0.049256138605
4,8,5,8, 0.097567667503
4,8,6,3, 0.039067850708
4,8,6,8, 0.063456599438
4,8,8,0, 0.053247584234
4,8,8,1, 0.053437763007
4,8,8,4, 0.068733563814
4,8,8,5, 0.097567667503
4,8,8,6, 0.063456599438
4,8,8,9,-0.015771753856
4,8,9,3,-0.043658376025
4,8,9,8,-0.015771753856
4,9,0,0,-0.184392959181
4,9,0,1,-0.103169444902
4,9,0,4,-0.079943976360
4,9,0,5,-0.128070495493
4,9,0,6,-0.092871581750
4,9,0,9, 0.139539171359
4,9,1,0,-0.103169444902
4,9,1,1,-0.098454876891
4,9,1,4,-0.047761505439
4,9,1,5,-0.092871581750
4,9,1,6,-0.092337764753
4,9,1,9, 0.060756480325
4,9,2,2,-0.159795655667
4,9,2,7,-0.101274337113
4,9,3,3,-0.159795655667
4,9,3,8,-0.101274337113
4,9,4,0,-0.079943976360
4,9,4,1,-0.047761505439
4,9,4,4,-0.170831757930
4,9,4,5,-0.139539171359
4,9,4,6,-0.060756480325
4,9,4,9, 0.096207568810
4,9,5,0,-0.128070495493
4,9,5,1,-0.092871581750
4,9,5,4,-0.139539171359
4,9,5,5,-0.184392959181
4,9,5,6,-0.103169444902
4,9,5,9, 0.079943976360
4,9,6,0,-0.092871581750
4,9,6,1,-0.092337764753
4,9,6,4,-0.060756480325
4,9,6,5,-0.103169444902
4,9,6,6,-0.098454876891
4,9,6,9, 0.047761505439
4,9,7,2,-0.101274337113
4,9,7,7,-0.159795655667
4,9,8,3,-0.101274337113
4,9,8,8,-0.159795655667
4,9,9,0, 0.139539171359
4,9,9,1, 0.060756480325
4,9,9,4, 0.096207568810
4,9,9,5, 0.079943976360
4,9,9,6, 0.047761505439
4,9,9,9,-0.170831757930
5,0,0,0, 0.461348781214
5,0,0,1, 0.270693528803
5,0,0,4, 0.070080019662
5,0,0,5, 0.284443807941
5,0,0,6, 0.233520674942
5,0,0,9,-0.285092930048
5,0,1,0, 0.270693528803
5,0,1,1, 0.285918932549
5,0,1,4, 0.049698028375
5,0,1,5, 0.233520674942
5,0,1,6, 0.263164162937
5,0,1,9,-0.101907901007
5,0,2,2, 0.410289009639
5,0,2,7, 0.226040469982
5,0,3,3, 0.410289009639
5,0,3,8, 0.226040469982
5,0,4,0, 0.070080019662
5,0,4,1, 0.049698028375
5,0,4,4, 0.434173089089
5,0,4,5, 0.285092930048
5,0,4,6, 0.101907901007
5,0,4,9,-0.128070495493
5,0,5,0, 0.284443807941
5,0,5,1, 0.233520674942
5,0,5,4, 0.285092930048
5,0,5,5, 0.461348781214
5,0,5,6, 0.270693528803
5,0,5,9,-0.070080019662
5,0,6,0, 0.233520674942
5,0,6,1, 0.263164162937
5,0,6,4, 0.101907901007
5,0,6,5, 0.270693528803
5,0,6,6, 0.285918932549
5,0,6,9,-0.049698028375
5,0,7,2, 0.226040469982
5,0,7,7, 0.410289009639
5,0,8,3, 0.226040469982
5,0,8,8, 0.410289009639
5,0,9,0,-0.285092930048
5,0,9,1,-0.101907901007
5,0,9,4,-0.128070495493
5,0,9,5,-0.070080019662
5,0,9,6,-0.049698028375
5,0,9,9, 0.434173089089
5,1,0,0, 0.353230883754
5,1,0,1, 0.219477726960
5,1,0,4, 0.061496388592
5,1,0,5, 0.233520674942
5,1,0,6, 0.192115584121
5,1,0,9,-0.210688267336
5,1,1,0, 0.219477726960
5,1,1,1, 0.252123181020
5,1,1,4, 0.047733485009
5,1,1,5, 0.208079179478
5,1,1,6, 0.238827179451
5,1,1,9,-0.065141049989
5,1,2,2, 0.329233566151
5,1,2,7, 0.191401808394
5,1,3,3, 0.329233566151
5,1,3,8, 0.191401808394
5,1,4,0, 0.061496388592
5,1,4,1, 0.047733485009
5,1,4,4, 0.351631207486
5,1,4,5, 0.246684325431
5,1,4,6, 0.092368303315
5,1,4,9,-0.092871581750
5,1,5,0, 0.233520674942
5,1,5,1, 0.208079179478
5,1,5,4, 0.246684325431
5,1,5,5, 0.416381592743
5,1,5,6, 0.248149567569
5,1,5,9,-0.018526709662
5,1,6,0, 0.192115584121
5,1,6,1, 0.238827179451
5,1,6,4, 0.092368303315
5,1,6,5, 0.248149567569
5,1,6,6, 0.269058785895
5,1,6,9,-0.013876120501
5,1,7,2, 0.191401808394
5,1,7,7, 0.381567611415
5,1,8,3, 0.191401808394
5,1,8,8, 0.381567611415
5,1,9,0,-0.210688267336
5,1,9,1,-0.065141049989
5,1,9,4,-0.092871581750
5,1,9,5,-0.018526709662
5,1,9,6,-0.013876120501
5,1,9,9, 0.383049328553
5,2,0,2, 0.075136152606
5,2,0,7, 0.046807085927
5,2,1,2, 0.051953475003
5,2,1,7, 0.042424909358
5,2,2,0, 0.075136152606
5,2,2,1, 0.051953475003
5,2,2,4, 0.019636164049
5,2,2,5, 0.047584666194
5,2,2,6, 0.045191131948
5,2,2,9,-0.053247584234
5,2,4,2, 0.019636164049
5,2,4,7, 0.049256138605
5,2,5,2, 0.047584666194
5,2,5,7, 0.067886003949
5,2,6,2, 0.045191131948
5,2,6,7, 0.047569589460
5,2,7,0, 0.046807085927
5,2,7,1, 0.042424909358
5,2,7,4, 0.049256138605
5,2,7,5, 0.067886003949
5,2,7,6, 0.047569589460
5,2,7,9,-0.023926544889
5,2,9,2,-0.053247584234
5,2,9,7,-0.023926544889
5,3,0,3, 0.075136152606
5,3,0,8, 0.046807085927
5,3,1,3, 0.051953475003
5,3,1,8, 0.042424909358
5,3,3,0, 0.075136152606
5,3,3,1, 0.051953475003
5,3,3,4, 0.019636164049
5,3,3,5, 0.047584666194
5,3,3,6, 0.045191131948
5,3,3,9,-0.053247584234
5,3,4,3, 0.019636164049
5,3,4,8, 0.049256138605
5,3,5,3, 0.047584666194
5,3,5,8, 0.067886003949
5,3,6,3, 0.045191131948
5,3,6,8, 0.047569589460
5,3,8,0, 0.046807085927
5,3,8,1, 0.042424909358
5,3,8,4, 0.049256138605
5,3,8,5, 0.067886003949
5,3,8,6, 0.047569589460
5,3,8,9,-0.023926544889
5,3,9,3,-0.053247584234
5,3,9,8,-0.023926544889
5,4,0,0, 0.378974661895
5,4,0,1, 0.232265230295
5,4,0,4, 0.130427192991
5,4,0,5, 0.285092930048
5,4,0,6, 0.210688267336
5,4,0,9,-0.244166049930
5,4,1,0, 0.232265230295
5,4,1,1, 0.256494284292
5,4,1,4, 0.092838590479
5,4,1,5, 0.246684325431
5,4,1,6, 0.250696599901
5,4,1,9,-0.077195898316
5,4,2,2, 0.341219167050
5,4,2,7, 0.224124633246
5,4,3,3, 0.341219167050
5,4,3,8, 0.224124633246
5,4,4,0, 0.130427192991
5,4,4,1, 0.092838590479
5,4,4,4, 0.401366920740
5,4,4,5, 0.335400102931
5,4,4,6, 0.136113749217
5,4,4,9,-0.139539171359
5,4,5,0, 0.285092930048
5,4,5,1, 0.246684325431
5,4,5,4, 0.335400102931
5,4,5,5, 0.533448582438
5,4,5,6, 0.294910172758
5,4,5,9,-0.040511285711
5,4,6,0, 0.210688267336
5,4,6,1, 0.250696599901
5,4,6,4, 0.136113749217
5,4,6,5, 0.294910172758
5,4,6,6, 0.286792200124
5,4,6,9,-0.023514559184
5,4,7,2, 0.224124633246
5,4,7,7, 0.457723600520
5,4,8,3, 0.224124633246
5,4,8,8, 0.457723600520
5,4,9,0,-0.244166049930
5,4,9,1,-0.077195898316
5,4,9,4,-0.139539171359
5,4,9,5,-0.040511285711
5,4,9,6,-0.023514559184
5,4,9,9, 0.450626089033
5,5,0,0, 0.630796908204
5,5,0,1, 0.393610638761
5,5,0,4, 0.165926268936
5,5,0,5, 0.461348781214
5,5,0,6, 0.353230883754
5,5,0,9,-0.378974661895
5,5,1,0, 0.393610638761
5,5,1,1, 0.450437767176
5,5,1,4, 0.126880493840
5,5,1,5, 0.416381592743
5,5,1,6, 0.439439227828
5,5,1,9,-0.102309434786
5,5,2,2, 0.574569981279
5,5,2,7, 0.363256930022
5,5,3,3, 0.574569981279
5,5,3,8, 0.363256930022
5,5,4,0, 0.165926268936
5,5,4,1, 0.126880493840
5,5,4,4, 0.670011585404
5,5,4,5, 0.533448582438
5,5,4,6, 0.207526596171
5,5,4,9,-0.184392959181
5,5,5,0, 0.461348781214
5,5,5,1, 0.416381592743
5,5,5,4, 0.533448582438
5,5,5,5, 0.897251802255
5,5,5,6, 0.504699283325
5,5,6,0, 0.353230883754
5,5,6,1, 0.439439227828
5,5,6,4, 0.207526596171
5,5,6,5, 0.504699283325
5,5,6,6, 0.507364877272
5,5,7,2, 0.363256930022
5,5,7,7, 0.775037038942
5,5,8,3, 0.363256930022
5,5,8,8, 0.775037038942
5,5,9,0,-0.378974661895
5,5,9,1,-0.102309434786
5,5,9,4,-0.184392959181
5,5,9,9, 0.775037038942
5,6,0,0, 0.393610638761
5,6,0,1, 0.248091840431
5,6,0,4, 0.078823562157
5,6,0,5, 0.270693528803
5,6,0,6, 0.219477726960
5,6,0,9,-0.232265230295
5,6,1,0, 0.248091840431
5,6,1,1, 0.291942388216
5,6,1,4, 0.062408895561
5,6,1,5, 0.248149567569
5,6,1,6, 0.281756136123
5,6,1,9,-0.064018673520
5,6,2,2, 0.368139875640
5,6,2,7, 0.221595357513
5,6,3,3, 0.368139875640
5,6,3,8, 0.221595357513
5,6,4,0, 0.078823562157
5,6,4,1, 0.062408895561
5,6,4,4, 0.400749170585
5,6,4,5, 0.294910172758
5,6,4,6, 0.113475595636
5,6,4,9,-0.103169444902
5,6,5,0, 0.270693528803
5,6,5,1, 0.248149567569
5,6,5,4, 0.294910172758
5,6,5,5, 0.504699283325
5,6,5,6, 0.300015949963
5,6,6,0, 0.219477726960
5,6,6,1, 0.281756136123
5,6,6,4, 0.113475595636
5,6,6,5, 0.300015949963
5,6,6,6, 0.324022459289
5,6,7,2, 0.221595357513
5,6,7,7, 0.462081934851
5,6,8,3, 0.221595357513
5,6,8,8, 0.462081934851
5,6,9,0,-0.232265230295
5,6,9,1,-0.064018673520
5,6,9,4,-0.103169444902
5,6,9,9, 0.462081934851
5,7,0,2, 0.077476272675
5,7,0,7, 0.075136152606
5,7,1,2, 0.059211428679
5,7,1,7, 0.082567554946
5,7,2,0, 0.077476272675
5,7,2,1, 0.059211428679
5,7,2,4, 0.042763942325
5,7,2,5, 0.067886003949
5,7,2,6, 0.055963290643
5,7,2,9,-0.055382450862
5,7,4,2, 0.042763942325
5,7,4,7, 0.097567667503
5,7,5,2, 0.067886003949
5,7,5,7, 0.152608082603
5,7,6,2, 0.055963290643
5,7,6,7, 0.101353944495
5,7,7,0, 0.075136152606
5,7,7,1, 0.082567554946
5,7,7,4, 0.097567667503
5,7,7,5, 0.152608082603
5,7,7,6, 0.101353944495
5,7,9,2,-0.055382450862
5,8,0,3, 0.077476272675
5,8,0,8, 0.075136152606
5,8,1,3, 0.059211428679
5,8,1,8, 0.082567554946
5,8,3,0, 0.077476272675
5,8,3,1, 0.059211428679
5,8,3,4, 0.042763942325
5,8,3,5, 0.067886003949
5,8,3,6, 0.055963290643
5,8,3,9,-0.055382450862
5,8,4,3, 0.042763942325
5,8,4,8, 0.097567667503
5,8,5,3, 0.067886003949
5,8,5,8, 0.152608082603
5,8,6,3, 0.055963290643
5,8,6,8, 0.101353944495
5,8,8,0, 0.075136152606
5,8,8,1, 0.082567554946
5,8,8,4, 0.097567667503
5,8,8,5, 0.152608082603
5,8,8,6, 0.101353944495
5,8,9,3,-0.055382450862
5,9,0,0,-0.165926268936
5,9,0,1,-0.078823562157
5,9,0,4,-0.017847236891
5,9,0,5,-0.070080019662
5,9,0,6,-0.061496388592
5,9,0,9, 0.130427192991
5,9,1,0,-0.078823562157
5,9,1,1,-0.047567440340
5,9,1,4,-0.000463163719
5,9,1,5,-0.018526709662
5,9,1,6,-0.025070096169
5,9,1,9, 0.085979807669
5,9,2,2,-0.135366731305
5,9,2,7,-0.055382450862
5,9,3,3,-0.135366731305
5,9,3,8,-0.055382450862
5,9,4,0,-0.017847236891
5,9,4,1,-0.000463163719
5,9,4,4,-0.121511889271
5,9,4,5,-0.040511285711
5,9,4,6,-0.008491188380
5,9,4,9, 0.079943976360
5,9,5,0,-0.070080019662
5,9,5,1,-0.018526709662
5,9,5,4,-0.040511285711
5,9,5,9, 0.152608082603
5,9,6,0,-0.061496388592
5,9,6,1,-0.025070096169
5,9,6,4,-0.008491188380
5,9,6,9, 0.101353944495
5,9,7,2,-0.055382450862
5,9,8,3,-0.055382450862
5,9,9,0, 0.130427192991
5,9,9,1, 0.085979807669
5,9,9,4, 0.079943976360
5,9,9,5, 0.152608082603
5,9,9,6, 0.101353944495
6,0,0,0, 0.416381592743
6,0,0,1, 0.248149567569
6,0,0,4, 0.018526709662
6,0,0,5, 0.233520674942
6,0,0,6, 0.208079179478
6,0,0,9,-0.246684325431
6,0,1,0, 0.248149567569
6,0,1,1, 0.269058785895
6,0,1,4, 0.013876120501
6,0,1,5, 0.192115584121
6,0,1,6, 0.238827179451
6,0,1,9,-0.092368303315
6,0,2,2, 0.381567611415
6,0,2,7, 0.191401808394
6,0,3,3, 0.381567611415
6,0,3,8, 0.191401808394
6,0,4,0, 0.018526709662
6,0,4,1, 0.013876120501
6,0,4,4, 0.383049328553
6,0,4,5, 0.210688267336
6,0,4,6, 0.065141049989
6,0,4,9,-0.092871581750
6,0,5,0, 0.233520674942
6,0,5,1, 0.192115584121
6,0,5,4, 0.210688267336
6,0,5,5, 0.353230883754
6,0,5,6, 0.219477726960
6,0,5,9,-0.061496388592
6,0,6,0, 0.208079179478
6,0,6,1, 0.238827179451
6,0,6,4, 0.065141049989
6,0,6,5, 0.219477726960
6,0,6,6, 0.252123181020
6,0,6,9,-0.047733485009
6,0,7,2, 0.191401808394
6,0,7,7, 0.329233566151
6,0,8,3, 0.191401808394
6,0,8,8, 0.329233566151
6,0,9,0,-0.246684325431
6,0,9,1,-0.092368303315
6,0,9,4,-0.092871581750
6,0,9,5,-0.061496388592
6,0,9,6,-0.047733485009
6,0,9,9, 0.351631207486
6,1,0,0, 0.439439227828
6,1,0,1, 0.281756136123
6,1,0,4, 0.025070096169
6,1,0,5, 0.263164162937
6,1,0,6, 0.238827179451
6,1,0,9,-0.250696599901
6,1,1,0, 0.281756136123
6,1,1,1, 0.345565243598
6,1,1,4, 0.021116938575
6,1,1,5, 0.238827179451
6,1,1,6, 0.314511046488
6,1,1,9,-0.082528344856
6,1,2,2, 0.425497313691
6,1,2,7, 0.223953348329
6,1,3,3, 0.425497313691
6,1,3,8, 0.223953348329
6,1,4,0, 0.025070096169
6,1,4,1, 0.021116938575
6,1,4,4, 0.427885853112
6,1,4,5, 0.250696599901
6,1,4,6, 0.082528344856
6,1,4,9,-0.092337764753
6,1,5,0, 0.263164162937
6,1,5,1, 0.238827179451
6,1,5,4, 0.250696599901
6,1,5,5, 0.439439227828
6,1,5,6, 0.281756136123
6,1,5,9,-0.025070096169
6,1,6,0, 0.238827179451
6,1,6,1, 0.314511046488
6,1,6,4, 0.082528344856
6,1,6,5, 0.281756136123
6,1,6,6, 0.345565243598
6,1,6,9,-0.021116938575
6,1,7,2, 0.223953348329
6,1,7,7, 0.425497313691
6,1,8,3, 0.223953348329
6,1,8,8, 0.425497313691
6,1,9,0,-0.250696599901
6,1,9,1,-0.082528344856
6,1,9,4,-0.092337764753
6,1,9,5,-0.025070096169
6,1,9,6,-0.021116938575
6,1,9,9, 0.427885853112
6,2,0,2, 0.082567554946
6,2,0,7, 0.042424909358
6,2,1,2, 0.059152093189
6,2,1,7, 0.038973908238
6,2,2,0, 0.082567554946
6,2,2,1, 0.059152093189
6,2,2,4, 0.006117690413
6,2,2,5, 0.045191131948
6,2,2,6, 0.049235022640
6,2,2,9,-0.053437763007
6,2,4,2, 0.006117690413
6,2,4,7, 0.039067850708
6,2,5,2, 0.045191131948
6,2,5,7, 0.055963290643
6,2,6,2, 0.049235022640
6,2,6,7, 0.042774277806
6,2,7,0, 0.042424909358
6,2,7,1, 0.038973908238
6,2,7,4, 0.039067850708
6,2,7,5, 0.055963290643
6,2,7,6, 0.042774277806
6,2,7,9,-0.022284151152
6,2,9,2,-0.053437763007
6,2,9,7,-0.022284151152
6,3,0,3, 0.082567554946
6,3,0,8, 0.042424909358
6,3,1,3, 0.059152093189
6,3,1,8, 0.038973908238
6,3,3,0, 0.082567554946
6,3,3,1, 0.059152093189
6,3,3,4, 0.006117690413
6,3,3,5, 0.045191131948
6,3,3,6, 0.049235022640
6,3,3,9,-0.053437763007
6,3,4,3, 0.006117690413
6,3,4,8, 0.039067850708
6,3,5,3, 0.045191131948
6,3,5,8, 0.055963290643
6,3,6,3, 0.049235022640
6,3,6,8, 0.042774277806
6,3,8,0, 0.042424909358
6,3,8,1, 0.038973908238
6,3,8,4, 0.039067850708
6,3,8,5, 0.055963290643
6,3,8,6, 0.042774277806
6,3,8,9,-0.022284151152
6,3,9,3,-0.053437763007
6,3,9,8,-0.022284151152
6,4,0,0, 0.102309434786
6,4,0,1, 0.064018673520
6,4,0,4, 0.085979807669
6,4,0,5, 0.101907901007
6,4,0,6, 0.065141049989
6,4,0,9,-0.077195898316
6,4,1,0, 0.064018673520
6,4,1,1, 0.073233046338
6,4,1,4, 0.061839496973
6,4,1,5, 0.092368303315
6,4,1,6, 0.082528344856
6,4,1,9,-0.020767169893
6,4,2,2, 0.094660743256
6,4,2,7, 0.083343284517
6,4,3,3, 0.094660743256
6,4,3,8, 0.083343284517
6,4,4,0, 0.085979807669
6,4,4,1, 0.061839496973
6,4,4,4, 0.107114181969
6,4,4,5, 0.136113749217
6,4,4,6, 0.068392802383
6,4,4,9,-0.060756480325
6,4,5,0, 0.101907901007
6,4,5,1, 0.092368303315
6,4,5,4, 0.136113749217
6,4,5,5, 0.207526596171
6,4,5,6, 0.113475595636
6,4,5,9,-0.008491188380
6,4,6,0, 0.065141049989
6,4,6,1, 0.082528344856
6,4,6,4, 0.068392802383
6,4,6,5, 0.113475595636
6,4,6,6, 0.103204945345
6,4,6,9,-0.001320261782
6,4,7,2, 0.083343284517
6,4,7,7, 0.184084537454
6,4,8,3, 0.083343284517
6,4,8,8, 0.184084537454
6,4,9,0,-0.077195898316
6,4,9,1,-0.020767169893
6,4,9,4,-0.060756480325
6,4,9,5,-0.008491188380
6,4,9,6,-0.001320261782
6,4,9,9, 0.170143135544
6,5,0,0, 0.393610638761
6,5,0,1, 0.248091840431
6,5,0,4, 0.078823562157
6,5,0,5, 0.270693528803
6,5,0,6, 0.219477726960
6,5,0,9,-0.232265230295
6,5,1,0, 0.248091840431
6,5,1,1, 0.291942388216
6,5,1,4, 0.062408895561
6,5,1,5, 0.248149567569
6,5,1,6, 0.281756136123
6,5,1,9,-0.064018673520
6,5,2,2, 0.368139875640
6,5,2,7, 0.221595357513
6,5,3,3, 0.368139875640
6,5,3,8, 0.221595357513
6,5,4,0, 0.078823562157
6,5,4,1, 0.062408895561
6,5,4,4, 0.400749170585
6,5,4,5, 0.294910172758
6,5,4,6, 0.113475595636
6,5,4,9,-0.103169444902
6,5,5,0, 0.270693528803
6,5,5,1, 0.248149567569
6,5,5,4, 0.294910172758
6,5,5,5, 0.504699283325
6,5,5,6, 0.300015949963
6,5,6,0, 0.219477726960
6,5,6,1, 0.281756136123
6,5,6,4, 0.113475595636
6,5,6,5, 0.300015949963
6,5,6,6, 0.324022459289
6,5,7,2, 0.221595357513
6,5,7,7, 0.462081934851
6,5,8,3, 0.221595357513
6,5,8,8, 0.462081934851
6,5,9,0,-0.232265230295
6,5,9,1,-0.064018673520
6,5,9,4,-0.103169444902
6,5,9,9, 0.462081934851
6,6,0,0, 0.450437767176
6,6,0,1, 0.291942388216
6,6,0,4, 0.047567440340
6,6,0,5, 0.285918932549
6,6,0,6, 0.252123181020
6,6,0,9,-0.256494284292
6,6,1,0, 0.291942388216
6,6,1,1, 0.366384475421
6,6,1,4, 0.040539996609
6,6,1,5, 0.269058785895
6,6,1,6, 0.345565243598
6,6,1,9,-0.073233046338
6,6,2,2, 0.436687401734
6,6,2,7, 0.243168503895
6,6,3,3, 0.436687401734
6,6,3,8, 0.243168503895
6,6,4,0, 0.047567440340
6,6,4,1, 0.040539996609
6,6,4,4, 0.445410861707
6,6,4,5, 0.286792200124
6,6,4,6, 0.103204945345
6,6,4,9,-0.098454876891
6,6,5,0, 0.285918932549
6,6,5,1, 0.269058785895
6,6,5,4, 0.286792200124
6,6,5,5, 0.507364877272
6,6,5,6, 0.324022459289
6,6,6,0, 0.252123181020
6,6,6,1, 0.345565243598
6,6,6,4, 0.103204945345
6,6,6,5, 0.324022459289
6,6,6,6, 0.394125899248
6,6,7,2, 0.243168503895
6,6,7,7, 0.491073083906
6,6,8,3, 0.243168503895
6,6,8,8, 0.491073083906
6,6,9,0,-0.256494284292
6,6,9,1,-0.073233046338
6,6,9,4,-0.098454876891
6,6,9,9, 0.491073083906
6,7,0,2, 0.059211428679
6,7,0,7, 0.051953475003
6,7,1,2, 0.046224749244
6,7,1,7, 0.059152093189
6,7,2,0, 0.059211428679
6,7,2,1, 0.046224749244
6,7,2,4, 0.026425080184
6,7,2,5, 0.047569589460
6,7,2,6, 0.042774277806
6,7,2,9,-0.041010782766
6,7,4,2, 0.026425080184
6,7,4,7, 0.063456599438
6,7,5,2, 0.047569589460
6,7,5,7, 0.101353944495
6,7,6,2, 0.042774277806
6,7,6,7, 0.072461555243
6,7,7,0, 0.051953475003
6,7,7,1, 0.059152093189
6,7,7,4, 0.063456599438
6,7,7,5, 0.101353944495
6,7,7,6, 0.072461555243
6,7,9,2,-0.041010782766
6,8,0,3, 0.059211428679
6,8,0,8, 0.051953475003
6,8,1,3, 0.046224749244
6,8,1,8, 0.059152093189
6,8,3,0, 0.059211428679
6,8,3,1, 0.046224749244
6,8,3,4, 0.026425080184
6,8,3,5, 0.047569589460
6,8,3,6, 0.042774277806
6,8,3,9,-0.041010782766
6,8,4,3, 0.026425080184
6,8,4,8, 0.063456599438
6,8,5,3, 0.047569589460
6,8,5,8, 0.101353944495
6,8,6,3, 0.042774277806
6,8,6,8, 0.072461555243
6,8,8,0, 0.051953475003
6,8,8,1, 0.059152093189
6,8,8,4, 0.063456599438
6,8,8,5, 0.101353944495
6,8,8,6, 0.072461555243
6,8,9,3,-0.041010782766
6,9,0,0,-0.126880493840
6,9,0,1,-0.062408895561
6,9,0,4,-0.000463163719
6,9,0,5,-0.049698028375
6,9,0,6,-0.047733485009
6,9,0,9, 0.092838590479
6,9,1,0,-0.062408895561
6,9,1,1,-0.040539996609
6,9,1,4, 0.006688542998
6,9,1,5,-0.013876120501
6,9,1,6,-0.021116938575
6,9,1,9, 0.061839496973
6,9,2,2,-0.108867713534
6,9,2,7,-0.041010782766
6,9,3,3,-0.108867713534
6,9,3,8,-0.041010782766
6,9,4,0,-0.000463163719
6,9,4,1, 0.006688542998
6,9,4,4,-0.090912557172
6,9,4,5,-0.023514559184
6,9,4,6,-0.001320261782
6,9,4,9, 0.047761505439
6,9,5,0,-0.049698028375
6,9,5,1,-0.013876120501
6,9,5,4,-0.023514559184
6,9,5,9, 0.101353944495
6,9,6,0,-0.047733485009
6,9,6,1,-0.021116938575
6,9,6,4,-0.001320261782
6,9,6,9, 0.072461555243
6,9,7,2,-0.041010782766
6,9,8,3,-0.041010782766
6,9,9,0, 0.092838590479
6,9,9,1, 0.061839496973
6,9,9,4, 0.047761505439
6,9,9,5, 0.101353944495
6,9,9,6, 0.072461555243
7,0,0,2, 0.067886003949
7,0,0,7, 0.047584666194
7,0,1,2, 0.047569589460
7,0,1,7, 0.045191131948
7,0,2,0, 0.067886003949
7,0,2,1, 0.047569589460
7,0,2,4, 0.023926544889
7,0,2,5, 0.046807085927
7,0,2,6, 0.042424909358
7,0,2,9,-0.049256138605
7,0,4,2, 0.023926544889
7,0,4,7, 0.053247584234
7,0,5,2, 0.046807085927
7,0,5,7, 0.075136152606
7,0,6,2, 0.042424909358
7,0,6,7, 0.051953475003
7,0,7,0, 0.047584666194
7,0,7,1, 0.045191131948
7,0,7,4, 0.053247584234
7,0,7,5, 0.075136152606
7,0,7,6, 0.051953475003
7,0,7,9,-0.019636164049
7,0,9,2,-0.049256138605
7,0,9,7,-0.019636164049
7,1,0,2, 0.055963290643
7,1,0,7, 0.045191131948
7,1,1,2, 0.042774277806
7,1,1,7, 0.049235022640
7,1,2,0, 0.055963290643
7,1,2,1, 0.042774277806
7,1,2,4, 0.022284151152
7,1,2,5, 0.042424909358
7,1,2,6, 0.038973908238
7,1,2,9,-0.039067850708
7,1,4,2, 0.022284151152
7,1,4,7, 0.053437763007
7,1,5,2, 0.042424909358
7,1,5,7, 0.082567554946
7,1,6,2, 0.038973908238
7,1,6,7, 0.059152093189
7,1,7,0, 0.045191131948
7,1,7,1, 0.049235022640
7,1,7,4, 0.053437763007
7,1,7,5, 0.082567554946
7,1,7,6, 0.059152093189
7,1,7,9,-0.006117690413
7,1,9,2,-0.039067850708
7,1,9,7,-0.006117690413
7,2,0,0, 0.363256930022
7,2,0,1, 0.221595357513
7,2,0,4, 0.055382450862
7,2,0,5, 0.226040469982
7,2,0,6, 0.191401808394
7,2,0,9,-0.224124633246
7,2,1,0, 0.221595357513
7,2,1,1, 0.243168503895
7,2,1,4, 0.041010782766
7,2,1,5, 0.191401808394
7,2,1,6, 0.223953348329
7,2,1,9,-0.083343284517
7,2,2,2, 0.365024468353
7,2,2,7, 0.204780700274
7,2,3,3, 0.326291247101
7,2,3,8, 0.179705512485
7,2,4,0, 0.055382450862
7,2,4,1, 0.041010782766
7,2,4,4, 0.343235864921
7,2,4,5, 0.224124633246
7,2,4,6, 0.083343284517
7,2,4,9,-0.101274337113
7,2,5,0, 0.226040469982
7,2,5,1, 0.191401808394
7,2,5,4, 0.224124633246
7,2,5,5, 0.363256930022
7,2,5,6, 0.221595357513
7,2,5,9,-0.055382450862
7,2,6,0, 0.191401808394
7,2,6,1, 0.223953348329
7,2,6,4, 0.083343284517
7,2,6,5, 0.221595357513
7,2,6,6, 0.243168503895
7,2,6,9,-0.041010782766
7,2,7,2, 0.204780700274
7,2,7,7, 0.365024468353
7,2,8,3, 0.179705512485
7,2,8,8, 0.326291247101
7,2,9,0,-0.224124633246
7,2,9,1,-0.083343284517
7,2,9,4,-0.101274337113
7,2,9,5,-0.055382450862
7,2,9,6,-0.041010782766
7,2,9,9, 0.343235864921
7,3,2,3, 0.019366610626
7,3,2,8, 0.012537593894
7,3,3,2, 0.019366610626
7,3,3,7, 0.012537593894
7,3,7,3, 0.012537593894
7,3,7,8, 0.019366610626
7,3,8,2, 0.012537593894
7,3,8,7, 0.019366610626
7,4,0,2, 0.055382450862
7,4,0,7, 0.053247584234
7,4,1,2, 0.041010782766
7,4,1,7, 0.053437763007
7,4,2,0, 0.055382450862
7,4,2,1, 0.041010782766
7,4,2,4, 0.036311228446
7,4,2,5, 0.049256138605
7,4,2,6, 0.039067850708
7,4,2,9,-0.043658376025
7,4,4,2, 0.036311228446
7,4,4,7, 0.068733563814
7,4,5,2, 0.049256138605
7,4,5,7, 0.097567667503
7,4,6,2, 0.039067850708
7,4,6,7, 0.063456599438
7,4,7,0, 0.053247584234
7,4,7,1, 0.053437763007
7,4,7,4, 0.068733563814
7,4,7,5, 0.097567667503
7,4,7,6, 0.063456599438
7,4,7,9,-0.015771753856
7,4,9,2,-0.043658376025
7,4,9,7,-0.015771753856
7,5,0,2, 0.077476272675
7,5,0,7, 0.075136152606
7,5,1,2, 0.059211428679
7,5,1,7, 0.082567554946
7,5,2,0, 0.077476272675
7,5,2,1, 0.059211428679
7,5,2,4, 0.042763942325
7,5,2,5, 0.067886003949
7,5,2,6, 0.055963290643
7,5,2,9,-0.055382450862
7,5,4,2, 0.042763942325
7,5,4,7, 0.097567667503
7,5,5,2, 0.067886003949
7,5,5,7, 0.152608082603
7,5,6,2, 0.055963290643
7,5,6,7, 0.101353944495
7,5,7,0, 0.075136152606
7,5,7,1, 0.082567554946
7,5,7,4, 0.097567667503
7,5,7,5, 0.152608082603
7,5,7,6, 0.101353944495
7,5,9,2,-0.055382450862
7,6,0,2, 0.059211428679
7,6,0,7, 0.051953475003
7,6,1,2, 0.046224749244
7,6,1,7, 0.059152093189
7,6,2,0, 0.059211428679
7,6,2,1, 0.046224749244
7,6,2,4, 0.026425080184
7,6,2,5, 0.047569589460
7,6,2,6, 0.042774277806
7,6,2,9,-0.041010782766
7,6,4,2, 0.026425080184
7,6,4,7, 0.063456599438
7,6,5,2, 0.047569589460
7,6,5,7, 0.101353944495
7,6,6,2, 0.042774277806
7,6,6,7, 0.072461555243
7,6,7,0, 0.051953475003
7,6,7,1, 0.059152093189
7,6,7,4, 0.063456599438
7,6,7,5, 0.101353944495
7,6,7,6, 0.072461555243
7,6,9,2,-0.041010782766
7,7,0,0, 0.574569981279
7,7,0,1, 0.368139875640
7,7,0,4, 0.135366731305
7,7,0,5, 0.410289009639
7,7,0,6, 0.329233566151
7,7,0,9,-0.341219167050
7,7,1,0, 0.368139875640
7,7,1,1, 0.436687401734
7,7,1,4, 0.108867713534
7,7,1,5, 0.381567611415
7,7,1,6, 0.425497313691
7,7,1,9,-0.094660743256
7,7,2,2, 0.566162146913
7,7,2,7, 0.365024468353
7,7,3,3, 0.527694445308
7,7,3,8, 0.326291247101
7,7,4,0, 0.135366731305
7,7,4,1, 0.108867713534
7,7,4,4, 0.597665058499
7,7,4,5, 0.457723600520
7,7,4,6, 0.184084537454
7,7,4,9,-0.159795655667
7,7,5,0, 0.410289009639
7,7,5,1, 0.381567611415
7,7,5,4, 0.457723600520
7,7,5,5, 0.775037038942
7,7,5,6, 0.462081934851
7,7,6,0, 0.329233566151
7,7,6,1, 0.425497313691
7,7,6,4, 0.184084537454
7,7,6,5, 0.462081934851
7,7,6,6, 0.491073083906
7,7,7,2, 0.365024468353
7,7,7,7, 0.785718708997
7,7,8,3, 0.326291247101
7,7,8,8, 0.689508254834
7,7,9,0,-0.341219167050
7,7,9,1,-0.094660743256
7,7,9,4,-0.159795655667
7,7,9,9, 0.689508254834
7,8,2,3, 0.019233850803
7,8,2,8, 0.019366610626
7,8,3,2, 0.019233850803
7,8,3,7, 0.019366610626
7,8,7,3, 0.019366610626
7,8,7,8, 0.048105227081
7,8,8,2, 0.019366610626
7,8,8,7, 0.048105227081
7,9,0,2,-0.042763942325
7,9,0,7,-0.019636164049
7,9,1,2,-0.026425080184
7,9,1,7,-0.006117690413
7,9,2,0,-0.042763942325
7,9,2,1,-0.026425080184
7,9,2,4,-0.014247433739
7,9,2,5,-0.023926544889
7,9,2,6,-0.022284151152
7,9,2,9, 0.036311228446
7,9,4,2,-0.014247433739
7,9,4,7,-0.015771753856
7,9,5,2,-0.023926544889
7,9,6,2,-0.022284151152
7,9,7,0,-0.019636164049
7,9,7,1,-0.006117690413
7,9,7,4,-0.015771753856
7,9,7,9, 0.048105227081
7,9,9,2, 0.036311228446
7,9,9,7, 0.048105227081
8,0,0,3, 0.067886003949
8,0,0,8, 0.047584666194
8,0,1,3, 0.047569589460
8,0,1,8, 0.045191131948
8,0,3,0, 0.067886003949
8,0,3,1, 0.047569589460
8,0,3,4, 0.023926544889
8,0,3,5, 0.046807085927
8,0,3,6, 0.042424909358
8,0,3,9,-0.049256138605
8,0,4,3, 0.023926544889
8,0,4,8, 0.053247584234
8,0,5,3, 0.046807085927
8,0,5,8, 0.075136152606
8,0,6,3, 0.042424909358
8,0,6,8, 0.051953475003
8,0,8,0, 0.047584666194
8,0,8,1, 0.045191131948
8,0,8,4, 0.053247584234
8,0,8,5, 0.075136152606
8,0,8,6, 0.051953475003
8,0,8,9,-0.019636164049
8,0,9,3,-0.049256138605
8,0,9,8,-0.019636164049
8,1,0,3, 0.055963290643
8,1,0,8, 0.045191131948
8,1,1,3, 0.042774277806
8,1,1,8, 0.049235022640
8,1,3,0, 0.055963290643
8,1,3,1, 0.042774277806
8,1,3,4, 0.022284151152
8,1,3,5, 0.042424909358
8,1,3,6, 0.038973908238
8,1,3,9,-0.039067850708
8,1,4,3, 0.022284151152
8,1,4,8, 0.053437763007
8,1,5,3, 0.042424909358
8,1,5,8, 0.082567554946
8,1,6,3, 0.038973908238
8,1,6,8, 0.059152093189
8,1,8,0, 0.045191131948
8,1,8,1, 0.049235022640
8,1,8,4, 0.053437763007
8,1,8,5, 0.082567554946
8,1,8,6, 0.059152093189
8,1,8,9,-0.006117690413
8,1,9,3,-0.039067850708
8,1,9,8,-0.006117690413
8,2,2,3, 0.019366610626
8,2,2,8, 0.012537593894
8,2,3,2, 0.019366610626
8,2,3,7, 0.012537593894
8,2,7,3, 0.012537593894
8,2,7,8, 0.019366610626
8,2,8,2, 0.012537593894
8,2,8,7, 0.019366610626
8,3,0,0, 0.363256930022
8,3,0,1, 0.221595357513
8,3,0,4, 0.055382450862
8,3,0,5, 0.226040469982
8,3,0,6, 0.191401808394
8,3,0,9,-0.224124633246
8,3,1,0, 0.221595357513
8,3,1,1, 0.243168503895
8,3,1,4, 0.041010782766
8,3,1,5, 0.191401808394
8,3,1,6, 0.223953348329
8,3,1,9,-0.083343284517
8,3,2,2, 0.326291247101
8,3,2,7, 0.179705512485
8,3,3,3, 0.365024468353
8,3,3,8, 0.204780700274
8,3,4,0, 0.055382450862
8,3,4,1, 0.041010782766
8,3,4,4, 0.343235864921
8,3,4,5, 0.224124633246
8,3,4,6, 0.083343284517
8,3,4,9,-0.101274337113
8,3,5,0, 0.226040469982
8,3,5,1, 0.191401808394
8,3,5,4, 0.224124633246
8,3,5,5, 0.363256930022
8,3,5,6, 0.221595357513
8,3,5,9,-0.055382450862
8,3,6,0, 0.191401808394
8,3,6,1, 0.223953348329
8,3,6,4, 0.083343284517
8,3,6,5, 0.221595357513
8,3,6,6, 0.243168503895
8,3,6,9,-0.041010782766
8,3,7,2, 0.179705512485
8,3,7,7, 0.326291247101
8,3,8,3, 0.204780700274
8,3,8,8, 0.365024468353
8,3,9,0,-0.224124633246
8,3,9,1,-0.083343284517
8,3,9,4,-0.101274337113
8,3,9,5,-0.055382450862
8,3,9,6,-0.041010782766
8,3,9,9, 0.343235864921
8,4,0,3, 0.055382450862
8,4,0,8, 0.053247584234
8,4,1,3, 0.041010782766
8,4,1,8, 0.053437763007
8,4,3,0, 0.055382450862
8,4,3,1, 0.041010782766
8,4,3,4, 0.036311228446
8,4,3,5, 0.049256138605
8,4,3,6, 0.039067850708
8,4,3,9,-0.043658376025
8,4,4,3, 0.036311228446
8,4,4,8, 0.068733563814
8,4,5,3, 0.049256138605
8,4,5,8, 0.097567667503
8,4,6,3, 0.039067850708
8,4,6,8, 0.063456599438
8,4,8,0, 0.053247584234
8,4,8,1, 0.053437763007
8,4,8,4, 0.068733563814
8,4,8,5, 0.097567667503
8,4,8,6, 0.063456599438
8,4,8,9,-0.015771753856
8,4,9,3,-0.043658376025
8,4,9,8,-0.015771753856
8,5,0,3, 0.077476272675
8,5,0,8, 0.075136152606
8,5,1,3, 0.059211428679
8,5,1,8, 0.082567554946
8,5,3,0, 0.077476272675
8,5,3,1, 0.059211428679
8,5,3,4, 0.042763942325
8,5,3,5, 0.067886003949
8,5,3,6, 0.055963290643
8,5,3,9,-0.055382450862
8,5,4,3, 0.042763942325
8,5,4,8, 0.097567667503
8,5,5,3, 0.067886003949
8,5,5,8, 0.152608082603
8,5,6,3, 0.055963290643
8,5,6,8, 0.101353944495
8,5,8,0, 0.075136152606
8,5,8,1, 0.082567554946
8,5,8,4, 0.097567667503
8,5,8,5, 0.152608082603
8,5,8,6, 0.101353944495
8,5,9,3,-0.055382450862
8,6,0,3, 0.059211428679
8,6,0,8, 0.051953475003
8,6,1,3, 0.046224749244
8,6,1,8, 0.059152093189
8,6,3,0, 0.059211428679
8,6,3,1, 0.046224749244
8,6,3,4, 0.026425080184
8,6,3,5, 0.047569589460
8,6,3,6, 0.042774277806
8,6,3,9,-0.041010782766
8,6,4,3, 0.026425080184
8,6,4,8, 0.063456599438
8,6,5,3, 0.047569589460
8,6,5,8, 0.101353944495
8,6,6,3, 0.042774277806
8,6,6,8, 0.072461555243
8,6,8,0, 0.051953475003
8,6,8,1, 0.059152093189
8,6,8,4, 0.063456599438
8,6,8,5, 0.101353944495
8,6,8,6, 0.072461555243
8,6,9,3,-0.041010782766
8,7,2,3, 0.019233850803
8,7,2,8, 0.019366610626
8,7,3,2, 0.019233850803
8,7,3,7, 0.019366610626
8,7,7,3, 0.019366610626
8,7,7,8, 0.048105227081
8,7,8,2, 0.019366610626
8,7,8,7, 0.048105227081
8,8,0,0, 0.574569981279
8,8,0,1, 0.368139875640
8,8,0,4, 0.135366731305
8,8,0,5, 0.410289009639
8,8,0,6, 0.329233566151
8,8,0,9,-0.341219167050
8,8,1,0, 0.368139875640
8,8,1,1, 0.436687401734
8,8,1,4, 0.108867713534
8,8,1,5, 0.381567611415
8,8,1,6, 0.425497313691
8,8,1,9,-0.094660743256
8,8,2,2, 0.527694445308
8,8,2,7, 0.326291247101
8,8,3,3, 0.566162146913
8,8,3,8, 0.365024468353
8,8,4,0, 0.135366731305
8,8,4,1, 0.108867713534
8,8,4,4, 0.597665058499
8,8,4,5, 0.457723600520
8,8,4,6, 0.184084537454
8,8,4,9,-0.159795655667
8,8,5,0, 0.410289009639
8,8,5,1, 0.381567611415
8,8,5,4, 0.457723600520
8,8,5,5, 0.775037038942
8,8,5,6, 0.462081934851
8,8,6,0, 0.329233566151
8,8,6,1, 0.425497313691
8,8,6,4, 0.184084537454
8,8,6,5, 0.462081934851
8,8,6,6, 0.491073083906
8,8,7,2, 0.326291247101
8,8,7,7, 0.689508254834
8,8,8,3, 0.365024468353
8,8,8,8, 0.785718708997
8,8,9,0,-0.341219167050
8,8,9,1,-0.094660743256
8,8,9,4,-0.159795655667
8,8,9,9, 0.689508254834
8,9,0,3,-0.042763942325
8,9,0,8,-0.019636164049
8,9,1,3,-0.026425080184
8,9,1,8,-0.006117690413
8,9,3,0,-0.042763942325
8,9,3,1,-0.026425080184
8,9,3,4,-0.014247433739
8,9,3,5,-0.023926544889
8,9,3,6,-0.022284151152
8,9,3,9, 0.036311228446
8,9,4,3,-0.014247433739
8,9,4,8,-0.015771753856
8,9,5,3,-0.023926544889
8,9,6,3,-0.022284151152
8,9,8,0,-0.019636164049
8,9,8,1,-0.006117690413
8,9,8,4,-0.015771753856
8,9,8,9, 0.048105227081
8,9,9,3, 0.036311228446
8,9,9,8, 0.048105227081
9,0,0,0,-0.533448582438
9,0,0,1,-0.294910172758
9,0,0,4,-0.040511285711
9,0,0,5,-0.285092930048
9,0,0,6,-0.246684325431
9,0,0,9, 0.335400102931
9,0,1,0,-0.294910172758
9,0,1,1,-0.286792200124
9,0,1,4,-0.023514559184
9,0,1,5,-0.210688267336
9,0,1,6,-0.250696599901
9,0,1,9, 0.136113749217
9,0,2,2,-0.457723600520
9,0,2,7,-0.224124633246
9,0,3,3,-0.457723600520
9,0,3,8,-0.224124633246
9,0,4,0,-0.040511285711
9,0,4,1,-0.023514559184
9,0,4,4,-0.450626089033
9,0,4,5,-0.244166049930
9,0,4,6,-0.077195898316
9,0,4,9, 0.139539171359
9,0,5,0,-0.285092930048
9,0,5,1,-0.210688267336
9,0,5,4,-0.244166049930
9,0,5,5,-0.378974661895
9,0,5,6,-0.232265230295
9,0,5,9, 0.130427192991
9,0,6,0,-0.246684325431
9,0,6,1,-0.250696599901
9,0,6,4,-0.077195898316
9,0,6,5,-0.232265230295
9,0,6,6,-0.256494284292
9,0,6,9, 0.092838590479
9,0,7,2,-0.224124633246
9,0,7,7,-0.341219167050
9,0,8,3,-0.224124633246
9,0,8,8,-0.341219167050
9,0,9,0, 0.335400102931
9,0,9,1, 0.136113749217
9,0,9,4, 0.139539171359
9,0,9,5, 0.130427192991
9,0,9,6, 0.092838590479
9,0,9,9,-0.401366920740
9,1,0,0,-0.207526596171
9,1,0,1,-0.113475595636
9,1,0,4,-0.008491188380
9,1,0,5,-0.101907901007
9,1,0,6,-0.092368303315
9,1,0,9, 0.136113749217
9,1,1,0,-0.113475595636
9,1,1,1,-0.103204945345
9,1,1,4,-0.001320261782
9,1,1,5,-0.065141049989
9,1,1,6,-0.082528344856
9,1,1,9, 0.068392802383
9,1,2,2,-0.184084537454
9,1,2,7,-0.083343284517
9,1,3,3,-0.184084537454
9,1,3,8,-0.083343284517
9,1,4,0,-0.008491188380
9,1,4,1,-0.001320261782
9,1,4,4,-0.170143135544
9,1,4,5,-0.077195898316
9,1,4,6,-0.020767169893
9,1,4,9, 0.060756480325
9,1,5,0,-0.101907901007
9,1,5,1,-0.065141049989
9,1,5,4,-0.077195898316
9,1,5,5,-0.102309434786
9,1,5,6,-0.064018673520
9,1,5,9, 0.085979807669
9,1,6,0,-0.092368303315
9,1,6,1,-0.082528344856
9,1,6,4,-0.020767169893
9,1,6,5,-0.064018673520
9,1,6,6,-0.073233046338
9,1,6,9, 0.061839496973
9,1,7,2,-0.083343284517
9,1,7,7,-0.094660743256
9,1,8,3,-0.083343284517
9,1,8,8,-0.094660743256
9,1,9,0, 0.136113749217
9,1,9,1, 0.068392802383
9,1,9,4, 0.060756480325
9,1,9,5, 0.085979807669
9,1,9,6, 0.061839496973
9,1,9,9,-0.107114181969
9,2,0,2,-0.097567667503
9,2,0,7,-0.049256138605
9,2,1,2,-0.063456599438
9,2,1,7,-0.039067850708
9,2,2,0,-0.097567667503
9,2,2,1,-0.063456599438
9,2,2,4,-0.015771753856
9,2,2,5,-0.053247584234
9,2,2,6,-0.053437763007
9,2,2,9, 0.068733563814
9,2,4,2,-0.015771753856
9,2,4,7,-0.043658376025
9,2,5,2,-0.053247584234
9,2,5,7,-0.055382450862
9,2,6,2,-0.053437763007
9,2,6,7,-0.041010782766
9,2,7,0,-0.049256138605
9,2,7,1,-0.039067850708
9,2,7,4,-0.043658376025
9,2,7,5,-0.055382450862
9,2,7,6,-0.041010782766
9,2,7,9, 0.036311228446
9,2,9,2, 0.068733563814
9,2,9,7, 0.036311228446
9,3,0,3,-0.097567667503
9,3,0,8,-0.049256138605
9,3,1,3,-0.063456599438
9,3,1,8,-0.039067850708
9,3,3,0,-0.097567667503
9,3,3,1,-0.063456599438
9,3,3,4,-0.015771753856
9,3,3,5,-0.053247584234
9,3,3,6,-0.053437763007
9,3,3,9, 0.068733563814
9,3,4,3,-0.015771753856
9,3,4,8,-0.043658376025
9,3,5,3,-0.053247584234
9,3,5,8,-0.055382450862
9,3,6,3,-0.053437763007
9,3,6,8,-0.041010782766
9,3,8,0,-0.049256138605
9,3,8,1,-0.039067850708
9,3,8,4,-0.043658376025
9,3,8,5,-0.055382450862
9,3,8,6,-0.041010782766
9,3,8,9, 0.036311228446
9,3,9,3, 0.068733563814
9,3,9,8, 0.036311228446
9,4,0,0,-0.184392959181
9,4,0,1,-0.103169444902
9,4,0,4,-0.079943976360
9,4,0,5,-0.128070495493
9,4,0,6,-0.092871581750
9,4,0,9, 0.139539171359
9,4,1,0,-0.103169444902
9,4,1,1,-0.098454876891
9,4,1,4,-0.047761505439
9,4,1,5,-0.092871581750
9,4,1,6,-0.092337764753
9,4,1,9, 0.060756480325
9,4,2,2,-0.159795655667
9,4,2,7,-0.101274337113
9,4,3,3,-0.159795655667
9,4,3,8,-0.101274337113
9,4,4,0,-0.079943976360
9,4,4,1,-0.047761505439
9,4,4,4,-0.170831757930
9,4,4,5,-0.139539171359
9,4,4,6,-0.060756480325
9,4,4,9, 0.096207568810
9,4,5,0,-0.128070495493
9,4,5,1,-0.092871581750
9,4,5,4,-0.139539171359
9,4,5,5,-0.184392959181
9,4,5,6,-0.103169444902
9,4,5,9, 0.079943976360
9,4,6,0,-0.092871581750
9,4,6,1,-0.092337764753
9,4,6,4,-0.060756480325
9,4,6,5,-0.103169444902
9,4,6,6,-0.098454876891
9,4,6,9, 0.047761505439
9,4,7,2,-0.101274337113
9,4,7,7,-0.159795655667
9,4,8,3,-0.101274337113
9,4,8,8,-0.159795655667
9,4,9,0, 0.139539171359
9,4,9,1, 0.060756480325
9,4,9,4, 0.096207568810
9,4,9,5, 0.079943976360
9,4,9,6, 0.047761505439
9,4,9,9,-0.170831757930
9,5,0,0,-0.165926268936
9,5,0,1,-0.078823562157
9,5,0,4,-0.017847236891
9,5,0,5,-0.070080019662
9,5,0,6,-0.061496388592
9,5,0,9, 0.130427192991
9,5,1,0,-0.078823562157
9,5,1,1,-0.047567440340
9,5,1,4,-0.000463163719
9,5,1,5,-0.018526709662
9,5,1,6,-0.025070096169
9,5,1,9, 0.085979807669
9,5,2,2,-0.135366731305
9,5,2,7,-0.055382450862
9,5,3,3,-0.135366731305
9,5,3,8,-0.055382450862
9,5,4,0,-0.017847236891
9,5,4,1,-0.000463163719
9,5,4,4,-0.121511889271
9,5,4,5,-0.040511285711
9,5,4,6,-0.008491188380
9,5,4,9, 0.079943976360
9,5,5,0,-0.070080019662
9,5,5,1,-0.018526709662
9,5,5,4,-0.040511285711
9,5,5,9, 0.152608082603
9,5,6,0,-0.061496388592
9,5,6,1,-0.025070096169
9,5,6,4,-0.008491188380
9,5,6,9, 0.101353944495
9,5,7,2,-0.055382450862
9,5,8,3,-0.055382450862
9,5,9,0, 0.130427192991
9,5,9,1, 0.085979807669
9,5,9,4, 0.079943976360
9,5,9,5, 0.152608082603
9,5,9,6, 0.101353944495
9,6,0,0,-0.126880493840
9,6,0,1,-0.062408895561
9,6,0,4,-0.000463163719
9,6,0,5,-0.049698028375
9,6,0,6,-0.047733485009
9,6,0,9, 0.092838590479
9,6,1,0,-0.062408895561
9,6,1,1,-0.040539996609
9,6,1,4, 0.006688542998
9,6,1,5,-0.013876120501
9,6,1,6,-0.021116938575
9,6,1,9, 0.061839496973
9,6,2,2,-0.108867713534
9,6,2,7,-0.041010782766
9,6,3,3,-0.108867713534
9,6,3,8,-0.041010782766
9,6,4,0,-0.000463163719
9,6,4,1, 0.006688542998
9,6,4,4,-0.090912557172
9,6,4,5,-0.023514559184
9,6,4,6,-0.001320261782
9,6,4,9, 0.047761505439
9,6,5,0,-0.049698028375
9,6,5,1,-0.013876120501
9,6,5,4,-0.023514559184
9,6,5,9, 0.101353944495
9,6,6,0,-0.047733485009
9,6,6,1,-0.021116938575
9,6,6,4,-0.001320261782
9,6,6,9, 0.072461555243
9,6,7,2,-0.041010782766
9,6,8,3,-0.041010782766
9,6,9,0, 0.092838590479
9,6,9,1, 0.061839496973
9,6,9,4, 0.047761505439
9,6,9,5, 0.101353944495
9,6,9,6, 0.072461555243
9,7,0,2,-0.042763942325
9,7,0,7,-0.019636164049
9,7,1,2,-0.026425080184
9,7,1,7,-0.006117690413
9,7,2,0,-0.042763942325
9,7,2,1,-0.026425080184
9,7,2,4,-0.014247433739
9,7,2,5,-0.023926544889
9,7,2,6,-0.022284151152
9,7,2,9, 0.036311228446
9,7,4,2,-0.014247433739
9,7,4,7,-0.015771753856
9,7,5,2,-0.023926544889
9,7,6,2,-0.022284151152
9,7,7,0,-0.019636164049
9,7,7,1,-0.006117690413
9,7,7,4,-0.015771753856
9,7,7,9, 0.048105227081
9,7,9,2, 0.036311228446
9,7,9,7, 0.048105227081
9,8,0,3,-0.042763942325
9,8,0,8,-0.019636164049
9,8,1,3,-0.026425080184
9,8,1,8,-0.006117690413
9,8,3,0,-0.042763942325
9,8,3,1,-0.026425080184
9,8,3,4,-0.014247433739
9,8,3,5,-0.023926544889
9,8,3,6,-0.022284151152
9,8,3,9, 0.036311228446
9,8,4,3,-0.014247433739
9,8,4,8,-0.015771753856
9,8,5,3,-0.023926544889
9,8,6,3,-0.022284151152
9,8,8,0,-0.019636164049
9,8,8,1,-0.006117690413
9,8,8,4,-0.015771753856
9,8,8,9, 0.048105227081
9,8,9,3, 0.036311228446
9,8,9,8, 0.048105227081
9,9,0,0, 0.670011585404
9,9,0,1, 0.400749170585
9,9,0,4, 0.121511889271
9,9,0,5, 0.434173089089
9,9,0,6, 0.351631207486
9,9,0,9,-0.401366920740
9,9,1,0, 0.400749170585
9,9,1,1, 0.445410861707
9,9,1,4, 0.090912557172
9,9,1,5, 0.383049328553
9,9,1,6, 0.427885853112
9,9,1,9,-0.107114181969
9,9,2,2, 0.597665058499
9,9,2,7, 0.343235864921
9,9,3,3, 0.597665058499
9,9,3,8, 0.343235864921
9,9,4,0, 0.121511889271
9,9,4,1, 0.090912557172
9,9,4,4, 0.637959317161
9,9,4,5, 0.450626089033
9,9,4,6, 0.170143135544
9,9,4,9,-0.170831757930
9,9,5,0, 0.434173089089
9,9,5,1, 0.383049328553
9,9,5,4, 0.450626089033
9,9,5,5, 0.775037038942
9,9,5,6, 0.462081934851
9,9,6,0, 0.351631207486
9,9,6,1, 0.427885853112
9,9,6,4, 0.170143135544
9,9,6,5, 0.462081934851
9,9,6,6, 0.491073083906
9,9,7,2, 0.343235864921
9,9,7,7, 0.689508254834
9,9,8,3, 0.343235864921
9,9,8,8, 0.689508254834
9,9,9,0,-0.401366920740
9,9,9,1,-0.107114181969
9,9,9,4,-0.170831757930
9,9,9,9, 0.785718708997
