0,0,0,0, 0.897251802255
0,0,0,1, 0.504699283325
0,0,0,5, 0.049908032672
0,0,0,6, 0.186136162805
0,0,0,9,-0.067510800954
0,0,1,0, 0.504699283325
0,0,1,1, 0.507364877272
0,0,1,5, 0.104778071875
0,0,1,6, 0.242439242597
0,0,1,9,-0.089265364082
0,0,2,2, 0.775037038942
0,0,2,7, 0.016273864822
0,0,3,3, 0.775037038942
0,0,3,8, 0.016273864822
0,0,4,4, 0.775037038942
0,0,4,5, 0.066409353692
0,0,4,6, 0.101505592271
0,0,4,9,-0.106953453148
0,0,5,0, 0.049908032672
0,0,5,1, 0.104778071875
0,0,5,4, 0.066409353692
0,0,5,5, 0.322039808416
0,0,5,6, 0.219450890345
0,0,5,9,-0.064591366696
0,0,6,0, 0.186136162805
0,0,6,1, 0.242439242597
0,0,6,4, 0.101505592271
0,0,6,5, 0.219450890345
0,0,6,6, 0.306672119179
0,0,6,9,-0.059680309660
0,0,7,2, 0.016273864822
0,0,7,7, 0.310903409124
0,0,8,3, 0.016273864822
0,0,8,8, 0.310903409124
0,0,9,0,-0.067510800954
0,0,9,1,-0.089265364082
0,0,9,4,-0.106953453148
0,0,9,5,-0.064591366696
0,0,9,6,-0.059680309660
0,0,9,9, 0.344125296827
0,1,0,0, 0.504699283325
0,1,0,1, 0.300015949963
0,1,0,5, 0.031448193881
0,1,0,6, 0.112092277256
0,1,0,9,-0.042843078403
0,1,1,0, 0.300015949963
0,1,1,1, 0.324022459289
0,1,1,5, 0.069886433039
0,1,1,6, 0.157741647074
0,1,1,9,-0.058547731345
0,1,2,2, 0.462081934851
0,1,2,7, 0.010567052930
0,1,3,3, 0.462081934851
0,1,3,8, 0.010567052930
0,1,4,4, 0.462081934851
0,1,4,5, 0.042381171999
0,1,4,6, 0.063787953631
0,1,4,9,-0.068350596337
0,1,5,0, 0.031448193881
0,1,5,1, 0.069886433039
0,1,5,4, 0.042381171999
0,1,5,5, 0.219450890345
0,1,5,6, 0.148869732311
0,1,5,9,-0.042499487710
0,1,6,0, 0.112092277256
0,1,6,1, 0.157741647074
0,1,6,4, 0.063787953631
0,1,6,5, 0.148869732311
0,1,6,6, 0.206170646234
0,1,6,9,-0.038721878639
0,1,7,2, 0.010567052930
0,1,7,7, 0.212361719123
0,1,8,3, 0.010567052930
0,1,8,8, 0.212361719123
0,1,9,0,-0.042843078403
0,1,9,1,-0.058547731345
0,1,9,4,-0.068350596337
0,1,9,5,-0.042499487710
0,1,9,6,-0.038721878639
0,1,9,9, 0.232587378218
0,2,0,2, 0.152608082603
0,2,0,7, 0.002872621942
0,2,1,2, 0.101353944495
0,2,1,7, 0.006769151045
0,2,2,0, 0.152608082603
0,2,2,1, 0.101353944495
0,2,2,5, 0.005562320041
0,2,2,6, 0.034945713168
0,2,2,9,-0.006275778670
0,2,4,7, 0.003958013200
0,2,5,2, 0.005562320041
0,2,5,7, 0.013170756121
0,2,6,2, 0.034945713168
0,2,6,7, 0.012188901807
0,2,7,0, 0.002872621942
0,2,7,1, 0.006769151045
0,2,7,4, 0.003958013200
0,2,7,5, 0.013170756121
0,2,7,6, 0.012188901807
0,2,7,9,-0.006843143192
0,2,9,2,-0.006275778670
0,2,9,7,-0.006843143192
0,3,0,3, 0.152608082603
0,3,0,8, 0.002872621942
0,3,1,3, 0.101353944495
0,3,1,8, 0.006769151045
0,3,3,0, 0.152608082603
0,3,3,1, 0.101353944495
0,3,3,5, 0.005562320041
0,3,3,6, 0.034945713168
0,3,3,9,-0.006275778670
0,3,4,8, 0.003958013200
0,3,5,3, 0.005562320041
0,3,5,8, 0.013170756121
0,3,6,3, 0.034945713168
0,3,6,8, 0.012188901807
0,3,8,0, 0.002872621942
0,3,8,1, 0.006769151045
0,3,8,4, 0.003958013200
0,3,8,5, 0.013170756121
0,3,8,6, 0.012188901807
0,3,8,9,-0.006843143192
0,3,9,3,-0.006275778670
0,3,9,8,-0.006843143192
0,4,0,4, 0.152608082603
0,4,0,5, 0.011854472485
0,4,0,6, 0.018350000222
0,4,0,9,-0.018422551714
0,4,1,4, 0.101353944495
0,4,1,5, 0.022380521731
0,4,1,6, 0.028284945555
0,4,1,9,-0.023989053943
0,4,2,7, 0.003958013200
0,4,3,8, 0.003958013200
0,4,4,0, 0.152608082603
0,4,4,1, 0.101353944495
0,4,4,5, 0.018935472173
0,4,4,6, 0.042492634813
0,4,4,9,-0.031680987339
0,4,5,0, 0.011854472485
0,4,5,1, 0.022380521731
0,4,5,4, 0.018935472173
0,4,5,5, 0.064591366696
0,4,5,6, 0.042499487710
0,4,5,9,-0.025130837535
0,4,6,0, 0.018350000222
0,4,6,1, 0.028284945555
0,4,6,4, 0.042492634813
0,4,6,5, 0.042499487710
0,4,6,6, 0.047779029024
0,4,6,9,-0.021993265074
0,4,7,2, 0.003958013200
0,4,7,7, 0.058270188330
0,4,8,3, 0.003958013200
0,4,8,8, 0.058270188330
0,4,9,0,-0.018422551714
0,4,9,1,-0.023989053943
0,4,9,4,-0.031680987339
0,4,9,5,-0.025130837535
0,4,9,6,-0.021993265074
0,4,9,9, 0.076959717632
0,5,0,0, 0.049908032672
0,5,0,1, 0.031448193881
0,5,0,4, 0.011854472485
0,5,0,5, 0.005621087028
0,5,0,6, 0.014213779987
0,5,0,9,-0.008106685054
0,5,1,0, 0.031448193881
0,5,1,1, 0.037023217213
0,5,1,4, 0.009367205537
0,5,1,5, 0.014213779987
0,5,1,6, 0.023744496394
0,5,1,9,-0.012149315622
0,5,2,2, 0.046026704452
0,5,2,7, 0.001913110318
0,5,3,3, 0.046026704452
0,5,3,8, 0.001913110318
0,5,4,0, 0.011854472485
0,5,4,1, 0.009367205537
0,5,4,4, 0.051874083193
0,5,4,5, 0.008106685054
0,5,4,6, 0.012149315622
0,5,4,9,-0.013417700510
0,5,5,0, 0.005621087028
0,5,5,1, 0.014213779987
0,5,5,4, 0.008106685054
0,5,5,5, 0.049908032672
0,5,5,6, 0.031448193881
0,5,5,9,-0.011854472485
0,5,6,0, 0.014213779987
0,5,6,1, 0.023744496394
0,5,6,4, 0.012149315622
0,5,6,5, 0.031448193881
0,5,6,6, 0.037023217213
0,5,6,9,-0.009367205537
0,5,7,2, 0.001913110318
0,5,7,7, 0.046026704452
0,5,8,3, 0.001913110318
0,5,8,8, 0.046026704452
0,5,9,0,-0.008106685054
0,5,9,1,-0.012149315622
0,5,9,4,-0.013417700510
0,5,9,5,-0.011854472485
0,5,9,6,-0.009367205537
0,5,9,9, 0.051874083193
0,6,0,0, 0.186136162805
0,6,0,1, 0.112092277256
0,6,0,4, 0.018350000222
0,6,0,5, 0.014213779987
0,6,0,6, 0.045019478021
0,6,0,9,-0.019803851572
0,6,1,0, 0.112092277256
0,6,1,1, 0.123512772001
0,6,1,4, 0.013908891618
0,6,1,5, 0.032629331414
0,6,1,6, 0.066695047244
0,6,1,9,-0.027812803063
0,6,2,2, 0.171204946291
0,6,2,7, 0.004838763135
0,6,3,3, 0.171204946291
0,6,3,8, 0.004838763135
0,6,4,0, 0.018350000222
0,6,4,1, 0.013908891618
0,6,4,4, 0.174494745851
0,6,4,5, 0.019703795588
0,6,4,6, 0.030723331021
0,6,4,9,-0.032049631628
0,6,5,0, 0.014213779987
0,6,5,1, 0.032629331414
0,6,5,4, 0.019703795588
0,6,5,5, 0.104778071875
0,6,5,6, 0.069886433039
0,6,5,9,-0.022380521731
0,6,6,0, 0.045019478021
0,6,6,1, 0.066695047244
0,6,6,4, 0.030723331021
0,6,6,5, 0.069886433039
0,6,6,6, 0.092323376380
0,6,6,9,-0.019621948656
0,6,7,2, 0.004838763135
0,6,7,7, 0.100385764865
0,6,8,3, 0.004838763135
0,6,8,8, 0.100385764865
0,6,9,0,-0.019803851572
0,6,9,1,-0.027812803063
0,6,9,4,-0.032049631628
0,6,9,5,-0.022380521731
0,6,9,6,-0.019621948656
0,6,9,9, 0.111187069488
0,7,0,2, 0.002872621942
0,7,0,7, 0.000548306136
0,7,1,2, 0.002377361547
0,7,1,7, 0.001932145560
0,7,2,0, 0.002872621942
0,7,2,1, 0.002377361547
0,7,2,4, 0.001737986371
0,7,2,5, 0.000460085613
0,7,2,6, 0.001256526626
0,7,2,9,-0.000667366007
0,7,4,2, 0.001737986371
0,7,4,7, 0.000753753458
0,7,5,2, 0.000460085613
0,7,5,7, 0.005562320041
0,7,6,2, 0.001256526626
0,7,6,7, 0.004154736863
0,7,7,0, 0.000548306136
0,7,7,1, 0.001932145560
0,7,7,4, 0.000753753458
0,7,7,5, 0.005562320041
0,7,7,6, 0.004154736863
0,7,7,9,-0.002668901104
0,7,9,2,-0.000667366007
0,7,9,7,-0.002668901104
0,8,0,3, 0.002872621942
0,8,0,8, 0.000548306136
0,8,1,3, 0.002377361547
0,8,1,8, 0.001932145560
0,8,3,0, 0.002872621942
0,8,3,1, 0.002377361547
0,8,3,4, 0.001737986371
0,8,3,5, 0.000460085613
0,8,3,6, 0.001256526626
0,8,3,9,-0.000667366007
0,8,4,3, 0.001737986371
0,8,4,8, 0.000753753458
0,8,5,3, 0.000460085613
0,8,5,8, 0.005562320041
0,8,6,3, 0.001256526626
0,8,6,8, 0.004154736863
0,8,8,0, 0.000548306136
0,8,8,1, 0.001932145560
0,8,8,4, 0.000753753458
0,8,8,5, 0.005562320041
0,8,8,6, 0.004154736863
0,8,8,9,-0.002668901104
0,8,9,3,-0.000667366007
0,8,9,8,-0.002668901104
0,9,0,0,-0.067510800954
0,9,0,1,-0.042843078403
0,9,0,4,-0.018422551714
0,9,0,5,-0.008106685054
0,9,0,6,-0.019803851572
0,9,0,9, 0.011935708022
0,9,1,0,-0.042843078403
0,9,1,1,-0.050394221148
0,9,1,4,-0.014550812277
0,9,1,5,-0.019703795588
0,9,1,6,-0.032672727506
0,9,1,9, 0.017862668437
0,9,2,2,-0.061946955785
0,9,2,7,-0.002755262079
0,9,3,3,-0.061946955785
0,9,3,8,-0.002755262079
0,9,4,0,-0.018422551714
0,9,4,1,-0.014550812277
0,9,4,4,-0.072753592548
0,9,4,5,-0.011926608259
0,9,4,6,-0.017773159181
0,9,4,9, 0.019991465973
0,9,5,0,-0.008106685054
0,9,5,1,-0.019703795588
0,9,5,4,-0.011926608259
0,9,5,5,-0.066409353692
0,9,5,6,-0.042381171999
0,9,5,9, 0.018935472173
0,9,6,0,-0.019803851572
0,9,6,1,-0.032672727506
0,9,6,4,-0.017773159181
0,9,6,5,-0.042381171999
0,9,6,6,-0.050095690418
0,9,6,9, 0.014907347300
0,9,7,2,-0.002755262079
0,9,7,7,-0.061244793544
0,9,8,3,-0.002755262079
0,9,8,8,-0.061244793544
0,9,9,0, 0.011935708022
0,9,9,1, 0.017862668437
0,9,9,4, 0.019991465973
0,9,9,5, 0.018935472173
0,9,9,6, 0.014907347300
0,9,9,9,-0.072315205706
1,0,0,0, 0.504699283325
1,0,0,1, 0.300015949963
1,0,0,5, 0.031448193881
1,0,0,6, 0.112092277256
1,0,0,9,-0.042843078403
1,0,1,0, 0.300015949963
1,0,1,1, 0.324022459289
1,0,1,5, 0.069886433039
1,0,1,6, 0.157741647074
1,0,1,9,-0.058547731345
1,0,2,2, 0.462081934851
1,0,2,7, 0.010567052930
1,0,3,3, 0.462081934851
1,0,3,8, 0.010567052930
1,0,4,4, 0.462081934851
1,0,4,5, 0.042381171999
1,0,4,6, 0.063787953631
1,0,4,9,-0.068350596337
1,0,5,0, 0.031448193881
1,0,5,1, 0.069886433039
1,0,5,4, 0.042381171999
1,0,5,5, 0.219450890345
1,0,5,6, 0.148869732311
1,0,5,9,-0.042499487710
1,0,6,0, 0.112092277256
1,0,6,1, 0.157741647074
1,0,6,4, 0.063787953631
1,0,6,5, 0.148869732311
1,0,6,6, 0.206170646234
1,0,6,9,-0.038721878639
1,0,7,2, 0.010567052930
1,0,7,7, 0.212361719123
1,0,8,3, 0.010567052930
1,0,8,8, 0.212361719123
1,0,9,0,-0.042843078403
1,0,9,1,-0.058547731345
1,0,9,4,-0.068350596337
1,0,9,5,-0.042499487710
1,0,9,6,-0.038721878639
1,0,9,9, 0.232587378218
1,1,0,0, 0.507364877272
1,1,0,1, 0.324022459289
1,1,0,5, 0.037023217213
1,1,0,6, 0.123512772001
1,1,0,9,-0.050394221148
1,1,1,0, 0.324022459289
1,1,1,1, 0.394125899248
1,1,1,5, 0.092323376380
1,1,1,6, 0.199637652801
1,1,1,9,-0.072349963279
1,1,2,2, 0.491073083906
1,1,2,7, 0.012848587111
1,1,3,3, 0.491073083906
1,1,3,8, 0.012848587111
1,1,4,4, 0.491073083906
1,1,4,5, 0.050095690418
1,1,4,6, 0.073510569521
1,1,4,9,-0.080516760166
1,1,5,0, 0.037023217213
1,1,5,1, 0.092323376380
1,1,5,4, 0.050095690418
1,1,5,5, 0.306672119179
1,1,5,6, 0.206170646234
1,1,5,9,-0.047779029024
1,1,6,0, 0.123512772001
1,1,6,1, 0.199637652801
1,1,6,4, 0.073510569521
1,1,6,5, 0.206170646234
1,1,6,6, 0.282032752561
1,1,6,9,-0.042820512653
1,1,7,2, 0.012848587111
1,1,7,7, 0.299495316367
1,1,8,3, 0.012848587111
1,1,8,8, 0.299495316367
1,1,9,0,-0.050394221148
1,1,9,1,-0.072349963279
1,1,9,4,-0.080516760166
1,1,9,5,-0.047779029024
1,1,9,6,-0.042820512653
1,1,9,9, 0.315177255109
1,2,0,2, 0.101353944495
1,2,0,7, 0.002377361547
1,2,1,2, 0.072461555243
1,2,1,7, 0.006055367196
1,2,2,0, 0.101353944495
1,2,2,1, 0.072461555243
1,2,2,5, 0.004154736863
1,2,2,6, 0.025249655384
1,2,2,9,-0.004772734694
1,2,4,7, 0.003266023718
1,2,5,2, 0.004154736863
1,2,5,7, 0.012188901807
1,2,6,2, 0.025249655384
1,2,6,7, 0.011189919588
1,2,7,0, 0.002377361547
1,2,7,1, 0.006055367196
1,2,7,4, 0.003266023718
1,2,7,5, 0.012188901807
1,2,7,6, 0.011189919588
1,2,7,9,-0.006149982227
1,2,9,2,-0.004772734694
1,2,9,7,-0.006149982227
1,3,0,3, 0.101353944495
1,3,0,8, 0.002377361547
1,3,1,3, 0.072461555243
1,3,1,8, 0.006055367196
1,3,3,0, 0.101353944495
1,3,3,1, 0.072461555243
1,3,3,5, 0.004154736863
1,3,3,6, 0.025249655384
1,3,3,9,-0.004772734694
1,3,4,8, 0.003266023718
1,3,5,3, 0.004154736863
1,3,5,8, 0.012188901807
1,3,6,3, 0.025249655384
1,3,6,8, 0.011189919588
1,3,8,0, 0.002377361547
1,3,8,1, 0.006055367196
1,3,8,4, 0.003266023718
1,3,8,5, 0.012188901807
1,3,8,6, 0.011189919588
1,3,8,9,-0.006149982227
1,3,9,3,-0.004772734694
1,3,9,8,-0.006149982227
1,4,0,4, 0.101353944495
1,4,0,5, 0.009367205537
1,4,0,6, 0.013908891618
1,4,0,9,-0.014550812277
1,4,1,4, 0.072461555243
1,4,1,5, 0.019621948656
1,4,1,6, 0.024213658620
1,4,1,9,-0.020268579853
1,4,2,7, 0.003266023718
1,4,3,8, 0.003266023718
1,4,4,0, 0.101353944495
1,4,4,1, 0.072461555243
1,4,4,5, 0.014907347300
1,4,4,6, 0.031229825913
1,4,4,9,-0.025060097796
1,4,5,0, 0.009367205537
1,4,5,1, 0.019621948656
1,4,5,4, 0.014907347300
1,4,5,5, 0.059680309660
1,4,5,6, 0.038721878639
1,4,5,9,-0.021993265074
1,4,6,0, 0.013908891618
1,4,6,1, 0.024213658620
1,4,6,4, 0.031229825913
1,4,6,5, 0.038721878639
1,4,6,6, 0.042820512653
1,4,6,9,-0.018702374981
1,4,7,2, 0.003266023718
1,4,7,7, 0.054267534855
1,4,8,3, 0.003266023718
1,4,8,8, 0.054267534855
1,4,9,0,-0.014550812277
1,4,9,1,-0.020268579853
1,4,9,4,-0.025060097796
1,4,9,5,-0.021993265074
1,4,9,6,-0.018702374981
1,4,9,9, 0.069257378555
1,5,0,0, 0.104778071875
1,5,0,1, 0.069886433039
1,5,0,4, 0.022380521731
1,5,0,5, 0.014213779987
1,5,0,6, 0.032629331414
1,5,0,9,-0.019703795588
1,5,1,0, 0.069886433039
1,5,1,1, 0.092323376380
1,5,1,4, 0.019621948656
1,5,1,5, 0.045019478021
1,5,1,6, 0.066695047244
1,5,1,9,-0.030723331021
1,5,2,2, 0.100385764865
1,5,2,7, 0.004838763135
1,5,3,3, 0.100385764865
1,5,3,8, 0.004838763135
1,5,4,0, 0.022380521731
1,5,4,1, 0.019621948656
1,5,4,4, 0.111187069488
1,5,4,5, 0.019803851572
1,5,4,6, 0.027812803063
1,5,4,9,-0.032049631628
1,5,5,0, 0.014213779987
1,5,5,1, 0.045019478021
1,5,5,4, 0.019803851572
1,5,5,5, 0.186136162805
1,5,5,6, 0.112092277256
1,5,5,9,-0.018350000222
1,5,6,0, 0.032629331414
1,5,6,1, 0.066695047244
1,5,6,4, 0.027812803063
1,5,6,5, 0.112092277256
1,5,6,6, 0.123512772001
1,5,6,9,-0.013908891618
1,5,7,2, 0.004838763135
1,5,7,7, 0.171204946291
1,5,8,3, 0.004838763135
1,5,8,8, 0.171204946291
1,5,9,0,-0.019703795588
1,5,9,1,-0.030723331021
1,5,9,4,-0.032049631628
1,5,9,5,-0.018350000222
1,5,9,6,-0.013908891618
1,5,9,9, 0.174494745851
1,6,0,0, 0.242439242597
1,6,0,1, 0.157741647074
1,6,0,4, 0.028284945555
1,6,0,5, 0.023744496394
1,6,0,6, 0.066695047244
1,6,0,9,-0.032672727506
1,6,1,0, 0.157741647074
1,6,1,1, 0.199637652801
1,6,1,4, 0.024213658620
1,6,1,5, 0.066695047244
1,6,1,6, 0.122027984490
1,6,1,9,-0.048685351035
1,6,2,2, 0.235158287880
1,6,2,7, 0.008307410633
1,6,3,3, 0.235158287880
1,6,3,8, 0.008307410633
1,6,4,0, 0.028284945555
1,6,4,1, 0.024213658620
1,6,4,4, 0.240977926528
1,6,4,5, 0.032672727506
1,6,4,6, 0.048685351035
1,6,4,9,-0.052651988642
1,6,5,0, 0.023744496394
1,6,5,1, 0.066695047244
1,6,5,4, 0.032672727506
1,6,5,5, 0.242439242597
1,6,5,6, 0.157741647074
1,6,5,9,-0.028284945555
1,6,6,0, 0.066695047244
1,6,6,1, 0.122027984490
1,6,6,4, 0.048685351035
1,6,6,5, 0.157741647074
1,6,6,6, 0.199637652801
1,6,6,9,-0.024213658620
1,6,7,2, 0.008307410633
1,6,7,7, 0.235158287880
1,6,8,3, 0.008307410633
1,6,8,8, 0.235158287880
1,6,9,0,-0.032672727506
1,6,9,1,-0.048685351035
1,6,9,4,-0.052651988642
1,6,9,5,-0.028284945555
1,6,9,6,-0.024213658620
1,6,9,9, 0.240977926528
1,7,0,2, 0.006769151045
1,7,0,7, 0.001932145560
1,7,1,2, 0.006055367196
1,7,1,7, 0.009729534626
1,7,2,0, 0.006769151045
1,7,2,1, 0.006055367196
1,7,2,4, 0.003672604470
1,7,2,5, 0.001256526626
1,7,2,6, 0.003268986293
1,7,2,9,-0.001762314090
1,7,4,2, 0.003672604470
1,7,4,7, 0.002362744020
1,7,5,2, 0.001256526626
1,7,5,7, 0.034945713168
1,7,6,2, 0.003268986293
1,7,6,7, 0.025249655384
1,7,7,0, 0.001932145560
1,7,7,1, 0.009729534626
1,7,7,4, 0.002362744020
1,7,7,5, 0.034945713168
1,7,7,6, 0.025249655384
1,7,7,9,-0.005831519200
1,7,9,2,-0.001762314090
1,7,9,7,-0.005831519200
1,8,0,3, 0.006769151045
1,8,0,8, 0.001932145560
1,8,1,3, 0.006055367196
1,8,1,8, 0.009729534626
1,8,3,0, 0.006769151045
1,8,3,1, 0.006055367196
1,8,3,4, 0.003672604470
1,8,3,5, 0.001256526626
1,8,3,6, 0.003268986293
1,8,3,9,-0.001762314090
1,8,4,3, 0.003672604470
1,8,4,8, 0.002362744020
1,8,5,3, 0.001256526626
1,8,5,8, 0.034945713168
1,8,6,3, 0.003268986293
1,8,6,8, 0.025249655384
1,8,8,0, 0.001932145560
1,8,8,1, 0.009729534626
1,8,8,4, 0.002362744020
1,8,8,5, 0.034945713168
1,8,8,6, 0.025249655384
1,8,8,9,-0.005831519200
1,8,9,3,-0.001762314090
1,8,9,8,-0.005831519200
1,9,0,0,-0.089265364082
1,9,0,1,-0.058547731345
1,9,0,4,-0.023989053943
1,9,0,5,-0.012149315622
1,9,0,6,-0.027812803063
1,9,0,9, 0.017862668437
1,9,1,0,-0.058547731345
1,9,1,1,-0.072349963279
1,9,1,4,-0.020268579853
1,9,1,5,-0.030723331021
1,9,1,6,-0.048685351035
1,9,1,9, 0.029399729965
1,9,2,2,-0.083704463115
1,9,2,7,-0.004187648745
1,9,3,3,-0.083704463115
1,9,3,8,-0.004187648745
1,9,4,0,-0.023989053943
1,9,4,1,-0.020268579853
1,9,4,4,-0.097806536254
1,9,4,5,-0.017773159181
1,9,4,6,-0.025390455770
1,9,4,9, 0.029666201215
1,9,5,0,-0.012149315622
1,9,5,1,-0.030723331021
1,9,5,4,-0.017773159181
1,9,5,5,-0.101505592271
1,9,5,6,-0.063787953631
1,9,5,9, 0.042492634813
1,9,6,0,-0.027812803063
1,9,6,1,-0.048685351035
1,9,6,4,-0.025390455770
1,9,6,5,-0.063787953631
1,9,6,6,-0.073510569521
1,9,6,9, 0.031229825913
1,9,7,2,-0.004187648745
1,9,7,7,-0.094044524385
1,9,8,3,-0.004187648745
1,9,8,8,-0.094044524385
1,9,9,0, 0.017862668437
1,9,9,1, 0.029399729965
1,9,9,4, 0.029666201215
1,9,9,5, 0.042492634813
1,9,9,6, 0.031229825913
1,9,9,9,-0.106792412693
2,0,0,2, 0.152608082603
2,0,0,7, 0.002872621942
2,0,1,2, 0.101353944495
2,0,1,7, 0.006769151045
2,0,2,0, 0.152608082603
2,0,2,1, 0.101353944495
2,0,2,5, 0.005562320041
2,0,2,6, 0.034945713168
2,0,2,9,-0.006275778670
2,0,4,7, 0.003958013200
2,0,5,2, 0.005562320041
2,0,5,7, 0.013170756121
2,0,6,2, 0.034945713168
2,0,6,7, 0.012188901807
2,0,7,0, 0.002872621942
2,0,7,1, 0.006769151045
2,0,7,4, 0.003958013200
2,0,7,5, 0.013170756121
2,0,7,6, 0.012188901807
2,0,7,9,-0.006843143192
2,0,9,2,-0.006275778670
2,0,9,7,-0.006843143192
2,1,0,2, 0.101353944495
2,1,0,7, 0.002377361547
2,1,1,2, 0.072461555243
2,1,1,7, 0.006055367196
2,1,2,0, 0.101353944495
2,1,2,1, 0.072461555243
2,1,2,5, 0.004154736863
2,1,2,6, 0.025249655384
2,1,2,9,-0.004772734694
2,1,4,7, 0.003266023718
2,1,5,2, 0.004154736863
2,1,5,7, 0.012188901807
2,1,6,2, 0.025249655384
2,1,6,7, 0.011189919588
2,1,7,0, 0.002377361547
2,1,7,1, 0.006055367196
2,1,7,4, 0.003266023718
2,1,7,5, 0.012188901807
2,1,7,6, 0.011189919588
2,1,7,9,-0.006149982227
2,1,9,2,-0.004772734694
2,1,9,7,-0.006149982227
2,2,0,0, 0.775037038942
2,2,0,1, 0.462081934851
2,2,0,5, 0.046026704452
2,2,0,6, 0.171204946291
2,2,0,9,-0.061946955785
2,2,1,0, 0.462081934851
2,2,1,1, 0.491073083906
2,2,1,5, 0.100385764865
2,2,1,6, 0.235158287880
2,2,1,9,-0.083704463115
2,2,2,2, 0.785718708997
2,2,2,7, 0.015955173169
2,2,3,3, 0.689508254834
2,2,3,8, 0.015049599990
2,2,4,4, 0.689508254834
2,2,4,5, 0.061244793544
2,2,4,6, 0.094044524385
2,2,4,9,-0.098061744695
2,2,5,0, 0.046026704452
2,2,5,1, 0.100385764865
2,2,5,4, 0.061244793544
2,2,5,5, 0.310903409124
2,2,5,6, 0.212361719123
2,2,5,9,-0.058270188330
2,2,6,0, 0.171204946291
2,2,6,1, 0.235158287880
2,2,6,4, 0.094044524385
2,2,6,5, 0.212361719123
2,2,6,6, 0.299495316367
2,2,6,9,-0.054267534855
2,2,7,2, 0.015955173169
2,2,7,7, 0.303161427895
2,2,8,3, 0.015049599990
2,2,8,8, 0.300722240413
2,2,9,0,-0.061946955785
2,2,9,1,-0.083704463115
2,2,9,4,-0.098061744695
2,2,9,5,-0.058270188330
2,2,9,6,-0.054267534855
2,2,9,9, 0.328929211206
2,3,2,3, 0.048105227081
2,3,2,8, 0.000452786590
2,3,3,2, 0.048105227081
2,3,3,7, 0.000452786590
2,3,7,3, 0.000452786590
2,3,7,8, 0.001219593741
2,3,8,2, 0.000452786590
2,3,8,7, 0.001219593741
2,4,0,7, 0.001737986371
2,4,1,7, 0.003672604470
2,4,2,4, 0.048105227081
2,4,2,5, 0.002668901104
2,4,2,6, 0.005831519200
2,4,2,9,-0.003699487935
2,4,4,2, 0.048105227081
2,4,4,7, 0.002627271914
2,4,5,2, 0.002668901104
2,4,5,7, 0.006843143192
2,4,6,2, 0.005831519200
2,4,6,7, 0.006149982227
2,4,7,0, 0.001737986371
2,4,7,1, 0.003672604470
2,4,7,4, 0.002627271914
2,4,7,5, 0.006843143192
2,4,7,6, 0.006149982227
2,4,7,9,-0.004656055798
2,4,9,2,-0.003699487935
2,4,9,7,-0.004656055798
2,5,0,2, 0.005562320041
2,5,0,7, 0.000460085613
2,5,1,2, 0.004154736863
2,5,1,7, 0.001256526626
2,5,2,0, 0.005562320041
2,5,2,1, 0.004154736863
2,5,2,4, 0.002668901104
2,5,2,5, 0.000548306136
2,5,2,6, 0.001932145560
2,5,2,9,-0.000753753458
2,5,4,2, 0.002668901104
2,5,4,7, 0.000667366007
2,5,5,2, 0.000548306136
2,5,5,7, 0.002872621942
2,5,6,2, 0.001932145560
2,5,6,7, 0.002377361547
2,5,7,0, 0.000460085613
2,5,7,1, 0.001256526626
2,5,7,4, 0.000667366007
2,5,7,5, 0.002872621942
2,5,7,6, 0.002377361547
2,5,7,9,-0.001737986371
2,5,9,2,-0.000753753458
2,5,9,7,-0.001737986371
2,6,0,2, 0.034945713168
2,6,0,7, 0.001256526626
2,6,1,2, 0.025249655384
2,6,1,7, 0.003268986293
2,6,2,0, 0.034945713168
2,6,2,1, 0.025249655384
2,6,2,4, 0.005831519200
2,6,2,5, 0.001932145560
2,6,2,6, 0.009729534626
2,6,2,9,-0.002362744020
2,6,4,2, 0.005831519200
2,6,4,7, 0.001762314090
2,6,5,2, 0.001932145560
2,6,5,7, 0.006769151045
2,6,6,2, 0.009729534626
2,6,6,7, 0.006055367196
2,6,7,0, 0.001256526626
2,6,7,1, 0.003268986293
2,6,7,4, 0.001762314090
2,6,7,5, 0.006769151045
2,6,7,6, 0.006055367196
2,6,7,9,-0.003672604470
2,6,9,2,-0.002362744020
2,6,9,7,-0.003672604470
2,7,0,0, 0.016273864822
2,7,0,1, 0.010567052930
2,7,0,4, 0.003958013200
2,7,0,5, 0.001913110318
2,7,0,6, 0.004838763135
2,7,0,9,-0.002755262079
2,7,1,0, 0.010567052930
2,7,1,1, 0.012848587111
2,7,1,4, 0.003266023718
2,7,1,5, 0.004838763135
2,7,1,6, 0.008307410633
2,7,1,9,-0.004187648745
2,7,2,2, 0.015955173169
2,7,2,7, 0.000726242609
2,7,3,3, 0.015049599990
2,7,3,8, 0.000637314942
2,7,4,0, 0.003958013200
2,7,4,1, 0.003266023718
2,7,4,4, 0.017224085315
2,7,4,5, 0.002755262079
2,7,4,6, 0.004187648745
2,7,4,9,-0.004540105668
2,7,5,0, 0.001913110318
2,7,5,1, 0.004838763135
2,7,5,4, 0.002755262079
2,7,5,5, 0.016273864822
2,7,5,6, 0.010567052930
2,7,5,9,-0.003958013200
2,7,6,0, 0.004838763135
2,7,6,1, 0.008307410633
2,7,6,4, 0.004187648745
2,7,6,5, 0.010567052930
2,7,6,6, 0.012848587111
2,7,6,9,-0.003266023718
2,7,7,2, 0.000726242609
2,7,7,7, 0.015955173169
2,7,8,3, 0.000637314942
2,7,8,8, 0.015049599990
2,7,9,0,-0.002755262079
2,7,9,1,-0.004187648745
2,7,9,4,-0.004540105668
2,7,9,5,-0.003958013200
2,7,9,6,-0.003266023718
2,7,9,9, 0.017224085315
2,8,2,3, 0.000452786590
2,8,2,8, 0.000044463833
2,8,3,2, 0.000452786590
2,8,3,7, 0.000044463833
2,8,7,3, 0.000044463833
2,8,7,8, 0.000452786590
2,8,8,2, 0.000044463833
2,8,8,7, 0.000452786590
2,9,0,2,-0.006275778670
2,9,0,7,-0.000667366007
2,9,1,2,-0.004772734694
2,9,1,7,-0.001762314090
2,9,2,0,-0.006275778670
2,9,2,1,-0.004772734694
2,9,2,4,-0.003699487935
2,9,2,5,-0.000753753458
2,9,2,6,-0.002362744020
2,9,2,9, 0.001079947955
2,9,4,2,-0.003699487935
2,9,4,7,-0.000991020289
2,9,5,2,-0.000753753458
2,9,5,7,-0.003958013200
2,9,6,2,-0.002362744020
2,9,6,7,-0.003266023718
2,9,7,0,-0.000667366007
2,9,7,1,-0.001762314090
2,9,7,4,-0.000991020289
2,9,7,5,-0.003958013200
2,9,7,6,-0.003266023718
2,9,7,9, 0.002627271914
2,9,9,2, 0.001079947955
2,9,9,7, 0.002627271914
3,0,0,3, 0.152608082603
3,0,0,8, 0.002872621942
3,0,1,3, 0.101353944495
3,0,1,8, 0.006769151045
3,0,3,0, 0.152608082603
3,0,3,1, 0.101353944495
3,0,3,5, 0.005562320041
3,0,3,6, 0.034945713168
3,0,3,9,-0.006275778670
3,0,4,8, 0.003958013200
3,0,5,3, 0.005562320041
3,0,5,8, 0.013170756121
3,0,6,3, 0.034945713168
3,0,6,8, 0.012188901807
3,0,8,0, 0.002872621942
3,0,8,1, 0.006769151045
3,0,8,4, 0.003958013200
3,0,8,5, 0.013170756121
3,0,8,6, 0.012188901807
3,0,8,9,-0.006843143192
3,0,9,3,-0.006275778670
3,0,9,8,-0.006843143192
3,1,0,3, 0.101353944495
3,1,0,8, 0.002377361547
3,1,1,3, 0.072461555243
3,1,1,8, 0.006055367196
3,1,3,0, 0.101353944495
3,1,3,1, 0.072461555243
3,1,3,5, 0.004154736863
3,1,3,6, 0.025249655384
3,1,3,9,-0.004772734694
3,1,4,8, 0.003266023718
3,1,5,3, 0.004154736863
3,1,5,8, 0.012188901807
3,1,6,3, 0.025249655384
3,1,6,8, 0.011189919588
3,1,8,0, 0.002377361547
3,1,8,1, 0.006055367196
3,1,8,4, 0.003266023718
3,1,8,5, 0.012188901807
3,1,8,6, 0.011189919588
3,1,8,9,-0.006149982227
3,1,9,3,-0.004772734694
3,1,9,8,-0.006149982227
3,2,2,3, 0.048105227081
3,2,2,8, 0.000452786590
3,2,3,2, 0.048105227081
3,2,3,7, 0.000452786590
3,2,7,3, 0.000452786590
3,2,7,8, 0.001219593741
3,2,8,2, 0.000452786590
3,2,8,7, 0.001219593741
3,3,0,0, 0.775037038942
3,3,0,1, 0.462081934851
3,3,0,5, 0.046026704452
3,3,0,6, 0.171204946291
3,3,0,9,-0.061946955785
3,3,1,0, 0.462081934851
3,3,1,1, 0.491073083906
3,3,1,5, 0.100385764865
3,3,1,6, 0.235158287880
3,3,1,9,-0.083704463115
3,3,2,2, 0.689508254834
3,3,2,7, 0.015049599990
3,3,3,3, 0.785718708997
3,3,3,8, 0.015955173169
3,3,4,4, 0.689508254834
3,3,4,5, 0.061244793544
3,3,4,6, 0.094044524385
3,3,4,9,-0.098061744695
3,3,5,0, 0.046026704452
3,3,5,1, 0.100385764865
3,3,5,4, 0.061244793544
3,3,5,5, 0.310903409124
3,3,5,6, 0.212361719123
3,3,5,9,-0.058270188330
3,3,6,0, 0.171204946291
3,3,6,1, 0.235158287880
3,3,6,4, 0.094044524385
3,3,6,5, 0.212361719123
3,3,6,6, 0.299495316367
3,3,6,9,-0.054267534855
3,3,7,2, 0.015049599990
3,3,7,7, 0.300722240413
3,3,8,3, 0.015955173169
3,3,8,8, 0.303161427895
3,3,9,0,-0.061946955785
3,3,9,1,-0.083704463115
3,3,9,4,-0.098061744695
3,3,9,5,-0.058270188330
3,3,9,6,-0.054267534855
3,3,9,9, 0.328929211206
3,4,0,8, 0.001737986371
3,4,1,8, 0.003672604470
3,4,3,4, 0.048105227081
3,4,3,5, 0.002668901104
3,4,3,6, 0.005831519200
3,4,3,9,-0.003699487935
3,4,4,3, 0.048105227081
3,4,4,8, 0.002627271914
3,4,5,3, 0.002668901104
3,4,5,8, 0.006843143192
3,4,6,3, 0.005831519200
3,4,6,8, 0.006149982227
3,4,8,0, 0.001737986371
3,4,8,1, 0.003672604470
3,4,8,4, 0.002627271914
3,4,8,5, 0.006843143192
3,4,8,6, 0.006149982227
3,4,8,9,-0.004656055798
3,4,9,3,-0.003699487935
3,4,9,8,-0.004656055798
3,5,0,3, 0.005562320041
3,5,0,8, 0.000460085613
3,5,1,3, 0.004154736863
3,5,1,8, 0.001256526626
3,5,3,0, 0.005562320041
3,5,3,1, 0.004154736863
3,5,3,4, 0.002668901104
3,5,3,5, 0.000548306136
3,5,3,6, 0.001932145560
3,5,3,9,-0.000753753458
3,5,4,3, 0.002668901104
3,5,4,8, 0.000667366007
3,5,5,3, 0.000548306136
3,5,5,8, 0.002872621942
3,5,6,3, 0.001932145560
3,5,6,8, 0.002377361547
3,5,8,0, 0.000460085613
3,5,8,1, 0.001256526626
3,5,8,4, 0.000667366007
3,5,8,5, 0.002872621942
3,5,8,6, 0.002377361547
3,5,8,9,-0.001737986371
3,5,9,3,-0.000753753458
3,5,9,8,-0.001737986371
3,6,0,3, 0.034945713168
3,6,0,8, 0.001256526626
3,6,1,3, 0.025249655384
3,6,1,8, 0.003268986293
3,6,3,0, 0.034945713168
3,6,3,1, 0.025249655384
3,6,3,4, 0.005831519200
3,6,3,5, 0.001932145560
3,6,3,6, 0.009729534626
3,6,3,9,-0.002362744020
3,6,4,3, 0.005831519200
3,6,4,8, 0.001762314090
3,6,5,3, 0.001932145560
3,6,5,8, 0.006769151045
3,6,6,3, 0.009729534626
3,6,6,8, 0.006055367196
3,6,8,0, 0.001256526626
3,6,8,1, 0.003268986293
3,6,8,4, 0.001762314090
3,6,8,5, 0.006769151045
3,6,8,6, 0.006055367196
3,6,8,9,-0.003672604470
3,6,9,3,-0.002362744020
3,6,9,8,-0.003672604470
3,7,2,3, 0.000452786590
3,7,2,8, 0.000044463833
3,7,3,2, 0.000452786590
3,7,3,7, 0.000044463833
3,7,7,3, 0.000044463833
3,7,7,8, 0.000452786590
3,7,8,2, 0.000044463833
3,7,8,7, 0.000452786590
3,8,0,0, 0.016273864822
3,8,0,1, 0.010567052930
3,8,0,4, 0.003958013200
3,8,0,5, 0.001913110318
3,8,0,6, 0.004838763135
3,8,0,9,-0.002755262079
3,8,1,0, 0.010567052930
3,8,1,1, 0.012848587111
3,8,1,4, 0.003266023718
3,8,1,5, 0.004838763135
3,8,1,6, 0.008307410633
3,8,1,9,-0.004187648745
3,8,2,2, 0.015049599990
3,8,2,7, 0.000637314942
3,8,3,3, 0.015955173169
3,8,3,8, 0.000726242609
3,8,4,0, 0.003958013200
3,8,4,1, 0.003266023718
3,8,4,4, 0.017224085315
3,8,4,5, 0.002755262079
3,8,4,6, 0.004187648745
3,8,4,9,-0.004540105668
3,8,5,0, 0.001913110318
3,8,5,1, 0.004838763135
3,8,5,4, 0.002755262079
3,8,5,5, 0.016273864822
3,8,5,6, 0.010567052930
3,8,5,9,-0.003958013200
3,8,6,0, 0.004838763135
3,8,6,1, 0.008307410633
3,8,6,4, 0.004187648745
3,8,6,5, 0.010567052930
3,8,6,6, 0.012848587111
3,8,6,9,-0.003266023718
3,8,7,2, 0.000637314942
3,8,7,7, 0.015049599990
3,8,8,3, 0.000726242609
3,8,8,8, 0.015955173169
3,8,9,0,-0.002755262079
3,8,9,1,-0.004187648745
3,8,9,4,-0.004540105668
3,8,9,5,-0.003958013200
3,8,9,6,-0.003266023718
3,8,9,9, 0.017224085315
3,9,0,3,-0.006275778670
3,9,0,8,-0.000667366007
3,9,1,3,-0.004772734694
3,9,1,8,-0.001762314090
3,9,3,0,-0.006275778670
3,9,3,1,-0.004772734694
3,9,3,4,-0.003699487935
3,9,3,5,-0.000753753458
3,9,3,6,-0.002362744020
3,9,3,9, 0.001079947955
3,9,4,3,-0.003699487935
3,9,4,8,-0.000991020289
3,9,5,3,-0.000753753458
3,9,5,8,-0.003958013200
3,9,6,3,-0.002362744020
3,9,6,8,-0.003266023718
3,9,8,0,-0.000667366007
3,9,8,1,-0.001762314090
3,9,8,4,-0.000991020289
3,9,8,5,-0.003958013200
3,9,8,6,-0.003266023718
3,9,8,9, 0.002627271914
3,9,9,3, 0.001079947955
3,9,9,8, 0.002627271914
4,0,0,4, 0.152608082603
4,0,0,5, 0.011854472485
4,0,0,6, 0.018350000222
4,0,0,9,-0.018422551714
4,0,1,4, 0.101353944495
4,0,1,5, 0.022380521731
4,0,1,6, 0.028284945555
4,0,1,9,-0.023989053943
4,0,2,7, 0.003958013200
4,0,3,8, 0.003958013200
4,0,4,0, 0.152608082603
4,0,4,1, 0.101353944495
4,0,4,5, 0.018935472173
4,0,4,6, 0.042492634813
4,0,4,9,-0.031680987339
4,0,5,0, 0.011854472485
4,0,5,1, 0.022380521731
4,0,5,4, 0.018935472173
4,0,5,5, 0.064591366696
4,0,5,6, 0.042499487710
4,0,5,9,-0.025130837535
4,0,6,0, 0.018350000222
4,0,6,1, 0.028284945555
4,0,6,4, 0.042492634813
4,0,6,5, 0.042499487710
4,0,6,6, 0.047779029024
4,0,6,9,-0.021993265074
4,0,7,2, 0.003958013200
4,0,7,7, 0.058270188330
4,0,8,3, 0.003958013200
4,0,8,8, 0.058270188330
4,0,9,0,-0.018422551714
4,0,9,1,-0.023989053943
4,0,9,4,-0.031680987339
4,0,9,5,-0.025130837535
4,0,9,6,-0.021993265074
4,0,9,9, 0.076959717632
4,1,0,4, 0.101353944495
4,1,0,5, 0.009367205537
4,1,0,6, 0.013908891618
4,1,0,9,-0.014550812277
4,1,1,4, 0.072461555243
4,1,1,5, 0.019621948656
4,1,1,6, 0.024213658620
4,1,1,9,-0.020268579853
4,1,2,7, 0.003266023718
4,1,3,8, 0.003266023718
4,1,4,0, 0.101353944495
4,1,4,1, 0.072461555243
4,1,4,5, 0.014907347300
4,1,4,6, 0.031229825913
4,1,4,9,-0.025060097796
4,1,5,0, 0.009367205537
4,1,5,1, 0.019621948656
4,1,5,4, 0.014907347300
4,1,5,5, 0.059680309660
4,1,5,6, 0.038721878639
4,1,5,9,-0.021993265074
4,1,6,0, 0.013908891618
4,1,6,1, 0.024213658620
4,1,6,4, 0.031229825913
4,1,6,5, 0.038721878639
4,1,6,6, 0.042820512653
4,1,6,9,-0.018702374981
4,1,7,2, 0.003266023718
4,1,7,7, 0.054267534855
4,1,8,3, 0.003266023718
4,1,8,8, 0.054267534855
4,1,9,0,-0.014550812277
4,1,9,1,-0.020268579853
4,1,9,4,-0.025060097796
4,1,9,5,-0.021993265074
4,1,9,6,-0.018702374981
4,1,9,9, 0.069257378555
4,2,0,7, 0.001737986371
4,2,1,7, 0.003672604470
4,2,2,4, 0.048105227081
4,2,2,5, 0.002668901104
4,2,2,6, 0.005831519200
4,2,2,9,-0.003699487935
4,2,4,2, 0.048105227081
4,2,4,7, 0.002627271914
4,2,5,2, 0.002668901104
4,2,5,7, 0.006843143192
4,2,6,2, 0.005831519200
4,2,6,7, 0.006149982227
4,2,7,0, 0.001737986371
4,2,7,1, 0.003672604470
4,2,7,4, 0.002627271914
4,2,7,5, 0.006843143192
4,2,7,6, 0.006149982227
4,2,7,9,-0.004656055798
4,2,9,2,-0.003699487935
4,2,9,7,-0.004656055798
4,3,0,8, 0.001737986371
4,3,1,8, 0.003672604470
4,3,3,4, 0.048105227081
4,3,3,5, 0.002668901104
4,3,3,6, 0.005831519200
4,3,3,9,-0.003699487935
4,3,4,3, 0.048105227081
4,3,4,8, 0.002627271914
4,3,5,3, 0.002668901104
4,3,5,8, 0.006843143192
4,3,6,3, 0.005831519200
4,3,6,8, 0.006149982227
4,3,8,0, 0.001737986371
4,3,8,1, 0.003672604470
4,3,8,4, 0.002627271914
4,3,8,5, 0.006843143192
4,3,8,6, 0.006149982227
4,3,8,9,-0.004656055798
4,3,9,3,-0.003699487935
4,3,9,8,-0.004656055798
4,4,0,0, 0.775037038942
4,4,0,1, 0.462081934851
4,4,0,5, 0.051874083193
4,4,0,6, 0.174494745851
4,4,0,9,-0.072753592548
4,4,1,0, 0.462081934851
4,4,1,1, 0.491073083906
4,4,1,5, 0.111187069488
4,4,1,6, 0.240977926528
4,4,1,9,-0.097806536254
4,4,2,2, 0.689508254834
4,4,2,7, 0.017224085315
4,4,3,3, 0.689508254834
4,4,3,8, 0.017224085315
4,4,4,4, 0.785718708997
4,4,4,5, 0.072315205706
4,4,4,6, 0.106792412693
4,4,4,9,-0.118569869914
4,4,5,0, 0.051874083193
4,4,5,1, 0.111187069488
4,4,5,4, 0.072315205706
4,4,5,5, 0.344125296827
4,4,5,6, 0.232587378218
4,4,5,9,-0.076959717632
4,4,6,0, 0.174494745851
4,4,6,1, 0.240977926528
4,4,6,4, 0.106792412693
4,4,6,5, 0.232587378218
4,4,6,6, 0.315177255109
4,4,6,9,-0.069257378555
4,4,7,2, 0.017224085315
4,4,7,7, 0.328929211206
4,4,8,3, 0.017224085315
4,4,8,8, 0.328929211206
4,4,9,0,-0.072753592548
4,4,9,1,-0.097806536254
4,4,9,4,-0.118569869914
4,4,9,5,-0.076959717632
4,4,9,6,-0.069257378555
4,4,9,9, 0.374095865731
4,5,0,0, 0.066409353692
4,5,0,1, 0.042381171999
4,5,0,4, 0.018935472173
4,5,0,5, 0.008106685054
4,5,0,6, 0.019703795588
4,5,0,9,-0.011926608259
4,5,1,0, 0.042381171999
4,5,1,1, 0.050095690418
4,5,1,4, 0.014907347300
4,5,1,5, 0.019803851572
4,5,1,6, 0.032672727506
4,5,1,9,-0.017773159181
4,5,2,2, 0.061244793544
4,5,2,7, 0.002755262079
4,5,3,3, 0.061244793544
4,5,3,8, 0.002755262079
4,5,4,0, 0.018935472173
4,5,4,1, 0.014907347300
4,5,4,4, 0.072315205706
4,5,4,5, 0.011935708022
4,5,4,6, 0.017862668437
4,5,4,9,-0.019991465973
4,5,5,0, 0.008106685054
4,5,5,1, 0.019803851572
4,5,5,4, 0.011935708022
4,5,5,5, 0.067510800954
4,5,5,6, 0.042843078403
4,5,5,9,-0.018422551714
4,5,6,0, 0.019703795588
4,5,6,1, 0.032672727506
4,5,6,4, 0.017862668437
4,5,6,5, 0.042843078403
4,5,6,6, 0.050394221148
4,5,6,9,-0.014550812277
4,5,7,2, 0.002755262079
4,5,7,7, 0.061946955785
4,5,8,3, 0.002755262079
4,5,8,8, 0.061946955785
4,5,9,0,-0.011926608259
4,5,9,1,-0.017773159181
4,5,9,4,-0.019991465973
4,5,9,5,-0.018422551714
4,5,9,6,-0.014550812277
4,5,9,9, 0.072753592548
4,6,0,0, 0.101505592271
4,6,0,1, 0.063787953631
4,6,0,4, 0.042492634813
4,6,0,5, 0.012149315622
4,6,0,6, 0.030723331021
4,6,0,9,-0.017773159181
4,6,1,0, 0.063787953631
4,6,1,1, 0.073510569521
4,6,1,4, 0.031229825913
4,6,1,5, 0.027812803063
4,6,1,6, 0.048685351035
4,6,1,9,-0.025390455770
4,6,2,2, 0.094044524385
4,6,2,7, 0.004187648745
4,6,3,3, 0.094044524385
4,6,3,8, 0.004187648745
4,6,4,0, 0.042492634813
4,6,4,1, 0.031229825913
4,6,4,4, 0.106792412693
4,6,4,5, 0.017862668437
4,6,4,6, 0.029399729965
4,6,4,9,-0.029666201215
4,6,5,0, 0.012149315622
4,6,5,1, 0.027812803063
4,6,5,4, 0.017862668437
4,6,5,5, 0.089265364082
4,6,5,6, 0.058547731345
4,6,5,9,-0.023989053943
4,6,6,0, 0.030723331021
4,6,6,1, 0.048685351035
4,6,6,4, 0.029399729965
4,6,6,5, 0.058547731345
4,6,6,6, 0.072349963279
4,6,6,9,-0.020268579853
4,6,7,2, 0.004187648745
4,6,7,7, 0.083704463115
4,6,8,3, 0.004187648745
4,6,8,8, 0.083704463115
4,6,9,0,-0.017773159181
4,6,9,1,-0.025390455770
4,6,9,4,-0.029666201215
4,6,9,5,-0.023989053943
4,6,9,6,-0.020268579853
4,6,9,9, 0.097806536254
4,7,0,2, 0.003958013200
4,7,0,7, 0.000753753458
4,7,1,2, 0.003266023718
4,7,1,7, 0.002362744020
4,7,2,0, 0.003958013200
4,7,2,1, 0.003266023718
4,7,2,4, 0.002627271914
4,7,2,5, 0.000667366007
4,7,2,6, 0.001762314090
4,7,2,9,-0.000991020289
4,7,4,2, 0.002627271914
4,7,4,7, 0.001079947955
4,7,5,2, 0.000667366007
4,7,5,7, 0.006275778670
4,7,6,2, 0.001762314090
4,7,6,7, 0.004772734694
4,7,7,0, 0.000753753458
4,7,7,1, 0.002362744020
4,7,7,4, 0.001079947955
4,7,7,5, 0.006275778670
4,7,7,6, 0.004772734694
4,7,7,9,-0.003699487935
4,7,9,2,-0.000991020289
4,7,9,7,-0.003699487935
4,8,0,3, 0.003958013200
4,8,0,8, 0.000753753458
4,8,1,3, 0.003266023718
4,8,1,8, 0.002362744020
4,8,3,0, 0.003958013200
4,8,3,1, 0.003266023718
4,8,3,4, 0.002627271914
4,8,3,5, 0.000667366007
4,8,3,6, 0.001762314090
4,8,3,9,-0.000991020289
4,8,4,3, 0.002627271914
4,8,4,8, 0.001079947955
4,8,5,3, 0.000667366007
4,8,5,8, 0.006275778670
4,8,6,3, 0.001762314090
4,8,6,8, 0.004772734694
4,8,8,0, 0.000753753458
4,8,8,1, 0.002362744020
4,8,8,4, 0.001079947955
4,8,8,5, 0.006275778670
4,8,8,6, 0.004772734694
4,8,8,9,-0.003699487935
4,8,9,3,-0.000991020289
4,8,9,8,-0.003699487935
4,9,0,0,-0.106953453148
4,9,0,1,-0.068350596337
4,9,0,4,-0.031680987339
4,9,0,5,-0.013417700510
4,9,0,6,-0.032049631628
4,9,0,9, 0.019991465973
4,9,1,0,-0.068350596337
4,9,1,1,-0.080516760166
4,9,1,4,-0.025060097796
4,9,1,5,-0.032049631628
4,9,1,6,-0.052651988642
4,9,1,9, 0.029666201215
4,9,2,2,-0.098061744695
4,9,2,7,-0.004540105668
4,9,3,3,-0.098061744695
4,9,3,8,-0.004540105668
4,9,4,0,-0.031680987339
4,9,4,1,-0.025060097796
4,9,4,4,-0.118569869914
4,9,4,5,-0.019991465973
4,9,4,6,-0.029666201215
4,9,4,9, 0.033777673916
4,9,5,0,-0.013417700510
4,9,5,1,-0.032049631628
4,9,5,4,-0.019991465973
4,9,5,5,-0.106953453148
4,9,5,6,-0.068350596337
4,9,5,9, 0.031680987339
4,9,6,0,-0.032049631628
4,9,6,1,-0.052651988642
4,9,6,4,-0.029666201215
4,9,6,5,-0.068350596337
4,9,6,6,-0.080516760166
4,9,6,9, 0.025060097796
4,9,7,2,-0.004540105668
4,9,7,7,-0.098061744695
4,9,8,3,-0.004540105668
4,9,8,8,-0.098061744695
4,9,9,0, 0.019991465973
4,9,9,1, 0.029666201215
4,9,9,4, 0.033777673916
4,9,9,5, 0.031680987339
4,9,9,6, 0.025060097796
4,9,9,9,-0.118569869914
5,0,0,0, 0.049908032672
5,0,0,1, 0.031448193881
5,0,0,4, 0.011854472485
5,0,0,5, 0.005621087028
5,0,0,6, 0.014213779987
5,0,0,9,-0.008106685054
5,0,1,0, 0.031448193881
5,0,1,1, 0.037023217213
5,0,1,4, 0.009367205537
5,0,1,5, 0.014213779987
5,0,1,6, 0.023744496394
5,0,1,9,-0.012149315622
5,0,2,2, 0.046026704452
5,0,2,7, 0.001913110318
5,0,3,3, 0.046026704452
5,0,3,8, 0.001913110318
5,0,4,0, 0.011854472485
5,0,4,1, 0.009367205537
5,0,4,4, 0.051874083193
5,0,4,5, 0.008106685054
5,0,4,6, 0.012149315622
5,0,4,9,-0.013417700510
5,0,5,0, 0.005621087028
5,0,5,1, 0.014213779987
5,0,5,4, 0.008106685054
5,0,5,5, 0.049908032672
5,0,5,6, 0.031448193881
5,0,5,9,-0.011854472485
5,0,6,0, 0.014213779987
5,0,6,1, 0.023744496394
5,0,6,4, 0.012149315622
5,0,6,5, 0.031448193881
5,0,6,6, 0.037023217213
5,0,6,9,-0.009367205537
5,0,7,2, 0.001913110318
5,0,7,7, 0.046026704452
5,0,8,3, 0.001913110318
5,0,8,8, 0.046026704452
5,0,9,0,-0.008106685054
5,0,9,1,-0.012149315622
5,0,9,4,-0.013417700510
5,0,9,5,-0.011854472485
5,0,9,6,-0.009367205537
5,0,9,9, 0.051874083193
5,1,0,0, 0.104778071875
5,1,0,1, 0.069886433039
5,1,0,4, 0.022380521731
5,1,0,5, 0.014213779987
5,1,0,6, 0.032629331414
5,1,0,9,-0.019703795588
5,1,1,0, 0.069886433039
5,1,1,1, 0.092323376380
5,1,1,4, 0.019621948656
5,1,1,5, 0.045019478021
5,1,1,6, 0.066695047244
5,1,1,9,-0.030723331021
5,1,2,2, 0.100385764865
5,1,2,7, 0.004838763135
5,1,3,3, 0.100385764865
5,1,3,8, 0.004838763135
5,1,4,0, 0.022380521731
5,1,4,1, 0.019621948656
5,1,4,4, 0.111187069488
5,1,4,5, 0.019803851572
5,1,4,6, 0.027812803063
5,1,4,9,-0.032049631628
5,1,5,0, 0.014213779987
5,1,5,1, 0.045019478021
5,1,5,4, 0.019803851572
5,1,5,5, 0.186136162805
5,1,5,6, 0.112092277256
5,1,5,9,-0.018350000222
5,1,6,0, 0.032629331414
5,1,6,1, 0.066695047244
5,1,6,4, 0.027812803063
5,1,6,5, 0.112092277256
5,1,6,6, 0.123512772001
5,1,6,9,-0.013908891618
5,1,7,2, 0.004838763135
5,1,7,7, 0.171204946291
5,1,8,3, 0.004838763135
5,1,8,8, 0.171204946291
5,1,9,0,-0.019703795588
5,1,9,1,-0.030723331021
5,1,9,4,-0.032049631628
5,1,9,5,-0.018350000222
5,1,9,6,-0.013908891618
5,1,9,9, 0.174494745851
5,2,0,2, 0.005562320041
5,2,0,7, 0.000460085613
5,2,1,2, 0.004154736863
5,2,1,7, 0.001256526626
5,2,2,0, 0.005562320041
5,2,2,1, 0.004154736863
5,2,2,4, 0.002668901104
5,2,2,5, 0.000548306136
5,2,2,6, 0.001932145560
5,2,2,9,-0.000753753458
5,2,4,2, 0.002668901104
5,2,4,7, 0.000667366007
5,2,5,2, 0.000548306136
5,2,5,7, 0.002872621942
5,2,6,2, 0.001932145560
5,2,6,7, 0.002377361547
5,2,7,0, 0.000460085613
5,2,7,1, 0.001256526626
5,2,7,4, 0.000667366007
5,2,7,5, 0.002872621942
5,2,7,6, 0.002377361547
5,2,7,9,-0.001737986371
5,2,9,2,-0.000753753458
5,2,9,7,-0.001737986371
5,3,0,3, 0.005562320041
5,3,0,8, 0.000460085613
5,3,1,3, 0.004154736863
5,3,1,8, 0.001256526626
5,3,3,0, 0.005562320041
5,3,3,1, 0.004154736863
5,3,3,4, 0.002668901104
5,3,3,5, 0.000548306136
5,3,3,6, 0.001932145560
5,3,3,9,-0.000753753458
5,3,4,3, 0.002668901104
5,3,4,8, 0.000667366007
5,3,5,3, 0.000548306136
5,3,5,8, 0.002872621942
5,3,6,3, 0.001932145560
5,3,6,8, 0.002377361547
5,3,8,0, 0.000460085613
5,3,8,1, 0.001256526626
5,3,8,4, 0.000667366007
5,3,8,5, 0.002872621942
5,3,8,6, 0.002377361547
5,3,8,9,-0.001737986371
5,3,9,3,-0.000753753458
5,3,9,8,-0.001737986371
5,4,0,0, 0.066409353692
5,4,0,1, 0.042381171999
5,4,0,4, 0.018935472173
5,4,0,5, 0.008106685054
5,4,0,6, 0.019703795588
5,4,0,9,-0.011926608259
5,4,1,0, 0.042381171999
5,4,1,1, 0.050095690418
5,4,1,4, 0.014907347300
5,4,1,5, 0.019803851572
5,4,1,6, 0.032672727506
5,4,1,9,-0.017773159181
5,4,2,2, 0.061244793544
5,4,2,7, 0.002755262079
5,4,3,3, 0.061244793544
5,4,3,8, 0.002755262079
5,4,4,0, 0.018935472173
5,4,4,1, 0.014907347300
5,4,4,4, 0.072315205706
5,4,4,5, 0.011935708022
5,4,4,6, 0.017862668437
5,4,4,9,-0.019991465973
5,4,5,0, 0.008106685054
5,4,5,1, 0.019803851572
5,4,5,4, 0.011935708022
5,4,5,5, 0.067510800954
5,4,5,6, 0.042843078403
5,4,5,9,-0.018422551714
5,4,6,0, 0.019703795588
5,4,6,1, 0.032672727506
5,4,6,4, 0.017862668437
5,4,6,5, 0.042843078403
5,4,6,6, 0.050394221148
5,4,6,9,-0.014550812277
5,4,7,2, 0.002755262079
5,4,7,7, 0.061946955785
5,4,8,3, 0.002755262079
5,4,8,8, 0.061946955785
5,4,9,0,-0.011926608259
5,4,9,1,-0.017773159181
5,4,9,4,-0.019991465973
5,4,9,5,-0.018422551714
5,4,9,6,-0.014550812277
5,4,9,9, 0.072753592548
5,5,0,0, 0.322039808416
5,5,0,1, 0.219450890345
5,5,0,4, 0.064591366696
5,5,0,5, 0.049908032672
5,5,0,6, 0.104778071875
5,5,0,9,-0.066409353692
5,5,1,0, 0.219450890345
5,5,1,1, 0.306672119179
5,5,1,4, 0.059680309660
5,5,1,5, 0.186136162805
5,5,1,6, 0.242439242597
5,5,1,9,-0.101505592271
5,5,2,2, 0.310903409124
5,5,2,7, 0.016273864822
5,5,3,3, 0.310903409124
5,5,3,8, 0.016273864822
5,5,4,0, 0.064591366696
5,5,4,1, 0.059680309660
5,5,4,4, 0.344125296827
5,5,4,5, 0.067510800954
5,5,4,6, 0.089265364082
5,5,4,9,-0.106953453148
5,5,5,0, 0.049908032672
5,5,5,1, 0.186136162805
5,5,5,4, 0.067510800954
5,5,5,5, 0.897251802255
5,5,5,6, 0.504699283325
5,5,6,0, 0.104778071875
5,5,6,1, 0.242439242597
5,5,6,4, 0.089265364082
5,5,6,5, 0.504699283325
5,5,6,6, 0.507364877272
5,5,7,2, 0.016273864822
5,5,7,7, 0.775037038942
5,5,8,3, 0.016273864822
5,5,8,8, 0.775037038942
5,5,9,0,-0.066409353692
5,5,9,1,-0.101505592271
5,5,9,4,-0.106953453148
5,5,9,9, 0.775037038942
5,6,0,0, 0.219450890345
5,6,0,1, 0.148869732311
5,6,0,4, 0.042499487710
5,6,0,5, 0.031448193881
5,6,0,6, 0.069886433039
5,6,0,9,-0.042381171999
5,6,1,0, 0.148869732311
5,6,1,1, 0.206170646234
5,6,1,4, 0.038721878639
5,6,1,5, 0.112092277256
5,6,1,6, 0.157741647074
5,6,1,9,-0.063787953631
5,6,2,2, 0.212361719123
5,6,2,7, 0.010567052930
5,6,3,3, 0.212361719123
5,6,3,8, 0.010567052930
5,6,4,0, 0.042499487710
5,6,4,1, 0.038721878639
5,6,4,4, 0.232587378218
5,6,4,5, 0.042843078403
5,6,4,6, 0.058547731345
5,6,4,9,-0.068350596337
5,6,5,0, 0.031448193881
5,6,5,1, 0.112092277256
5,6,5,4, 0.042843078403
5,6,5,5, 0.504699283325
5,6,5,6, 0.300015949963
5,6,6,0, 0.069886433039
5,6,6,1, 0.157741647074
5,6,6,4, 0.058547731345
5,6,6,5, 0.300015949963
5,6,6,6, 0.324022459289
5,6,7,2, 0.010567052930
5,6,7,7, 0.462081934851
5,6,8,3, 0.010567052930
5,6,8,8, 0.462081934851
5,6,9,0,-0.042381171999
5,6,9,1,-0.063787953631
5,6,9,4,-0.068350596337
5,6,9,9, 0.462081934851
5,7,0,2, 0.013170756121
5,7,0,7, 0.005562320041
5,7,1,2, 0.012188901807
5,7,1,7, 0.034945713168
5,7,2,0, 0.013170756121
5,7,2,1, 0.012188901807
5,7,2,4, 0.006843143192
5,7,2,5, 0.002872621942
5,7,2,6, 0.006769151045
5,7,2,9,-0.003958013200
5,7,4,2, 0.006843143192
5,7,4,7, 0.006275778670
5,7,5,2, 0.002872621942
5,7,5,7, 0.152608082603
5,7,6,2, 0.006769151045
5,7,6,7, 0.101353944495
5,7,7,0, 0.005562320041
5,7,7,1, 0.034945713168
5,7,7,4, 0.006275778670
5,7,7,5, 0.152608082603
5,7,7,6, 0.101353944495
5,7,9,2,-0.003958013200
5,8,0,3, 0.013170756121
5,8,0,8, 0.005562320041
5,8,1,3, 0.012188901807
5,8,1,8, 0.034945713168
5,8,3,0, 0.013170756121
5,8,3,1, 0.012188901807
5,8,3,4, 0.006843143192
5,8,3,5, 0.002872621942
5,8,3,6, 0.006769151045
5,8,3,9,-0.003958013200
5,8,4,3, 0.006843143192
5,8,4,8, 0.006275778670
5,8,5,3, 0.002872621942
5,8,5,8, 0.152608082603
5,8,6,3, 0.006769151045
5,8,6,8, 0.101353944495
5,8,8,0, 0.005562320041
5,8,8,1, 0.034945713168
5,8,8,4, 0.006275778670
5,8,8,5, 0.152608082603
5,8,8,6, 0.101353944495
5,8,9,3,-0.003958013200
5,9,0,0,-0.064591366696
5,9,0,1,-0.042499487710
5,9,0,4,-0.025130837535
5,9,0,5,-0.011854472485
5,9,0,6,-0.022380521731
5,9,0,9, 0.018935472173
5,9,1,0,-0.042499487710
5,9,1,1,-0.047779029024
5,9,1,4,-0.021993265074
5,9,1,5,-0.018350000222
5,9,1,6,-0.028284945555
5,9,1,9, 0.042492634813
5,9,2,2,-0.058270188330
5,9,2,7,-0.003958013200
5,9,3,3,-0.058270188330
5,9,3,8,-0.003958013200
5,9,4,0,-0.025130837535
5,9,4,1,-0.021993265074
5,9,4,4,-0.076959717632
5,9,4,5,-0.018422551714
5,9,4,6,-0.023989053943
5,9,4,9, 0.031680987339
5,9,5,0,-0.011854472485
5,9,5,1,-0.018350000222
5,9,5,4,-0.018422551714
5,9,5,9, 0.152608082603
5,9,6,0,-0.022380521731
5,9,6,1,-0.028284945555
5,9,6,4,-0.023989053943
5,9,6,9, 0.101353944495
5,9,7,2,-0.003958013200
5,9,8,3,-0.003958013200
5,9,9,0, 0.018935472173
5,9,9,1, 0.042492634813
5,9,9,4, 0.031680987339
5,9,9,5, 0.152608082603
5,9,9,6, 0.101353944495
6,0,0,0, 0.186136162805
6,0,0,1, 0.112092277256
6,0,0,4, 0.018350000222
6,0,0,5, 0.014213779987
6,0,0,6, 0.045019478021
6,0,0,9,-0.019803851572
6,0,1,0, 0.112092277256
6,0,1,1, 0.123512772001
6,0,1,4, 0.013908891618
6,0,1,5, 0.032629331414
6,0,1,6, 0.066695047244
6,0,1,9,-0.027812803063
6,0,2,2, 0.171204946291
6,0,2,7, 0.004838763135
6,0,3,3, 0.171204946291
6,0,3,8, 0.004838763135
6,0,4,0, 0.018350000222
6,0,4,1, 0.013908891618
6,0,4,4, 0.174494745851
6,0,4,5, 0.019703795588
6,0,4,6, 0.030723331021
6,0,4,9,-0.032049631628
6,0,5,0, 0.014213779987
6,0,5,1, 0.032629331414
6,0,5,4, 0.019703795588
6,0,5,5, 0.104778071875
6,0,5,6, 0.069886433039
6,0,5,9,-0.022380521731
6,0,6,0, 0.045019478021
6,0,6,1, 0.066695047244
6,0,6,4, 0.030723331021
6,0,6,5, 0.069886433039
6,0,6,6, 0.092323376380
6,0,6,9,-0.019621948656
6,0,7,2, 0.004838763135
6,0,7,7, 0.100385764865
6,0,8,3, 0.004838763135
6,0,8,8, 0.100385764865
6,0,9,0,-0.019803851572
6,0,9,1,-0.027812803063
6,0,9,4,-0.032049631628
6,0,9,5,-0.022380521731
6,0,9,6,-0.019621948656
6,0,9,9, 0.111187069488
6,1,0,0, 0.242439242597
6,1,0,1, 0.157741647074
6,1,0,4, 0.028284945555
6,1,0,5, 0.023744496394
6,1,0,6, 0.066695047244
6,1,0,9,-0.032672727506
6,1,1,0, 0.157741647074
6,1,1,1, 0.199637652801
6,1,1,4, 0.024213658620
6,1,1,5, 0.066695047244
6,1,1,6, 0.122027984490
6,1,1,9,-0.048685351035
6,1,2,2, 0.235158287880
6,1,2,7, 0.008307410633
6,1,3,3, 0.235158287880
6,1,3,8, 0.008307410633
6,1,4,0, 0.028284945555
6,1,4,1, 0.024213658620
6,1,4,4, 0.240977926528
6,1,4,5, 0.032672727506
6,1,4,6, 0.048685351035
6,1,4,9,-0.052651988642
6,1,5,0, 0.023744496394
6,1,5,1, 0.066695047244
6,1,5,4, 0.032672727506
6,1,5,5, 0.242439242597
6,1,5,6, 0.157741647074
6,1,5,9,-0.028284945555
6,1,6,0, 0.066695047244
6,1,6,1, 0.122027984490
6,1,6,4, 0.048685351035
6,1,6,5, 0.157741647074
6,1,6,6, 0.199637652801
6,1,6,9,-0.024213658620
6,1,7,2, 0.008307410633
6,1,7,7, 0.235158287880
6,1,8,3, 0.008307410633
6,1,8,8, 0.235158287880
6,1,9,0,-0.032672727506
6,1,9,1,-0.048685351035
6,1,9,4,-0.052651988642
6,1,9,5,-0.028284945555
6,1,9,6,-0.024213658620
6,1,9,9, 0.240977926528
6,2,0,2, 0.034945713168
6,2,0,7, 0.001256526626
6,2,1,2, 0.025249655384
6,2,1,7, 0.003268986293
6,2,2,0, 0.034945713168
6,2,2,1, 0.025249655384
6,2,2,4, 0.005831519200
6,2,2,5, 0.001932145560
6,2,2,6, 0.009729534626
6,2,2,9,-0.002362744020
6,2,4,2, 0.005831519200
6,2,4,7, 0.001762314090
6,2,5,2, 0.001932145560
6,2,5,7, 0.006769151045
6,2,6,2, 0.009729534626
6,2,6,7, 0.006055367196
6,2,7,0, 0.001256526626
6,2,7,1, 0.003268986293
6,2,7,4, 0.001762314090
6,2,7,5, 0.006769151045
6,2,7,6, 0.006055367196
6,2,7,9,-0.003672604470
6,2,9,2,-0.002362744020
6,2,9,7,-0.003672604470
6,3,0,3, 0.034945713168
6,3,0,8, 0.001256526626
6,3,1,3, 0.025249655384
6,3,1,8, 0.003268986293
6,3,3,0, 0.034945713168
6,3,3,1, 0.025249655384
6,3,3,4, 0.005831519200
6,3,3,5, 0.001932145560
6,3,3,6, 0.009729534626
6,3,3,9,-0.002362744020
6,3,4,3, 0.005831519200
6,3,4,8, 0.001762314090
6,3,5,3, 0.001932145560
6,3,5,8, 0.006769151045
6,3,6,3, 0.009729534626
6,3,6,8, 0.006055367196
6,3,8,0, 0.001256526626
6,3,8,1, 0.003268986293
6,3,8,4, 0.001762314090
6,3,8,5, 0.006769151045
6,3,8,6, 0.006055367196
6,3,8,9,-0.003672604470
6,3,9,3,-0.002362744020
6,3,9,8,-0.003672604470
6,4,0,0, 0.101505592271
6,4,0,1, 0.063787953631
6,4,0,4, 0.042492634813
6,4,0,5, 0.012149315622
6,4,0,6, 0.030723331021
6,4,0,9,-0.017773159181
6,4,1,0, 0.063787953631
6,4,1,1, 0.073510569521
6,4,1,4, 0.031229825913
6,4,1,5, 0.027812803063
6,4,1,6, 0.048685351035
6,4,1,9,-0.025390455770
6,4,2,2, 0.094044524385
6,4,2,7, 0.004187648745
6,4,3,3, 0.094044524385
6,4,3,8, 0.004187648745
6,4,4,0, 0.042492634813
6,4,4,1, 0.031229825913
6,4,4,4, 0.106792412693
6,4,4,5, 0.017862668437
6,4,4,6, 0.029399729965
6,4,4,9,-0.029666201215
6,4,5,0, 0.012149315622
6,4,5,1, 0.027812803063
6,4,5,4, 0.017862668437
6,4,5,5, 0.089265364082
6,4,5,6, 0.058547731345
6,4,5,9,-0.023989053943
6,4,6,0, 0.030723331021
6,4,6,1, 0.048685351035
6,4,6,4, 0.029399729965
6,4,6,5, 0.058547731345
6,4,6,6, 0.072349963279
6,4,6,9,-0.020268579853
6,4,7,2, 0.004187648745
6,4,7,7, 0.083704463115
6,4,8,3, 0.004187648745
6,4,8,8, 0.083704463115
6,4,9,0,-0.017773159181
6,4,9,1,-0.025390455770
6,4,9,4,-0.029666201215
6,4,9,5,-0.023989053943
6,4,9,6,-0.020268579853
6,4,9,9, 0.097806536254
6,5,0,0, 0.219450890345
6,5,0,1, 0.148869732311
6,5,0,4, 0.042499487710
6,5,0,5, 0.031448193881
6,5,0,6, 0.069886433039
6,5,0,9,-0.042381171999
6,5,1,0, 0.148869732311
6,5,1,1, 0.206170646234
6,5,1,4, 0.038721878639
6,5,1,5, 0.112092277256
6,5,1,6, 0.157741647074
6,5,1,9,-0.063787953631
6,5,2,2, 0.212361719123
6,5,2,7, 0.010567052930
6,5,3,3, 0.212361719123
6,5,3,8, 0.010567052930
6,5,4,0, 0.042499487710
6,5,4,1, 0.038721878639
6,5,4,4, 0.232587378218
6,5,4,5, 0.042843078403
6,5,4,6, 0.058547731345
6,5,4,9,-0.068350596337
6,5,5,0, 0.031448193881
6,5,5,1, 0.112092277256
6,5,5,4, 0.042843078403
6,5,5,5, 0.504699283325
6,5,5,6, 0.300015949963
6,5,6,0, 0.069886433039
6,5,6,1, 0.157741647074
6,5,6,4, 0.058547731345
6,5,6,5, 0.300015949963
6,5,6,6, 0.324022459289
6,5,7,2, 0.010567052930
6,5,7,7, 0.462081934851
6,5,8,3, 0.010567052930
6,5,8,8, 0.462081934851
6,5,9,0,-0.042381171999
6,5,9,1,-0.063787953631
6,5,9,4,-0.068350596337
6,5,9,9, 0.462081934851
6,6,0,0, 0.306672119179
6,6,0,1, 0.206170646234
6,6,0,4, 0.047779029024
6,6,0,5, 0.037023217213
6,6,0,6, 0.092323376380
6,6,0,9,-0.050095690418
6,6,1,0, 0.206170646234
6,6,1,1, 0.282032752561
6,6,1,4, 0.042820512653
6,6,1,5, 0.123512772001
6,6,1,6, 0.199637652801
6,6,1,9,-0.073510569521
6,6,2,2, 0.299495316367
6,6,2,7, 0.012848587111
6,6,3,3, 0.299495316367
6,6,3,8, 0.012848587111
6,6,4,0, 0.047779029024
6,6,4,1, 0.042820512653
6,6,4,4, 0.315177255109
6,6,4,5, 0.050394221148
6,6,4,6, 0.072349963279
6,6,4,9,-0.080516760166
6,6,5,0, 0.037023217213
6,6,5,1, 0.123512772001
6,6,5,4, 0.050394221148
6,6,5,5, 0.507364877272
6,6,5,6, 0.324022459289
6,6,6,0, 0.092323376380
6,6,6,1, 0.199637652801
6,6,6,4, 0.072349963279
6,6,6,5, 0.324022459289
6,6,6,6, 0.394125899248
6,6,7,2, 0.012848587111
6,6,7,7, 0.491073083906
6,6,8,3, 0.012848587111
6,6,8,8, 0.491073083906
6,6,9,0,-0.050095690418
6,6,9,1,-0.073510569521
6,6,9,4,-0.080516760166
6,6,9,9, 0.491073083906
6,7,0,2, 0.012188901807
6,7,0,7, 0.004154736863
6,7,1,2, 0.011189919588
6,7,1,7, 0.025249655384
6,7,2,0, 0.012188901807
6,7,2,1, 0.011189919588
6,7,2,4, 0.006149982227
6,7,2,5, 0.002377361547
6,7,2,6, 0.006055367196
6,7,2,9,-0.003266023718
6,7,4,2, 0.006149982227
6,7,4,7, 0.004772734694
6,7,5,2, 0.002377361547
6,7,5,7, 0.101353944495
6,7,6,2, 0.006055367196
6,7,6,7, 0.072461555243
6,7,7,0, 0.004154736863
6,7,7,1, 0.025249655384
6,7,7,4, 0.004772734694
6,7,7,5, 0.101353944495
6,7,7,6, 0.072461555243
6,7,9,2,-0.003266023718
6,8,0,3, 0.012188901807
6,8,0,8, 0.004154736863
6,8,1,3, 0.011189919588
6,8,1,8, 0.025249655384
6,8,3,0, 0.012188901807
6,8,3,1, 0.011189919588
6,8,3,4, 0.006149982227
6,8,3,5, 0.002377361547
6,8,3,6, 0.006055367196
6,8,3,9,-0.003266023718
6,8,4,3, 0.006149982227
6,8,4,8, 0.004772734694
6,8,5,3, 0.002377361547
6,8,5,8, 0.101353944495
6,8,6,3, 0.006055367196
6,8,6,8, 0.072461555243
6,8,8,0, 0.004154736863
6,8,8,1, 0.025249655384
6,8,8,4, 0.004772734694
6,8,8,5, 0.101353944495
6,8,8,6, 0.072461555243
6,8,9,3,-0.003266023718
6,9,0,0,-0.059680309660
6,9,0,1,-0.038721878639
6,9,0,4,-0.021993265074
6,9,0,5,-0.009367205537
6,9,0,6,-0.019621948656
6,9,0,9, 0.014907347300
6,9,1,0,-0.038721878639
6,9,1,1,-0.042820512653
6,9,1,4,-0.018702374981
6,9,1,5,-0.013908891618
6,9,1,6,-0.024213658620
6,9,1,9, 0.031229825913
6,9,2,2,-0.054267534855
6,9,2,7,-0.003266023718
6,9,3,3,-0.054267534855
6,9,3,8,-0.003266023718
6,9,4,0,-0.021993265074
6,9,4,1,-0.018702374981
6,9,4,4,-0.069257378555
6,9,4,5,-0.014550812277
6,9,4,6,-0.020268579853
6,9,4,9, 0.025060097796
6,9,5,0,-0.009367205537
6,9,5,1,-0.013908891618
6,9,5,4,-0.014550812277
6,9,5,9, 0.101353944495
6,9,6,0,-0.019621948656
6,9,6,1,-0.024213658620
6,9,6,4,-0.020268579853
6,9,6,9, 0.072461555243
6,9,7,2,-0.003266023718
6,9,8,3,-0.003266023718
6,9,9,0, 0.014907347300
6,9,9,1, 0.031229825913
6,9,9,4, 0.025060097796
6,9,9,5, 0.101353944495
6,9,9,6, 0.072461555243
7,0,0,2, 0.002872621942
7,0,0,7, 0.000548306136
7,0,1,2, 0.002377361547
7,0,1,7, 0.001932145560
7,0,2,0, 0.002872621942
7,0,2,1, 0.002377361547
7,0,2,4, 0.001737986371
7,0,2,5, 0.000460085613
7,0,2,6, 0.001256526626
7,0,2,9,-0.000667366007
7,0,4,2, 0.001737986371
7,0,4,7, 0.000753753458
7,0,5,2, 0.000460085613
7,0,5,7, 0.005562320041
7,0,6,2, 0.001256526626
7,0,6,7, 0.004154736863
7,0,7,0, 0.000548306136
7,0,7,1, 0.001932145560
7,0,7,4, 0.000753753458
7,0,7,5, 0.005562320041
7,0,7,6, 0.004154736863
7,0,7,9,-0.002668901104
7,0,9,2,-0.000667366007
7,0,9,7,-0.002668901104
7,1,0,2, 0.006769151045
7,1,0,7, 0.001932145560
7,1,1,2, 0.006055367196
7,1,1,7, 0.009729534626
7,1,2,0, 0.006769151045
7,1,2,1, 0.006055367196
7,1,2,4, 0.003672604470
7,1,2,5, 0.001256526626
7,1,2,6, 0.003268986293
7,1,2,9,-0.001762314090
7,1,4,2, 0.003672604470
7,1,4,7, 0.002362744020
7,1,5,2, 0.001256526626
7,1,5,7, 0.034945713168
7,1,6,2, 0.003268986293
7,1,6,7, 0.025249655384
7,1,7,0, 0.001932145560
7,1,7,1, 0.009729534626
7,1,7,4, 0.002362744020
7,1,7,5, 0.034945713168
7,1,7,6, 0.025249655384
7,1,7,9,-0.005831519200
7,1,9,2,-0.001762314090
7,1,9,7,-0.005831519200
7,2,0,0, 0.016273864822
7,2,0,1, 0.010567052930
7,2,0,4, 0.003958013200
7,2,0,5, 0.001913110318
7,2,0,6, 0.004838763135
7,2,0,9,-0.002755262079
7,2,1,0, 0.010567052930
7,2,1,1, 0.012848587111
7,2,1,4, 0.003266023718
7,2,1,5, 0.004838763135
7,2,1,6, 0.008307410633
7,2,1,9,-0.004187648745
7,2,2,2, 0.015955173169
7,2,2,7, 0.000726242609
7,2,3,3, 0.015049599990
7,2,3,8, 0.000637314942
7,2,4,0, 0.003958013200
7,2,4,1, 0.003266023718
7,2,4,4, 0.017224085315
7,2,4,5, 0.002755262079
7,2,4,6, 0.004187648745
7,2,4,9,-0.004540105668
7,2,5,0, 0.001913110318
7,2,5,1, 0.004838763135
7,2,5,4, 0.002755262079
7,2,5,5, 0.016273864822
7,2,5,6, 0.010567052930
7,2,5,9,-0.003958013200
7,2,6,0, 0.004838763135
7,2,6,1, 0.008307410633
7,2,6,4, 0.004187648745
7,2,6,5, 0.010567052930
7,2,6,6, 0.012848587111
7,2,6,9,-0.003266023718
7,2,7,2, 0.000726242609
7,2,7,7, 0.015955173169
7,2,8,3, 0.000637314942
7,2,8,8, 0.015049599990
7,2,9,0,-0.002755262079
7,2,9,1,-0.004187648745
7,2,9,4,-0.004540105668
7,2,9,5,-0.003958013200
7,2,9,6,-0.003266023718
7,2,9,9, 0.017224085315
7,3,2,3, 0.000452786590
7,3,2,8, 0.000044463833
7,3,3,2, 0.000452786590
7,3,3,7, 0.000044463833
7,3,7,3, 0.000044463833
7,3,7,8, 0.000452786590
7,3,8,2, 0.000044463833
7,3,8,7, 0.000452786590
7,4,0,2, 0.003958013200
7,4,0,7, 0.000753753458
7,4,1,2, 0.003266023718
7,4,1,7, 0.002362744020
7,4,2,0, 0.003958013200
7,4,2,1, 0.003266023718
7,4,2,4, 0.002627271914
7,4,2,5, 0.000667366007
7,4,2,6, 0.001762314090
7,4,2,9,-0.000991020289
7,4,4,2, 0.002627271914
7,4,4,7, 0.001079947955
7,4,5,2, 0.000667366007
7,4,5,7, 0.006275778670
7,4,6,2, 0.001762314090
7,4,6,7, 0.004772734694
7,4,7,0, 0.000753753458
7,4,7,1, 0.002362744020
7,4,7,4, 0.001079947955
7,4,7,5, 0.006275778670
7,4,7,6, 0.004772734694
7,4,7,9,-0.003699487935
7,4,9,2,-0.000991020289
7,4,9,7,-0.003699487935
7,5,0,2, 0.013170756121
7,5,0,7, 0.005562320041
7,5,1,2, 0.012188901807
7,5,1,7, 0.034945713168
7,5,2,0, 0.013170756121
7,5,2,1, 0.012188901807
7,5,2,4, 0.006843143192
7,5,2,5, 0.002872621942
7,5,2,6, 0.006769151045
7,5,2,9,-0.003958013200
7,5,4,2, 0.006843143192
7,5,4,7, 0.006275778670
7,5,5,2, 0.002872621942
7,5,5,7, 0.152608082603
7,5,6,2, 0.006769151045
7,5,6,7, 0.101353944495
7,5,7,0, 0.005562320041
7,5,7,1, 0.034945713168
7,5,7,4, 0.006275778670
7,5,7,5, 0.152608082603
7,5,7,6, 0.101353944495
7,5,9,2,-0.003958013200
7,6,0,2, 0.012188901807
7,6,0,7, 0.004154736863
7,6,1,2, 0.011189919588
7,6,1,7, 0.025249655384
7,6,2,0, 0.012188901807
7,6,2,1, 0.011189919588
7,6,2,4, 0.006149982227
7,6,2,5, 0.002377361547
7,6,2,6, 0.006055367196
7,6,2,9,-0.003266023718
7,6,4,2, 0.006149982227
7,6,4,7, 0.004772734694
7,6,5,2, 0.002377361547
7,6,5,7, 0.101353944495
7,6,6,2, 0.006055367196
7,6,6,7, 0.072461555243
7,6,7,0, 0.004154736863
7,6,7,1, 0.025249655384
7,6,7,4, 0.004772734694
7,6,7,5, 0.101353944495
7,6,7,6, 0.072461555243
7,6,9,2,-0.003266023718
7,7,0,0, 0.310903409124
7,7,0,1, 0.212361719123
7,7,0,4, 0.058270188330
7,7,0,5, 0.046026704452
7,7,0,6, 0.100385764865
7,7,0,9,-0.061244793544
7,7,1,0, 0.212361719123
7,7,1,1, 0.299495316367
7,7,1,4, 0.054267534855
7,7,1,5, 0.171204946291
7,7,1,6, 0.235158287880
7,7,1,9,-0.094044524385
7,7,2,2, 0.303161427895
7,7,2,7, 0.015955173169
7,7,3,3, 0.300722240413
7,7,3,8, 0.015049599990
7,7,4,0, 0.058270188330
7,7,4,1, 0.054267534855
7,7,4,4, 0.328929211206
7,7,4,5, 0.061946955785
7,7,4,6, 0.083704463115
7,7,4,9,-0.098061744695
7,7,5,0, 0.046026704452
7,7,5,1, 0.171204946291
7,7,5,4, 0.061946955785
7,7,5,5, 0.775037038942
7,7,5,6, 0.462081934851
7,7,6,0, 0.100385764865
7,7,6,1, 0.235158287880
7,7,6,4, 0.083704463115
7,7,6,5, 0.462081934851
7,7,6,6, 0.491073083906
7,7,7,2, 0.015955173169
7,7,7,7, 0.785718708997
7,7,8,3, 0.015049599990
7,7,8,8, 0.689508254834
7,7,9,0,-0.061244793544
7,7,9,1,-0.094044524385
7,7,9,4,-0.098061744695
7,7,9,9, 0.689508254834
7,8,2,3, 0.001219593741
7,8,2,8, 0.000452786590
7,8,3,2, 0.001219593741
7,8,3,7, 0.000452786590
7,8,7,3, 0.000452786590
7,8,7,8, 0.048105227081
7,8,8,2, 0.000452786590
7,8,8,7, 0.048105227081
7,9,0,2,-0.006843143192
7,9,0,7,-0.002668901104
7,9,1,2,-0.006149982227
7,9,1,7,-0.005831519200
7,9,2,0,-0.006843143192
7,9,2,1,-0.006149982227
7,9,2,4,-0.004656055798
7,9,2,5,-0.001737986371
7,9,2,6,-0.003672604470
7,9,2,9, 0.002627271914
7,9,4,2,-0.004656055798
7,9,4,7,-0.003699487935
7,9,5,2,-0.001737986371
7,9,6,2,-0.003672604470
7,9,7,0,-0.002668901104
7,9,7,1,-0.005831519200
7,9,7,4,-0.003699487935
7,9,7,9, 0.048105227081
7,9,9,2, 0.002627271914
7,9,9,7, 0.048105227081
8,0,0,3, 0.002872621942
8,0,0,8, 0.000548306136
8,0,1,3, 0.002377361547
8,0,1,8, 0.001932145560
8,0,3,0, 0.002872621942
8,0,3,1, 0.002377361547
8,0,3,4, 0.001737986371
8,0,3,5, 0.000460085613
8,0,3,6, 0.001256526626
8,0,3,9,-0.000667366007
8,0,4,3, 0.001737986371
8,0,4,8, 0.000753753458
8,0,5,3, 0.000460085613
8,0,5,8, 0.005562320041
8,0,6,3, 0.001256526626
8,0,6,8, 0.004154736863
8,0,8,0, 0.000548306136
8,0,8,1, 0.001932145560
8,0,8,4, 0.000753753458
8,0,8,5, 0.005562320041
8,0,8,6, 0.004154736863
8,0,8,9,-0.002668901104
8,0,9,3,-0.000667366007
8,0,9,8,-0.002668901104
8,1,0,3, 0.006769151045
8,1,0,8, 0.001932145560
8,1,1,3, 0.006055367196
8,1,1,8, 0.009729534626
8,1,3,0, 0.006769151045
8,1,3,1, 0.006055367196
8,1,3,4, 0.003672604470
8,1,3,5, 0.001256526626
8,1,3,6, 0.003268986293
8,1,3,9,-0.001762314090
8,1,4,3, 0.003672604470
8,1,4,8, 0.002362744020
8,1,5,3, 0.001256526626
8,1,5,8, 0.034945713168
8,1,6,3, 0.003268986293
8,1,6,8, 0.025249655384
8,1,8,0, 0.001932145560
8,1,8,1, 0.009729534626
8,1,8,4, 0.002362744020
8,1,8,5, 0.034945713168
8,1,8,6, 0.025249655384
8,1,8,9,-0.005831519200
8,1,9,3,-0.001762314090
8,1,9,8,-0.005831519200
8,2,2,3, 0.000452786590
8,2,2,8, 0.000044463833
8,2,3,2, 0.000452786590
8,2,3,7, 0.000044463833
8,2,7,3, 0.000044463833
8,2,7,8, 0.000452786590
8,2,8,2, 0.000044463833
8,2,8,7, 0.000452786590
8,3,0,0, 0.016273864822
8,3,0,1, 0.010567052930
8,3,0,4, 0.003958013200
8,3,0,5, 0.001913110318
8,3,0,6, 0.004838763135
8,3,0,9,-0.002755262079
8,3,1,0, 0.010567052930
8,3,1,1, 0.012848587111
8,3,1,4, 0.003266023718
8,3,1,5, 0.004838763135
8,3,1,6, 0.008307410633
8,3,1,9,-0.004187648745
8,3,2,2, 0.015049599990
8,3,2,7, 0.000637314942
8,3,3,3, 0.015955173169
8,3,3,8, 0.000726242609
8,3,4,0, 0.003958013200
8,3,4,1, 0.003266023718
8,3,4,4, 0.017224085315
8,3,4,5, 0.002755262079
8,3,4,6, 0.004187648745
8,3,4,9,-0.004540105668
8,3,5,0, 0.001913110318
8,3,5,1, 0.004838763135
8,3,5,4, 0.002755262079
8,3,5,5, 0.016273864822
8,3,5,6, 0.010567052930
8,3,5,9,-0.003958013200
8,3,6,0, 0.004838763135
8,3,6,1, 0.008307410633
8,3,6,4, 0.004187648745
8,3,6,5, 0.010567052930
8,3,6,6, 0.012848587111
8,3,6,9,-0.003266023718
8,3,7,2, 0.000637314942
8,3,7,7, 0.015049599990
8,3,8,3, 0.000726242609
8,3,8,8, 0.015955173169
8,3,9,0,-0.002755262079
8,3,9,1,-0.004187648745
8,3,9,4,-0.004540105668
8,3,9,5,-0.003958013200
8,3,9,6,-0.003266023718
8,3,9,9, 0.017224085315
8,4,0,3, 0.003958013200
8,4,0,8, 0.000753753458
8,4,1,3, 0.003266023718
8,4,1,8, 0.002362744020
8,4,3,0, 0.003958013200
8,4,3,1, 0.003266023718
8,4,3,4, 0.002627271914
8,4,3,5, 0.000667366007
8,4,3,6, 0.001762314090
8,4,3,9,-0.000991020289
8,4,4,3, 0.002627271914
8,4,4,8, 0.001079947955
8,4,5,3, 0.000667366007
8,4,5,8, 0.006275778670
8,4,6,3, 0.001762314090
8,4,6,8, 0.004772734694
8,4,8,0, 0.000753753458
8,4,8,1, 0.002362744020
8,4,8,4, 0.001079947955
8,4,8,5, 0.006275778670
8,4,8,6, 0.004772734694
8,4,8,9,-0.003699487935
8,4,9,3,-0.000991020289
8,4,9,8,-0.003699487935
8,5,0,3, 0.013170756121
8,5,0,8, 0.005562320041
8,5,1,3, 0.012188901807
8,5,1,8, 0.034945713168
8,5,3,0, 0.013170756121
8,5,3,1, 0.012188901807
8,5,3,4, 0.006843143192
8,5,3,5, 0.002872621942
8,5,3,6, 0.006769151045
8,5,3,9,-0.003958013200
8,5,4,3, 0.006843143192
8,5,4,8, 0.006275778670
8,5,5,3, 0.002872621942
8,5,5,8, 0.152608082603
8,5,6,3, 0.006769151045
8,5,6,8, 0.101353944495
8,5,8,0, 0.005562320041
8,5,8,1, 0.034945713168
8,5,8,4, 0.006275778670
8,5,8,5, 0.152608082603
8,5,8,6, 0.101353944495
8,5,9,3,-0.003958013200
8,6,0,3, 0.012188901807
8,6,0,8, 0.004154736863
8,6,1,3, 0.011189919588
8,6,1,8, 0.025249655384
8,6,3,0, 0.012188901807
8,6,3,1, 0.011189919588
8,6,3,4, 0.006149982227
8,6,3,5, 0.002377361547
8,6,3,6, 0.006055367196
8,6,3,9,-0.003266023718
8,6,4,3, 0.006149982227
8,6,4,8, 0.004772734694
8,6,5,3, 0.002377361547
8,6,5,8, 0.101353944495
8,6,6,3, 0.006055367196
8,6,6,8, 0.072461555243
8,6,8,0, 0.004154736863
8,6,8,1, 0.025249655384
8,6,8,4, 0.004772734694
8,6,8,5, 0.101353944495
8,6,8,6, 0.072461555243
8,6,9,3,-0.003266023718
8,7,2,3, 0.001219593741
8,7,2,8, 0.000452786590
8,7,3,2, 0.001219593741
8,7,3,7, 0.000452786590
8,7,7,3, 0.000452786590
8,7,7,8, 0.048105227081
8,7,8,2, 0.000452786590
8,7,8,7, 0.048105227081
8,8,0,0, 0.310903409124
8,8,0,1, 0.212361719123
8,8,0,4, 0.058270188330
8,8,0,5, 0.046026704452
8,8,0,6, 0.100385764865
8,8,0,9,-0.061244793544
8,8,1,0, 0.212361719123
8,8,1,1, 0.299495316367
8,8,1,4, 0.054267534855
8,8,1,5, 0.171204946291
8,8,1,6, 0.235158287880
8,8,1,9,-0.094044524385
8,8,2,2, 0.300722240413
8,8,2,7, 0.015049599990
8,8,3,3, 0.303161427895
8,8,3,8, 0.015955173169
8,8,4,0, 0.058270188330
8,8,4,1, 0.054267534855
8,8,4,4, 0.328929211206
8,8,4,5, 0.061946955785
8,8,4,6, 0.083704463115
8,8,4,9,-0.098061744695
8,8,5,0, 0.046026704452
8,8,5,1, 0.171204946291
8,8,5,4, 0.061946955785
8,8,5,5, 0.775037038942
8,8,5,6, 0.462081934851
8,8,6,0, 0.100385764865
8,8,6,1, 0.235158287880
8,8,6,4, 0.083704463115
8,8,6,5, 0.462081934851
8,8,6,6, 0.491073083906
8,8,7,2, 0.015049599990
8,8,7,7, 0.689508254834
8,8,8,3, 0.015955173169
8,8,8,8, 0.785718708997
8,8,9,0,-0.061244793544
8,8,9,1,-0.094044524385
8,8,9,4,-0.098061744695
8,8,9,9, 0.689508254834
8,9,0,3,-0.006843143192
8,9,0,8,-0.002668901104
8,9,1,3,-0.006149982227
8,9,1,8,-0.005831519200
8,9,3,0,-0.006843143192
8,9,3,1,-0.006149982227
8,9,3,4,-0.004656055798
8,9,3,5,-0.001737986371
8,9,3,6,-0.003672604470
8,9,3,9, 0.002627271914
8,9,4,3,-0.004656055798
8,9,4,8,-0.003699487935
8,9,5,3,-0.001737986371
8,9,6,3,-0.003672604470
8,9,8,0,-0.002668901104
8,9,8,1,-0.005831519200
8,9,8,4,-0.003699487935
8,9,8,9, 0.048105227081
8,9,9,3, 0.002627271914
8,9,9,8, 0.048105227081
9,0,0,0,-0.067510800954
9,0,0,1,-0.042843078403
9,0,0,4,-0.018422551714
9,0,0,5,-0.008106685054
9,0,0,6,-0.019803851572
9,0,0,9, 0.011935708022
9,0,1,0,-0.042843078403
9,0,1,1,-0.050394221148
9,0,1,4,-0.014550812277
9,0,1,5,-0.019703795588
9,0,1,6,-0.032672727506
9,0,1,9, 0.017862668437
9,0,2,2,-0.061946955785
9,0,2,7,-0.002755262079
9,0,3,3,-0.061946955785
9,0,3,8,-0.002755262079
9,0,4,0,-0.018422551714
9,0,4,1,-0.014550812277
9,0,4,4,-0.072753592548
9,0,4,5,-0.011926608259
9,0,4,6,-0.017773159181
9,0,4,9, 0.019991465973
9,0,5,0,-0.008106685054
9,0,5,1,-0.019703795588
9,0,5,4,-0.011926608259
9,0,5,5,-0.066409353692
9,0,5,6,-0.042381171999
9,0,5,9, 0.018935472173
9,0,6,0,-0.019803851572
9,0,6,1,-0.032672727506
9,0,6,4,-0.017773159181
9,0,6,5,-0.042381171999
9,0,6,6,-0.050095690418
9,0,6,9, 0.014907347300
9,0,7,2,-0.002755262079
9,0,7,7,-0.061244793544
9,0,8,3,-0.002755262079
9,0,8,8,-0.061244793544
9,0,9,0, 0.011935708022
9,0,9,1, 0.017862668437
9,0,9,4, 0.019991465973
9,0,9,5, 0.018935472173
9,0,9,6, 0.014907347300
9,0,9,9,-0.072315205706
9,1,0,0,-0.089265364082
9,1,0,1,-0.058547731345
9,1,0,4,-0.023989053943
9,1,0,5,-0.012149315622
9,1,0,6,-0.027812803063
9,1,0,9, 0.017862668437
9,1,1,0,-0.058547731345
9,1,1,1,-0.072349963279
9,1,1,4,-0.020268579853
9,1,1,5,-0.030723331021
9,1,1,6,-0.048685351035
9,1,1,9, 0.029399729965
9,1,2,2,-0.083704463115
9,1,2,7,-0.004187648745
9,1,3,3,-0.083704463115
9,1,3,8,-0.004187648745
9,1,4,0,-0.023989053943
9,1,4,1,-0.020268579853
9,1,4,4,-0.097806536254
9,1,4,5,-0.017773159181
9,1,4,6,-0.025390455770
9,1,4,9, 0.029666201215
9,1,5,0,-0.012149315622
9,1,5,1,-0.030723331021
9,1,5,4,-0.017773159181
9,1,5,5,-0.101505592271
9,1,5,6,-0.063787953631
9,1,5,9, 0.042492634813
9,1,6,0,-0.027812803063
9,1,6,1,-0.048685351035
9,1,6,4,-0.025390455770
9,1,6,5,-0.063787953631
9,1,6,6,-0.073510569521
9,1,6,9, 0.031229825913
9,1,7,2,-0.004187648745
9,1,7,7,-0.094044524385
9,1,8,3,-0.004187648745
9,1,8,8,-0.094044524385
9,1,9,0, 0.017862668437
9,1,9,1, 0.029399729965
9,1,9,4, 0.029666201215
9,1,9,5, 0.042492634813
9,1,9,6, 0.031229825913
9,1,9,9,-0.106792412693
9,2,0,2,-0.006275778670
9,2,0,7,-0.000667366007
9,2,1,2,-0.004772734694
9,2,1,7,-0.001762314090
9,2,2,0,-0.006275778670
9,2,2,1,-0.004772734694
9,2,2,4,-0.003699487935
9,2,2,5,-0.000753753458
9,2,2,6,-0.002362744020
9,2,2,9, 0.001079947955
9,2,4,2,-0.003699487935
9,2,4,7,-0.000991020289
9,2,5,2,-0.000753753458
9,2,5,7,-0.003958013200
9,2,6,2,-0.002362744020
9,2,6,7,-0.003266023718
9,2,7,0,-0.000667366007
9,2,7,1,-0.001762314090
9,2,7,4,-0.000991020289
9,2,7,5,-0.003958013200
9,2,7,6,-0.003266023718
9,2,7,9, 0.002627271914
9,2,9,2, 0.001079947955
9,2,9,7, 0.002627271914
9,3,0,3,-0.006275778670
9,3,0,8,-0.000667366007
9,3,1,3,-0.004772734694
9,3,1,8,-0.001762314090
9,3,3,0,-0.006275778670
9,3,3,1,-0.004772734694
9,3,3,4,-0.003699487935
9,3,3,5,-0.000753753458
9,3,3,6,-0.002362744020
9,3,3,9, 0.001079947955
9,3,4,3,-0.003699487935
9,3,4,8,-0.000991020289
9,3,5,3,-0.000753753458
9,3,5,8,-0.003958013200
9,3,6,3,-0.002362744020
9,3,6,8,-0.003266023718
9,3,8,0,-0.000667366007
9,3,8,1,-0.001762314090
9,3,8,4,-0.000991020289
9,3,8,5,-0.003958013200
9,3,8,6,-0.003266023718
9,3,8,9, 0.002627271914
9,3,9,3, 0.001079947955
9,3,9,8, 0.002627271914
9,4,0,0,-0.106953453148
9,4,0,1,-0.068350596337
9,4,0,4,-0.031680987339
9,4,0,5,-0.013417700510
9,4,0,6,-0.032049631628
9,4,0,9, 0.019991465973
9,4,1,0,-0.068350596337
9,4,1,1,-0.080516760166
9,4,1,4,-0.025060097796
9,4,1,5,-0.032049631628
9,4,1,6,-0.052651988642
9,4,1,9, 0.029666201215
9,4,2,2,-0.098061744695
9,4,2,7,-0.004540105668
9,4,3,3,-0.098061744695
9,4,3,8,-0.004540105668
9,4,4,0,-0.031680987339
9,4,4,1,-0.025060097796
9,4,4,4,-0.118569869914
9,4,4,5,-0.019991465973
9,4,4,6,-0.029666201215
9,4,4,9, 0.033777673916
9,4,5,0,-0.013417700510
9,4,5,1,-0.032049631628
9,4,5,4,-0.019991465973
9,4,5,5,-0.106953453148
9,4,5,6,-0.068350596337
9,4,5,9, 0.031680987339
9,4,6,0,-0.032049631628
9,4,6,1,-0.052651988642
9,4,6,4,-0.029666201215
9,4,6,5,-0.068350596337
9,4,6,6,-0.080516760166
9,4,6,9, 0.025060097796
9,4,7,2,-0.004540105668
9,4,7,7,-0.098061744695
9,4,8,3,-0.004540105668
9,4,8,8,-0.098061744695
9,4,9,0, 0.019991465973
9,4,9,1, 0.029666201215
9,4,9,4, 0.033777673916
9,4,9,5, 0.031680987339
9,4,9,6, 0.025060097796
9,4,9,9,-0.118569869914
9,5,0,0,-0.064591366696
9,5,0,1,-0.042499487710
9,5,0,4,-0.025130837535
9,5,0,5,-0.011854472485
9,5,0,6,-0.022380521731
9,5,0,9, 0.018935472173
9,5,1,0,-0.042499487710
9,5,1,1,-0.047779029024
9,5,1,4,-0.021993265074
9,5,1,5,-0.018350000222
9,5,1,6,-0.028284945555
9,5,1,9, 0.042492634813
9,5,2,2,-0.058270188330
9,5,2,7,-0.003958013200
9,5,3,3,-0.058270188330
9,5,3,8,-0.003958013200
9,5,4,0,-0.025130837535
9,5,4,1,-0.021993265074
9,5,4,4,-0.076959717632
9,5,4,5,-0.018422551714
9,5,4,6,-0.023989053943
9,5,4,9, 0.031680987339
9,5,5,0,-0.011854472485
9,5,5,1,-0.018350000222
9,5,5,4,-0.018422551714
9,5,5,9, 0.152608082603
9,5,6,0,-0.022380521731
9,5,6,1,-0.028284945555
9,5,6,4,-0.023989053943
9,5,6,9, 0.101353944495
9,5,7,2,-0.003958013200
9,5,8,3,-0.003958013200
9,5,9,0, 0.018935472173
9,5,9,1, 0.042492634813
9,5,9,4, 0.031680987339
9,5,9,5, 0.152608082603
9,5,9,6, 0.101353944495
9,6,0,0,-0.059680309660
9,6,0,1,-0.038721878639
9,6,0,4,-0.021993265074
9,6,0,5,-0.009367205537
9,6,0,6,-0.019621948656
9,6,0,9, 0.014907347300
9,6,1,0,-0.038721878639
9,6,1,1,-0.042820512653
9,6,1,4,-0.018702374981
9,6,1,5,-0.013908891618
9,6,1,6,-0.024213658620
9,6,1,9, 0.031229825913
9,6,2,2,-0.054267534855
9,6,2,7,-0.003266023718
9,6,3,3,-0.054267534855
9,6,3,8,-0.003266023718
9,6,4,0,-0.021993265074
9,6,4,1,-0.018702374981
9,6,4,4,-0.069257378555
9,6,4,5,-0.014550812277
9,6,4,6,-0.020268579853
9,6,4,9, 0.025060097796
9,6,5,0,-0.009367205537
9,6,5,1,-0.013908891618
9,6,5,4,-0.014550812277
9,6,5,9, 0.101353944495
9,6,6,0,-0.019621948656
9,6,6,1,-0.024213658620
9,6,6,4,-0.020268579853
9,6,6,9, 0.072461555243
9,6,7,2,-0.003266023718
9,6,8,3,-0.003266023718
9,6,9,0, 0.014907347300
9,6,9,1, 0.031229825913
9,6,9,4, 0.025060097796
9,6,9,5, 0.101353944495
9,6,9,6, 0.072461555243
9,7,0,2,-0.006843143192
9,7,0,7,-0.002668901104
9,7,1,2,-0.006149982227
9,7,1,7,-0.005831519200
9,7,2,0,-0.006843143192
9,7,2,1,-0.006149982227
9,7,2,4,-0.004656055798
9,7,2,5,-0.001737986371
9,7,2,6,-0.003672604470
9,7,2,9, 0.002627271914
9,7,4,2,-0.004656055798
9,7,4,7,-0.003699487935
9,7,5,2,-0.001737986371
9,7,6,2,-0.003672604470
9,7,7,0,-0.002668901104
9,7,7,1,-0.005831519200
9,7,7,4,-0.003699487935
9,7,7,9, 0.048105227081
9,7,9,2, 0.002627271914
9,7,9,7, 0.048105227081
9,8,0,3,-0.006843143192
9,8,0,8,-0.002668901104
9,8,1,3,-0.006149982227
9,8,1,8,-0.005831519200
9,8,3,0,-0.006843143192
9,8,3,1,-0.006149982227
9,8,3,4,-0.004656055798
9,8,3,5,-0.001737986371
9,8,3,6,-0.003672604470
9,8,3,9, 0.002627271914
9,8,4,3,-0.004656055798
9,8,4,8,-0.003699487935
9,8,5,3,-0.001737986371
9,8,6,3,-0.003672604470
9,8,8,0,-0.002668901104
9,8,8,1,-0.005831519200
9,8,8,4,-0.003699487935
9,8,8,9, 0.048105227081
9,8,9,3, 0.002627271914
9,8,9,8, 0.048105227081
9,9,0,0, 0.344125296827
9,9,0,1, 0.232587378218
9,9,0,4, 0.076959717632
9,9,0,5, 0.051874083193
9,9,0,6, 0.111187069488
9,9,0,9,-0.072315205706
9,9,1,0, 0.232587378218
9,9,1,1, 0.315177255109
9,9,1,4, 0.069257378555
9,9,1,5, 0.174494745851
9,9,1,6, 0.240977926528
9,9,1,9,-0.106792412693
9,9,2,2, 0.328929211206
9,9,2,7, 0.017224085315
9,9,3,3, 0.328929211206
9,9,3,8, 0.017224085315
9,9,4,0, 0.076959717632
9,9,4,1, 0.069257378555
9,9,4,4, 0.374095865731
9,9,4,5, 0.072753592548
9,9,4,6, 0.097806536254
9,9,4,9,-0.118569869914
9,9,5,0, 0.051874083193
9,9,5,1, 0.174494745851
9,9,5,4, 0.072753592548
9,9,5,5, 0.775037038942
9,9,5,6, 0.462081934851
9,9,6,0, 0.111187069488
9,9,6,1, 0.240977926528
9,9,6,4, 0.097806536254
9,9,6,5, 0.462081934851
9,9,6,6, 0.491073083906
9,9,7,2, 0.017224085315
9,9,7,7, 0.689508254834
9,9,8,3, 0.017224085315
9,9,8,8, 0.689508254834
9,9,9,0,-0.072315205706
9,9,9,1,-0.106792412693
9,9,9,4,-0.118569869914
9,9,9,9, 0.785718708997
